0.3949	0.4226	0.1825	1.57	3.8	6	2
0.1385	0.7257	0.1358	4.5	3.5	1.8	2
0.0113	0.0256	0.9631	2.4	3.3	2.9	3
0.8274	0.1161	0.0565	2.2	3.3	3.25	1
0.3306	0.0351	0.6343	2.05	3.3	3.6	3
0.417	0.128	0.4549	1.57	3.8	6	1
0.9226	0.0674	0.01	1.62	3.6	6	1
0.295	0.025	0.68	2.35	3.3	3	3
0.07	0.2933	0.6367	2.75	3.3	2.5	3
0.1056	0.4795	0.4149	1.62	3.6	6	2
0.1331	0.5948	0.2721	3.4	3.25	2.15	2
0.7966	0.2025	0.0009	1.4	4.33	8.5	1
0.2843	0.417	0.2987	1.67	3.6	5.5	2
0.9933	0.0017	0.005	2.05	3.3	3.6	1
0.2153	0.1982	0.5865	1.91	3.4	4	3
0.5579	0.3669	0.0752	2	3.3	3.8	2
0.2342	0.0964	0.6694	2.88	3.3	2.4	2
0.0346	0.7592	0.2063	2.25	3.3	3.1	2
0.4359	0.0854	0.4787	2.1	3.3	3.5	3
0.0344	0.4189	0.5468	3.8	3.3	2	3
0.3937	0.1899	0.4165	3.5	3.3	2.1	3
0.6559	0.0276	0.3165	1.73	3.75	4.5	1
0.3683	0.3166	0.3151	4.33	3.5	1.83	1
0.9103	0.0032	0.0865	1.4	4.33	8.5	1
0.6037	0.3301	0.0662	1.67	3.6	5.25	2
0.7589	0.0622	0.1788	1.36	4.5	9	1
0.7722	0.0508	0.1771	1.8	3.5	4.5	1
0.1501	0.5421	0.3078	2.6	3.25	2.7	2
0.0109	0.5099	0.4792	5.5	3.8	1.62	3
0.7822	0.2125	0.0052	2.05	3.4	3.6	1
0.0569	0.5616	0.3815	2.3	3.3	3.1	2
0.3854	0.5752	0.0395	3	3.3	2.38	2
0.7915	0.0341	0.1744	1.29	5	11	1
0.6869	0.252	0.0612	1.91	3.4	4	1
0.7075	0.2256	0.0669	2	3.4	3.75	1
0.9346	0.0534	0.012	1.67	3.6	5.25	1
0.0732	0.4594	0.4674	1.73	3.5	5	3
0.7141	0.0348	0.251	2.3	3.3	3.1	1
0.5277	0.2876	0.1847	2.4	3.3	2.9	2
0.4215	0.1967	0.3818	2.4	3.3	2.9	3
0.657	0.3363	0.0067	1.44	4.2	7.5	1
0.9035	0.0132	0.0833	2.5	3.25	2.8	1
0.372	0.4493	0.1787	1.57	3.8	6	1
0.7388	0.0045	0.2567	2.4	3.3	2.9	1
0.0156	0.5424	0.442	4.75	3.75	1.73	1
0.0251	0.2771	0.6978	3.5	3.3	2.1	3
0.559	0.0073	0.4337	2.38	3.3	2.9	1
0.6101	0.0049	0.385	1.44	4.2	7.5	1
0.5449	0.1546	0.3004	7	3.8	1.5	1
0.3318	0.0283	0.64	1.57	3.75	6	3
0.9621	0.0131	0.0248	1.44	4.33	7	1
0.6963	0.0076	0.2961	1.95	3.3	4	2
0.0562	0.5439	0.3999	3.1	3.3	2.3	1
0.2393	0.3414	0.4192	2.25	3.25	3.2	3
0.587	0.165	0.2479	1.25	5.5	12	2
0.9063	0.067	0.0267	1.7	3.6	4.75	1
0.9	0.0821	0.0178	1.62	3.6	6	3
0.1211	0.1668	0.7121	2.25	3.3	3.2	3
0.6254	0.0614	0.3132	2.5	3.4	2.7	1
0.0645	0.1865	0.749	3.75	3.4	2	3
0.7083	0.2739	0.0178	1.85	3.5	4.33	2
0.2338	0.5241	0.2421	1.8	3.5	4.5	2
0.018	0.8025	0.1796	1.91	3.4	4	2
0.069	0.1229	0.8081	3.6	3.4	2	3
0.881	0.0488	0.0702	1.91	3.3	4.2	1
0.1046	0.4652	0.4301	2.35	3.4	2.88	3
0.0088	0.2239	0.7672	2.5	3.3	2.75	1
0.4204	0.0637	0.516	5.5	3.75	1.62	3
0.7797	0.0254	0.195	1.73	3.6	4.75	2
0.7734	0.2153	0.0114	1.5	4	6.75	1
0.8125	0.1192	0.0683	2.25	3.25	3.2	2
0.4973	0.0681	0.4346	2.1	3.3	3.5	1
0.8099	0.1158	0.0743	1.53	4	6.5	1
0.72	0.0488	0.2312	1.57	3.8	5.75	1
0.2067	0.3935	0.3998	2.3	3.25	3.1	3
0.4457	0.3929	0.1614	3.4	3.4	2.1	2
0.395	0.014	0.591	2.2	3.3	3.25	1
0.1952	0.6881	0.1166	1.3	5.25	10	2
0.084	0.5735	0.3425	2.05	3.3	3.6	2
0.9796	0.0119	0.0085	2.6	3.4	2.6	1
0.8274	0.139	0.0336	1.44	4.2	7.5	1
0.6179	0.1222	0.2599	1.91	3.4	4.2	2
0.6603	0.2982	0.0414	4	3.4	1.83	3
0.1576	0.1446	0.6977	2.1	3.3	3.5	3
0.8796	0.0649	0.0555	1.5	4	7	1
0.1421	0.2544	0.6035	3.2	3.4	2.2	3
0.1864	0.2329	0.5807	6.5	3.75	1.57	3
0.1238	0.0189	0.8573	2.62	3.3	2.6	3
0.6532	0.276	0.0707	2.1	3.3	3.5	1
0.7828	0.0839	0.1334	2	3.3	3.8	1
0.4865	0.2543	0.2592	1.8	3.4	4.2	1
0.7629	0.2034	0.0337	1.17	7	15	1
0.4242	0.2537	0.3221	4.5	3.5	1.8	3
0.8571	0.1027	0.0402	3.25	3.4	2.15	1
0.9716	0.0157	0.0127	1.5	4	6.5	1
0.2376	0.2329	0.5295	1.53	3.8	6.5	3
0.6096	0.0313	0.359	1.75	3.5	4.75	1
0.5822	0.2027	0.2151	1.55	3.8	6.25	2
0.0521	0.3131	0.6348	2.1	3.3	3.5	3
0.5846	0.3999	0.0155	2.3	3.3	3.1	1
0.572	0.1987	0.2293	2.1	3.3	3.5	3
0.6421	0.094	0.2639	4.33	3.6	1.8	2
0.917	0.0182	0.0648	1.8	3.5	4.5	1
0.0241	0.6157	0.3601	5	3.5	1.73	2
0.7777	0.088	0.1343	1.25	5.5	12	1
0.1289	0.7397	0.1314	3.1	3.3	2.3	2
0.8053	0.0074	0.1872	2.7	3.4	2.5	1
0.0122	0.3458	0.642	2.8	3.3	2.5	3
0.3598	0.6203	0.0199	1.91	3.3	4	2
0.7725	0.0889	0.1386	2.3	3.3	3.1	1
0.8423	0.0352	0.1225	1.65	3.75	5.5	1
0.3902	0.4717	0.1381	2.5	3.3	2.75	1
0.7459	0.0162	0.2379	2.05	3.4	3.5	1
0.4031	0.5794	0.0175	2.25	3.25	3.2	1
0.2319	0.715	0.0532	6.5	4	1.5	2
0.8055	0.1301	0.0644	1.36	4.5	9	2
0.8959	0.0795	0.0246	1.4	4.2	8.5	1
0.3152	0.3115	0.3732	3.1	3.3	2.3	3
0.8239	0.1504	0.0257	1.17	7	15	1
0.5645	0.1893	0.2461	5	3.6	1.7	1
0.185	0.2711	0.5439	2.62	3.3	2.62	3
0.6353	0.1965	0.1682	2.25	3.4	3.1	1
0.6017	0.3397	0.0586	3	3.5	2.25	3
0.3609	0.0992	0.5399	1.36	4.75	9	1
0.7534	0.2147	0.0319	2	3.4	3.75	1
0.9499	0.021	0.0292	2.38	3.4	2.88	1
0.9362	0.031	0.0328	1.75	3.5	4.75	1
0.6401	0.2926	0.0672	1.85	3.4	4.33	1
0.9499	0.0355	0.0146	1.4	4.33	8.5	1
0.6874	0.1336	0.179	2.75	3.3	2.5	3
0.3141	0.0831	0.6028	1.85	3.4	4.33	3
0.7544	0.0715	0.1741	1.4	4.5	8	1
0.314	0.4729	0.2131	3.3	3.25	2.2	2
0.377	0.482	0.141	2.2	3.3	3.25	2
0.9339	0.0107	0.0554	2.4	3.3	2.88	1
0.9832	0.0108	0.006	1.62	3.8	5.5	1
0.207	0.6689	0.1241	3.1	3.3	2.3	2
0.0512	0.2955	0.6533	3.3	3.25	2.2	3
0.7574	0.1396	0.103	2.1	3.3	3.5	1
0.4016	0.1133	0.4851	5	3.6	1.7	1
0.0431	0.0981	0.8588	4.75	3.5	1.75	3
0.6757	0.0489	0.2755	1.83	3.4	4.33	1
0.2563	0.1004	0.6432	3.1	3.3	2.3	3
0.7394	0.2472	0.0134	1.57	4	5.75	1
0.8462	0.1434	0.0104	1.44	4.2	7.5	1
0.2279	0.0625	0.7096	2.1	3.3	3.5	3
0.5271	0.0197	0.4532	1.44	4.2	7.5	1
0.5888	0.281	0.1302	1.8	3.5	4.5	2
0.8725	0.0255	0.102	1.5	4	6.5	1
0.4354	0.1684	0.3962	1.3	5	10	2
0.0918	0.4745	0.4337	3.8	3.3	2	2
0.8917	0.0266	0.0817	2.05	3.5	3.4	1
0.6549	0.2616	0.0835	2.1	3.4	3.1	2
0.4526	0.3886	0.1588	3.8	3.4	2	1
0.0198	0.7025	0.2777	2.6	3.25	2.75	2
0.0443	0.6272	0.3285	3.5	3.3	2.1	2
0.4024	0.2225	0.3752	3	3.25	2.37	1
0.7392	0.1721	0.0887	1.72	3.5	5	1
0.9546	0.0137	0.0316	1.44	4.5	7	1
0.9078	0.0094	0.0828	1.4	4.5	8	1
0.7547	0.0649	0.1804	2	3.3	3.8	1
0.1956	0.1595	0.645	1.36	4.75	9	3
0.1225	0.4107	0.4668	2.62	3.25	2.65	2
0.3334	0.3498	0.3167	2.15	3.3	3.3	2
0.6724	0.2196	0.108	4	3.4	1.9	1
0.6965	0.0048	0.2986	1.8	3.5	4.5	3
0.1	0.067	0.8331	3.4	3.4	2.1	2
0.8223	0.0294	0.1482	2	3.4	3.6	1
0.62	0.0668	0.3132	1.44	4	8	1
0.7376	0.2324	0.03	1.44	4	8	1
0.8324	0.0763	0.0913	2.5	3.3	2.75	1
0.2664	0.0373	0.6963	2.37	3.4	2.87	3
0.0229	0.5789	0.3981	3.5	3.3	2.1	1
0.7575	0.1291	0.1133	3	3.4	2.3	3
0.1448	0.2894	0.5658	1.83	3.4	4.33	2
0.3572	0.5228	0.12	2.75	3.4	2.5	2
0.0078	0.5995	0.3926	4	3.5	1.9	1
0.1388	0.6587	0.2025	1.44	4.5	7	2
0.6762	0.2185	0.1052	1.57	3.75	6.5	2
0.6115	0.0423	0.3462	1.44	4.2	7.5	1
0.0117	0.3878	0.6005	1.85	3.5	4.2	2
0.2162	0.013	0.7708	1.25	5.5	12	3
0.5096	0.0474	0.443	2.2	3.3	3.2	2
0.53	0.363	0.1071	4.33	3.5	1.83	1
0.2043	0.4495	0.3462	2.1	3.3	3.5	3
0.5713	0.2575	0.1712	2.25	3.25	3.2	1
0.1431	0.3711	0.4859	2.05	3.3	3.6	2
0.8894	0.0705	0.0401	1.95	3.4	3.8	1
0.1621	0.0642	0.7737	2	3.3	3.75	3
0.5568	0.3367	0.1065	2	3.4	3.75	2
0.6726	0.0616	0.2658	2	3.3	4	1
0.1068	0.7201	0.173	2.37	3.3	3	2
0.2222	0.1114	0.6664	3.8	3.4	2	3
0.5606	0.0163	0.4232	3.4	3.4	2.1	1
0.9725	0.0177	0.0099	1.57	3.75	6	1
0.3604	0.5018	0.1378	1.9	3.5	4	3
0.0637	0.0812	0.8551	3.4	3.4	2.1	3
0.1714	0.4638	0.3648	3.1	3.3	2.3	2
0.674	0.2148	0.1112	1.61	3.6	6	1
0.9405	0.0439	0.0155	1.33	5	9	1
0.1239	0.1552	0.7209	2.8	3.4	2.4	3
0.0113	0.7067	0.282	2.87	3.4	2.37	2
0.4918	0.1501	0.3581	3.3	3.3	2.2	1
0.828	0.1304	0.0416	1.9	3.4	4	1
0.9346	0.0008	0.0646	1.4	4.5	7.5	1
0.5213	0.3864	0.0923	2.15	3.3	3.4	2
0.8512	0.0893	0.0595	1.5	4.1	6.5	2
0.5743	0.253	0.1727	2.2	3.3	3.3	1
0.0103	0.2485	0.7412	6	3.8	1.57	3
0.1755	0.4233	0.4013	2.88	3.4	2.38	2
0.1328	0.2276	0.6396	2.1	3.25	3.5	3
0.52	0.3803	0.0997	2.5	3.25	2.8	2
0.4678	0.333	0.1992	2.38	3.4	2.88	1
0.3289	0.4409	0.2302	2.1	3.3	3.6	3
0.461	0.0136	0.5254	1.4	4.33	8.5	1
0.6277	0.0122	0.36	1.91	3.4	4	1
0.4782	0.168	0.3538	2	3.4	3.6	3
0.9139	0.057	0.0292	1.14	7.5	17	1
0.0166	0.3669	0.6165	3.4	3.4	2.1	3
0.6151	0.3199	0.065	2.3	3.4	3	3
0.7165	0.2355	0.048	2.75	3.3	2.5	1
0.1514	0.7688	0.0798	1.61	3.75	5.5	2
0.2854	0.04	0.6745	1.5	4	7	2
0.8319	0.108	0.06	2.2	3.4	3.2	1
0.0992	0.2068	0.694	2.15	3.25	3.1	3
0.1884	0.273	0.5386	3.5	3.3	2.1	3
0.285	0.0472	0.6678	2.87	3.3	2.4	3
0.6489	0.0957	0.2554	1.85	3.5	4.2	1
0.7806	0.1005	0.1188	1.8	3.4	4.5	1
0.0812	0.5104	0.4084	2	3.3	3.8	3
0.1503	0.14	0.7097	2.6	3.3	2.6	1
0.2108	0.0083	0.7809	3.4	3.4	2.1	3
0.5618	0.0567	0.3815	2.3	3.3	3.1	2
0.261	0.4734	0.2656	1.44	4.33	7	1
0.7949	0.1873	0.0178	1.33	5	9	1
0.7403	0.0309	0.2288	2.3	3.25	3.1	1
0.8256	0.0365	0.1378	1.73	3.5	5	1
0.4525	0.188	0.3595	2.5	3.3	2.75	1
0.0249	0.1952	0.7799	1.67	3.6	5.25	3
0.0549	0.0645	0.8806	4	3.4	1.91	3
0.9522	0.0136	0.0342	1.3	5	11	1
0.2577	0.4309	0.3114	2.38	3.4	2.9	2
0.9731	0.018	0.009	2.1	3.4	3.4	1
0.8787	0.0608	0.0605	1.33	4.75	10	1
0.0081	0.1667	0.8252	7	4	1.5	3
0.0604	0.078	0.8616	3.1	3.4	2.3	3
0.6625	0.1171	0.2204	2.1	3.3	3.5	1
0.0029	0.2823	0.7148	3.4	3.4	2.1	3
0.1744	0.2383	0.5873	2.88	3.4	2.4	2
0.85	0.0011	0.1489	1.95	3.4	3.8	1
0.6557	0.1162	0.2281	1.44	4.33	7	1
0.8519	0.0262	0.1219	2.88	3.4	2.4	1
0.0371	0.1989	0.764	2.37	3.4	2.87	3
0.1595	0.3812	0.4593	1.61	3.75	5.5	3
0.8627	0.1254	0.0119	2.2	3.3	3.1	1
0.7891	0.1979	0.013	1.9	3.4	4	1
0.0034	0.4245	0.5721	1.4	4.5	7	3
0.8436	0.0073	0.1491	1.36	4.75	9	1
0.802	0.064	0.134	1.5	4.2	7	1
0.5116	0.1004	0.388	5.75	3.8	1.6	1
0.1379	0.5361	0.326	1.9	3.4	4	2
0.4912	0.2217	0.2871	2	3.5	3.6	3
0.848	0.1386	0.0133	1.28	5.5	9.5	1
0.0135	0.4915	0.495	4.33	3.4	1.85	2
0.1049	0.1752	0.72	3.2	3.5	2.15	3
0.239	0.6125	0.1484	2.1	3.4	3.4	2
0.0772	0.0596	0.8631	1.75	3.6	4.5	3
0.8064	0.0534	0.1403	1.44	4.33	7	1
0.3733	0.0376	0.5891	3.3	3.3	2.15	1
0.2281	0.6927	0.0792	1.95	3.5	3.75	2
0.3171	0.3165	0.3665	1.57	4	5.75	2
0.0162	0.362	0.6218	6.5	4.5	1.44	3
0.9359	0.004	0.0601	1.44	4.2	7.5	1
0.4481	0.4244	0.1276	1.91	3.4	4	2
0.0713	0.5261	0.4026	1.55	3.75	6.5	1
0.4652	0.4453	0.0894	1.91	3.4	4	1
0.6852	0.1332	0.1816	2.2	3.4	3.2	1
0.7674	0.0816	0.151	3.25	3.3	2.2	1
0.7891	0.1281	0.0827	2.38	3.4	2.88	1
0.9478	0.0459	0.0063	1.33	5	9	1
0.1706	0.0963	0.7332	4.33	3.5	1.83	3
0.0144	0.4606	0.5251	2.05	3.4	3.5	3
0.422	0.3086	0.2694	1.95	3.6	3.6	1
0.0173	0.1603	0.8224	2.2	3.4	3.2	3
0.0466	0.3177	0.6357	2.3	3.3	3.1	3
0.5157	0.0931	0.3912	2.62	3.3	2.62	3
0.7187	0.1574	0.1239	1.44	4.2	7.5	1
0.0985	0.1407	0.7608	2.4	3.4	2.87	3
0.9094	0.0513	0.0393	1.8	3.5	4.5	1
0.4022	0.4437	0.154	1.44	4.33	7	1
0.2926	0.5899	0.1174	1.25	5.5	12	3
0.035	0.5554	0.4096	5.5	3.75	1.62	3
0.0545	0.6051	0.3404	1.73	3.75	4.5	2
0.1011	0.7394	0.1594	7	4	1.5	2
0.7404	0.242	0.0176	2	3.4	3.75	1
0.9432	0.0067	0.0501	1.25	5.5	12	1
0.3205	0.0162	0.6633	1.57	3.8	6	3
0.8041	0.1369	0.0591	1.67	4.2	4.5	1
0.0356	0.8089	0.1556	1.62	4.33	4.75	2
0.4707	0.4594	0.0698	2.38	4	2.6	1
0.0262	0.2382	0.7356	5	4.2	1.6	3
0.0388	0.4042	0.557	2.1	3.4	3.4	2
0.7396	0.0381	0.2223	4.5	4.2	1.67	1
0.0523	0.6473	0.3004	3.75	3.6	1.91	2
0.0988	0.2141	0.6871	1.83	3.75	4	3
0.8303	0.1538	0.0159	1.4	4.5	7	1
0.9582	0.0006	0.0413	1.95	3.5	3.75	1
0.936	0.0202	0.0438	1.62	3.75	5.5	1
0.684	0.1298	0.1862	1.8	3.5	4.5	1
0.0172	0.699	0.2838	4.2	3.4	1.91	2
0.0579	0.8426	0.0995	3.8	3.4	2	2
0.0325	0.181	0.7865	3.5	3.3	2.1	3
0.0566	0.2353	0.7081	1.4	4.5	8	3
0.1889	0.7671	0.044	2.2	3.3	3.25	2
0.1079	0.8588	0.0333	3.6	3.4	2	2
0.2004	0.2632	0.5364	1.62	3.75	5.5	2
0.0256	0.6634	0.311	2.05	3.4	3.6	2
0.0601	0.1348	0.8051	4.75	3.6	1.73	3
0.3821	0.2487	0.3692	2.05	3.4	3.6	1
0.7359	0.0169	0.2472	1.83	3.5	4.33	2
0.3059	0.416	0.2781	2	3.5	3.6	1
0.003	0.3714	0.6256	1.44	4.2	7.5	1
0.5982	0.2926	0.1092	2.3	3.3	3.1	1
0.8055	0.1092	0.0854	1.44	4.2	7.5	1
0.1128	0.6044	0.2828	2.5	3.25	2.8	2
0.5189	0.4496	0.0315	2.38	3.4	2.9	2
0.1407	0.6832	0.1761	2.2	3.4	3.2	2
0.0718	0.1701	0.7581	3.4	3.4	2.1	3
0.8064	0.0368	0.1568	7	4.33	1.44	1
0.1315	0.2957	0.5728	2	3.3	3.8	3
0.8747	0.0947	0.0306	2.4	3.3	2.9	1
0.8152	0.165	0.0198	1.4	4.5	7.5	1
0.5865	0.2145	0.1989	1.83	3.6	4.2	3
0.3715	0.5231	0.1054	2	3.4	3.75	1
0.305	0.1919	0.5032	1.83	3.75	4	1
0.0649	0.6392	0.2959	2.9	3.3	2.4	2
0.1052	0.1691	0.7257	2.7	3.25	2.6	3
0.8639	0.0293	0.1068	1.4	4.5	8	1
0.8882	0.0378	0.074	1.33	5	9	3
0.5286	0.0748	0.3966	1.44	4.33	7	2
0.8472	0.0146	0.1381	1.36	4.75	8.5	1
0.0603	0.2435	0.6962	3.4	3.4	2.1	3
0.1461	0.135	0.719	4.2	3.5	1.85	3
0.1445	0.0056	0.8499	2.2	3.3	3.25	3
0.9881	0.0082	0.0037	1.83	3.5	4.33	1
0.6091	0.1802	0.2107	1.57	3.8	6	1
0.5576	0.1613	0.2811	2.5	3.25	2.8	1
0.0525	0.0201	0.9274	2.1	3.4	3.4	1
0.2789	0.0414	0.6797	2	3.5	3.6	3
0.549	0.071	0.38	3.5	3.3	2.1	3
0.419	0.5645	0.0165	1.36	4.75	8.5	2
0.092	0.2659	0.6421	2.25	3.4	3.1	3
0.8913	0.0898	0.019	1.17	7	16	1
0.2058	0.4337	0.3605	2.1	3.4	3.4	3
0.018	0.639	0.343	2.88	3.3	2.4	2
0.0058	0.4294	0.5648	3	3.4	2.3	3
0.5316	0.3015	0.1669	1.44	4.33	7	3
0.1258	0.1891	0.6851	3.6	3.6	1.95	2
0.3366	0.0307	0.6327	1.91	3.5	4	3
0.6103	0.384	0.0058	2.3	3.5	2.9	2
0.4457	0.2517	0.3026	1.91	3.4	4	3
0.6163	0.0946	0.2891	2.5	3.25	2.8	3
0.3862	0.0779	0.5359	2.9	3.3	2.4	3
0.5698	0.1739	0.2562	3.6	3.5	2	3
0.5502	0.3217	0.1281	3.1	3.4	2.25	1
0.4465	0.4847	0.0689	1.36	4.75	8.5	1
0.7275	0.1336	0.1389	1.36	4.75	8.5	1
0.5416	0.4273	0.0311	2	3.4	3.75	1
0.9987	0.0003	0.001	1.5	4	7	1
0.827	0.1278	0.0451	1.5	4	7	1
0.3946	0.5448	0.0606	1.22	6.5	11	2
0.1518	0.4253	0.4229	4.2	3.6	1.83	2
0.3738	0.0077	0.6185	2.1	3.4	3.4	1
0.1733	0.5031	0.3236	1.4	4.5	8	1
0.0045	0.5195	0.476	4	3.6	1.85	1
0.563	0.2673	0.1697	2.9	3.3	2.38	3
0.0556	0.1467	0.7977	5	3.75	1.67	3
0.0904	0.1734	0.7361	2.5	3.4	2.7	3
0.2427	0.707	0.0503	2.2	3.4	3.2	1
0.8367	0.007	0.1563	2.15	3.4	3.25	1
0.4573	0.0202	0.5225	6	3.8	1.57	3
0.0976	0.6879	0.2145	2.15	3.4	3.25	2
0.7211	0.0014	0.2775	2.15	3.4	3.25	1
0.1282	0.0904	0.7814	2.5	3.3	2.75	3
0.4145	0.3456	0.2399	1.83	3.4	4	1
0.0274	0.6031	0.3695	1.57	3.8	6	1
0.7675	0.1373	0.0952	1.33	5	8.5	1
0.1427	0.693	0.1642	1.8	3.5	4.5	2
0.3655	0.5613	0.0731	1.25	5.5	12	1
0.7745	0.0912	0.1343	2.8	3.4	2.4	1
0.6889	0.2531	0.058	1.44	4.75	7.5	1
0.3252	0.5923	0.0825	2.1	3.4	3.4	1
0.0454	0.4218	0.5328	2.2	3.3	3.25	2
0.0858	0.2392	0.675	5	3.75	1.67	3
0.0358	0.7877	0.1764	4.75	3.6	1.73	2
0.202	0.6253	0.1726	2.2	3.3	3.25	2
0.2696	0.4339	0.2965	1.53	4	6	1
0.1099	0.0231	0.8671	2.1	3.4	3.4	3
0.1849	0.0759	0.7392	1.33	4.75	9.5	3
0.3153	0.1002	0.5845	5.5	3.75	1.62	2
0.6417	0.1012	0.2571	2.38	3.4	2.88	2
0.1046	0.4776	0.4178	4.5	3.5	1.8	2
0.453	0.1722	0.3748	1.44	4.33	7	2
0.5659	0.0315	0.4026	1.83	3.5	4.33	1
0.1612	0.1547	0.6841	3.6	3.5	2	3
0.3481	0.626	0.0259	1.4	4.5	8	1
0.3112	0.3086	0.3801	1.67	3.75	5	2
0.1138	0.1045	0.7817	2.25	3.4	3.1	3
0.306	0.066	0.628	2.3	3.5	2.9	3
0.9493	0.031	0.0197	2.1	3.4	3.4	1
0.3102	0.543	0.1468	2.75	3.3	2.5	2
0.0073	0.2102	0.7825	3.5	3.4	2.05	2
0.0084	0.3554	0.6362	2.05	3.4	3.5	3
0.574	0.4128	0.0132	1.62	3.8	5.5	2
0.2744	0.4914	0.2342	1.67	3.75	5	2
0.1806	0.4982	0.3212	2.1	3.4	3.4	3
0.0753	0.0289	0.8958	3.5	3.3	2.1	3
0.0539	0.1723	0.7738	4.5	3.5	1.8	3
0.7232	0.2722	0.0045	1.44	4.33	7	1
0.6104	0.2136	0.176	1.62	3.75	5.5	2
0.1924	0.0565	0.751	1.4	4.5	8	3
0.7009	0.0309	0.2682	1.83	3.5	4.33	2
0.2593	0.1697	0.571	1.36	4.75	8.5	3
0.3922	0.3469	0.2609	2.25	3.25	3.2	2
0.4388	0.0827	0.4785	2	3.4	3.8	3
0.1691	0.1982	0.6327	1.75	3.6	4.75	3
0.026	0.5746	0.3994	3	3.3	2.38	2
0.4733	0.0541	0.4726	3.4	3.4	2.1	1
0.3439	0.3761	0.28	2	3.4	3.7	3
0.8309	0.1467	0.0223	1.8	3.8	4	2
0.0563	0.3024	0.6414	4.75	3.6	1.73	3
0.9114	0.0724	0.0162	1.75	3.5	4.75	1
0.2761	0.5036	0.2204	1.25	5.5	12	1
0.7983	0.1689	0.0329	1.8	3.5	4.5	1
0.7994	0.1421	0.0584	2.2	3.25	3.3	1
0.4672	0.0865	0.4463	2.38	3.25	3	2
0.2869	0.1266	0.5866	4.75	3.6	1.73	2
0.389	0.5352	0.0759	1.55	4	6	2
0.0468	0.8824	0.0708	1.53	4	6	2
0.1528	0.5346	0.3127	5	4	1.62	2
0.5939	0.0074	0.3987	1.4	4.5	8	1
0.2257	0.515	0.2593	4.75	3.6	1.73	2
0.0291	0.6059	0.365	7	4.33	1.44	3
0.1062	0.8647	0.0291	2.1	3.3	3.5	2
0.6401	0.1675	0.1924	1.5	4	7	2
0.6982	0.1644	0.1375	2.1	3.3	3.5	1
0.0617	0.1953	0.743	3.5	3.3	2.1	3
0.154	0.2904	0.5556	1.8	3.5	4.5	3
0.7842	0.2058	0.0101	2.8	3.25	2.6	2
0.1596	0.036	0.8044	1.91	3.5	4	3
0.8289	0.0284	0.1427	1.44	4.2	7.5	1
0.9637	0.0009	0.0354	1.18	6.5	15	1
0.9121	0.0853	0.0026	1.5	4	7	1
0.0706	0.5076	0.4218	3.25	3.3	2.2	2
0.6286	0.1213	0.2501	1.8	3.5	4.5	3
0.7549	0.184	0.0611	1.4	4.5	8	1
0.8259	0.0039	0.1703	2.1	3.4	3.4	1
0.7704	0.0771	0.1525	2.1	3.3	3.5	1
0.885	0.0477	0.0673	2.4	3.3	2.9	1
0.6623	0.098	0.2397	1.4	4.5	8	1
0.7118	0.0542	0.234	3.75	3.5	1.95	1
0.3291	0.4702	0.2007	1.4	4.5	7.5	1
0.5938	0.1635	0.2427	2.2	3.25	3.3	3
0.5826	0.3901	0.0272	1.4	4.33	8.5	1
0.0654	0.5215	0.4132	1.85	3.5	4	3
0.8535	0.0846	0.0619	2.25	3.25	3.2	1
0.0088	0.1234	0.8679	3.2	3.25	2.25	3
0.8939	0.0578	0.0483	1.4	4.5	7.5	1
0.0191	0.274	0.7069	4	3.5	1.91	3
0.0547	0.6388	0.3065	4	3.4	1.91	2
0.6196	0.2737	0.1067	2.4	3.3	2.88	1
0.5535	0.0611	0.3854	1.91	3.4	4	2
0.8362	0.0717	0.0922	2	3.4	3.7	1
0.6428	0.1437	0.2135	2.15	3.3	3.3	2
0.0087	0.2713	0.72	3.1	3.3	2.3	3
0.0512	0.1654	0.7834	2.9	3.3	2.4	3
0.2631	0.122	0.6149	1.5	4	6.5	3
0.7004	0.2109	0.0887	1.83	3.5	4.33	2
0.8979	0.0182	0.0839	1.2	6.5	15	1
0.2386	0.048	0.7133	2	3.4	3.75	3
0.3707	0.1598	0.4696	2.1	3.3	3.5	3
0.1637	0.507	0.3293	1.91	3.4	4	2
0.374	0.4301	0.1959	3.75	3.6	1.91	1
0.5706	0.155	0.2744	1.67	3.6	5.5	1
0.7088	0.2612	0.03	1.25	5.75	11	1
0.8443	0.0843	0.0714	2.1	3.3	3.2	1
0.7472	0.2307	0.022	1.44	4.33	7	1
0.007	0.3699	0.623	5.5	3.75	1.62	2
0.7942	0.1169	0.0889	3.5	3.3	2.1	2
0.2996	0.2616	0.4388	4.75	3.5	1.75	2
0.5853	0.033	0.3817	1.57	3.8	6	1
0.0041	0.3389	0.657	3.5	3.4	2.1	3
0.021	0.1537	0.8252	4.5	3.75	1.73	3
0.1391	0.5635	0.2974	1.62	3.6	6	3
0.7191	0.2411	0.0399	2.15	3.4	3.3	1
0.5515	0.0268	0.4217	2	3.4	3.75	1
0.9341	0.0647	0.0012	1.33	4.75	9	1
0.4518	0.2086	0.3396	2.9	3.3	2.4	1
0.1756	0.1517	0.6727	4.33	3.6	1.8	3
0.2165	0.657	0.1265	2	3.4	3.75	2
0.6038	0.3409	0.0553	1.62	3.8	5.5	1
0.457	0.0033	0.5396	2.3	3.3	3.1	3
0.6299	0.1591	0.211	1.8	3.5	4.5	1
0.9629	0.013	0.0241	1.5	4	7	1
0.3331	0.1092	0.5577	1.85	3.5	4.2	2
0.9129	0.0228	0.0644	1.44	4	8	1
0.2366	0.2276	0.5358	3.2	3.25	2.25	3
0.4309	0.2994	0.2697	1.5	3.8	7.5	2
0.1388	0.8105	0.0507	2	3.4	3.75	2
0.0176	0.7958	0.1867	8.5	4.75	1.36	2
0.3801	0.3069	0.313	2.5	3.3	2.75	3
0.4429	0.2632	0.2939	2.25	3.25	3.2	2
0.3997	0.0192	0.5811	2.63	3.3	2.63	1
0.1574	0.6669	0.1757	2	3.3	3.8	1
0.0707	0.4789	0.4504	2.2	3.3	3.3	2
0.0492	0.1139	0.8369	2.5	3.25	2.8	3
0.463	0.5091	0.0279	1.36	4.75	8.5	2
0.1122	0.6767	0.211	4.33	3.5	1.83	3
0.0312	0.424	0.5448	1.8	3.4	4.75	2
0.9285	0.0137	0.0579	1.62	3.75	5.5	1
0.6206	0.3535	0.0259	1.44	4.2	7.5	1
0.0504	0.0645	0.8851	3.8	3.6	1.91	3
0.885	0.1089	0.0061	1.67	3.6	5.25	1
0.2041	0.1909	0.605	3.3	3.25	2.2	3
0.014	0.5536	0.4324	8	4	1.44	2
0.3843	0.0356	0.5801	2.25	3.25	3.2	3
0.7405	0.2121	0.0475	1.44	4.2	7.5	1
0.0907	0.6531	0.2563	2	3.5	3.5	2
0.7616	0.233	0.0054	1.45	4	7	1
0.3124	0.4682	0.2194	1.73	3.6	4.75	3
0.5688	0.3732	0.058	5.25	3.6	1.67	1
0.3537	0.187	0.4593	2.1	3.4	3.4	1
0.8218	0.0854	0.0928	1.17	7	17	1
0.0031	0.5734	0.4235	3.5	3.3	2.1	3
0.4693	0.0538	0.4769	2.4	3.3	2.9	1
0.0098	0.308	0.6822	2.1	3.3	3.5	3
0.9299	0.0627	0.0074	2.1	3.3	3.5	1
0.3991	0.0659	0.5349	2.8	3.4	2.4	3
0.3031	0.0155	0.6814	2.75	3.3	2.5	3
0.4448	0.1477	0.4075	2	3.4	3.75	1
0.4075	0.4266	0.1659	2.2	3.3	3.25	2
0.381	0.4324	0.1866	2.4	3.25	2.9	1
0.5595	0.0262	0.4143	8	4.5	1.4	1
0.1731	0.0515	0.7753	2.4	3.3	2.88	1
0.1679	0.5797	0.2524	2.55	3.3	2.75	2
0.5812	0.0657	0.3531	1.44	4.33	7	1
0.3604	0.0584	0.5812	1.33	5	9	1
0.0978	0.4454	0.4568	2.3	3.3	3.1	2
0.3499	0.4657	0.1844	1.5	4	6.5	3
0.0254	0.2374	0.7373	2.38	3.25	3	3
0.2511	0.4306	0.3183	1.62	3.75	5.5	3
0.0299	0.5671	0.403	2.3	3.25	3.1	3
0.0783	0.721	0.2007	3.25	3.3	2.2	2
0.5005	0.0086	0.4909	2.2	3.4	3.2	3
0.0633	0.3687	0.568	2.75	3.3	2.5	3
0.5084	0.1927	0.2989	1.4	4.5	8	1
0.3536	0.1013	0.5451	1.62	3.75	5.5	2
0.579	0.084	0.337	3.1	3.25	2.3	1
0.7811	0.2123	0.0067	2.4	3.4	2.8	1
0.7402	0.1025	0.1573	3.2	3.25	2.25	1
0.0937	0.2552	0.6512	2.38	3.25	3	3
0.2671	0.4164	0.3164	2.2	3.2	3.4	2
0.7652	0.1344	0.1005	2	3.4	3.75	1
0.1855	0.3994	0.4152	2.7	3.4	2.55	3
0.813	0.1255	0.0615	1.4	4.5	8	1
0.4039	0.2112	0.3849	1.44	4.33	7	2
0.1642	0.0653	0.7705	1.85	3.5	4.2	1
0.5745	0.2438	0.1817	2.38	3.25	3	1
0.7562	0.0393	0.2045	5	3.5	1.73	1
0.0652	0.6675	0.2673	2.9	3.3	2.4	3
0.5344	0.0373	0.4283	1.83	3.5	4.33	3
0.2536	0.1131	0.6332	3.2	3.4	2.2	2
0.1666	0.3039	0.5295	4	3.6	1.91	1
0.7593	0.1077	0.133	1.33	4.75	10	1
0.2296	0.0434	0.727	3.25	3.3	2.2	3
0.0667	0.0643	0.869	2.9	3.3	2.4	3
0.4482	0.2835	0.2683	2.1	3.3	3.5	1
0.6993	0.1186	0.1821	1.22	6	12	1
0.7728	0.0785	0.1487	2.38	3.25	3	1
0.2848	0.34	0.3752	1.44	4.2	7.5	3
0.6027	0.1231	0.2742	1.36	4.5	9	1
0.8946	0.0164	0.089	2.2	3.4	3.2	1
0.0705	0.1991	0.7305	2.7	3.4	2.5	3
0.5806	0.3586	0.0607	1.57	3.8	6	2
0.7401	0.0151	0.2448	2.3	3.4	3	2
0.0518	0.2301	0.7182	4	3.75	1.83	3
0.3446	0.0309	0.6245	3.75	3.6	1.91	3
0.7407	0.112	0.1473	1.29	5.25	10	1
0.1688	0.4796	0.3516	2.25	3.2	3.25	2
0.1594	0.538	0.3026	6	4.33	1.5	2
0.0794	0.2618	0.6588	3.25	3.3	2.2	3
0.8524	0.0561	0.0915	1.29	5	11	1
0.4511	0.4594	0.0895	3.1	3.4	2.25	1
0.7943	0.0523	0.1534	2.8	3.25	2.5	1
0.6132	0.1638	0.223	1.13	8	17	1
0.4133	0.4842	0.1025	1.6	3.8	5.5	2
0.1139	0.1009	0.7852	2.35	3.3	3	3
0.0249	0.458	0.5171	2.4	3.3	2.88	2
0.5244	0.0402	0.4355	2	3.6	3.6	1
0.078	0.3363	0.5858	1.83	3.6	4.2	1
0.5365	0.2056	0.2579	1.33	5	9	2
0.2501	0.2623	0.4876	2.15	3.4	3.2	3
0.4073	0.0991	0.4936	1.33	5	9	2
0.547	0.0223	0.4307	2.3	3.6	2.8	3
0.9437	0.0168	0.0395	3.75	3.6	1.91	1
0.0921	0.156	0.7519	4.2	3.75	1.8	3
0.2289	0.7261	0.045	2.9	3.5	2.3	2
0.1279	0.5291	0.343	2.88	3.4	2.38	2
0.1015	0.6351	0.2635	4.33	4	1.73	2
0.8365	0.1069	0.0566	1.53	4.33	5.5	1
0.951	0.0176	0.0314	1.62	4	5.25	2
0.5282	0.2791	0.1927	1.73	4	4.2	1
0.9096	0.0295	0.0609	1.57	4	5.5	1
0.3282	0.0455	0.6263	2.1	3.4	3.4	3
0.0423	0.0144	0.9433	2.2	3.3	3.25	3
0.4022	0.1409	0.4569	2.38	3.4	2.88	1
0.5857	0.0147	0.3997	2.6	3.25	2.7	1
0.7425	0.0328	0.2247	2.88	3.4	2.38	1
0.008	0.4845	0.5076	1.91	3.4	4	2
0.7992	0.0702	0.1306	2.38	3.4	2.88	3
0.4493	0.4249	0.1258	3.1	3.4	2.25	1
0.9063	0.0105	0.0832	7	4.33	1.44	1
0.2411	0.5562	0.2027	3.1	3.5	2.2	3
0.2276	0.0781	0.6942	1.91	3.4	4	3
0.1139	0.0048	0.8813	1.33	4.75	10	3
0.8834	0.0869	0.0297	3.2	3.4	2.2	3
0.8047	0.1032	0.092	1.4	4.75	7	1
0.1481	0.3028	0.5491	1.57	4	5.5	3
0.1169	0.1208	0.7623	1.36	4.75	8	3
0.0091	0.3662	0.6247	2.2	3.3	3.25	3
0.6958	0.0488	0.2554	2.4	3.3	2.88	1
0.3302	0.6097	0.0601	1.57	4	5.5	2
0.3215	0.3012	0.3773	2.1	3.5	3.25	1
0.7624	0.0648	0.1729	3.4	3.4	2.1	1
0.136	0.7709	0.0932	1.36	4.75	8.5	2
0.0312	0.6858	0.283	3.75	3.4	2	2
0.0548	0.1744	0.7708	2.1	3.4	3.4	3
0.7841	0.0778	0.1381	2.2	3.25	3.25	1
0.4692	0.1588	0.372	2.2	3.3	3.25	1
0.1555	0.1477	0.6968	1.8	3.5	4.5	3
0.5715	0.3272	0.1012	1.22	6	12	2
0.4945	0.294	0.2115	2.8	3.4	2.4	2
0.7059	0.109	0.1851	1.8	3.5	4.5	1
0.4627	0.0259	0.5114	1.44	4.33	7	3
0.8185	0.0273	0.1542	1.53	4	6	1
0.5042	0.417	0.0788	1.44	4.33	7	2
0.2935	0.0582	0.6483	2.25	3.3	3.2	3
0.0281	0.686	0.2859	3.6	3.5	2	2
0.6666	0.2466	0.0868	3.6	3.5	2	1
0.0966	0.3602	0.5432	3.6	3.5	2	3
0.9552	0.006	0.0388	1.91	3.4	4	1
0.9702	0.0183	0.0115	1.5	4	7	1
0.2247	0.3874	0.3879	3.1	3.3	2.25	3
0.2144	0.0453	0.7402	1.91	3.5	3.9	3
0.6696	0.1114	0.219	1.67	3.6	5.25	1
0.3766	0.0108	0.6126	2	3.3	3.8	3
0.7672	0.0134	0.2194	3.1	3.3	2.3	1
0.1213	0.3777	0.5009	3.25	3.3	2.2	2
0.3434	0.0527	0.6039	1.44	4.33	7	3
0.7188	0.1739	0.1073	2	3.4	3.75	1
0.0507	0.7383	0.211	1.53	3.8	6.5	2
0.0459	0.2866	0.6675	3.75	3.4	2	3
0.1402	0.0328	0.827	2.4	3.3	2.9	3
0.6142	0.092	0.2938	2.4	3.3	2.9	1
0.3857	0.1248	0.4895	2.25	3.25	3.2	3
0.5706	0.1051	0.3243	1.44	4.33	7	1
0.6177	0.0408	0.3415	2	3.4	3.6	3
0.8907	0.0819	0.0274	2.25	3.3	3.2	1
0.6466	0.1181	0.2353	1.5	4	6.75	1
0.4195	0.1569	0.4236	2.2	3.3	3.3	1
0.512	0.3853	0.1027	3.5	3.4	2.05	2
0.6988	0.0072	0.294	3	3.4	2.3	1
0.9379	0.0377	0.0245	2.55	3.3	2.7	1
0.0381	0.5125	0.4493	2.1	3.4	3.4	2
0.2055	0.2292	0.5653	1.91	3.5	3.9	3
0.4201	0.2357	0.3443	4.33	3.6	1.8	3
0.6781	0.2098	0.1121	1.4	4.5	7.5	1
0.0048	0.5839	0.4112	2.25	3.4	3.1	3
0.0588	0.6785	0.2627	2	3.4	3.75	2
0.0824	0.5471	0.3705	2.25	3.2	3.4	1
0.7696	0.0631	0.1674	1.53	4.33	5.5	1
0.105	0.2532	0.6418	2.3	3.4	3	3
0.7411	0.2441	0.0148	1.65	3.75	5.25	1
0.303	0.0477	0.6493	2.38	3.25	3	3
0.2448	0.5106	0.2446	2.63	3.3	2.63	2
0.4917	0.0073	0.5009	2.8	3.25	2.5	2
0.5084	0.3227	0.169	2.25	3.25	3.2	1
0.8871	0.0765	0.0364	2.1	3.25	3.5	1
0.1224	0.0784	0.7992	3.3	3.5	2.1	3
0.6751	0.2061	0.1188	2.9	3.3	2.38	1
0.1365	0.6162	0.2472	1.75	3.6	4.6	2
0.6427	0.1173	0.24	1.8	3.75	4.2	3
0.8862	0.0536	0.0601	1.67	3.75	5	1
0.4168	0.2816	0.3015	1.29	5	11	1
0.3542	0.4486	0.1972	3.7	3.4	2	1
0.8665	0.0696	0.0639	2.1	3.4	3.4	1
0.3622	0.5236	0.1141	2.5	3.3	2.75	3
0.189	0.1746	0.6364	2.5	3.25	2.8	3
0.2456	0.0424	0.712	1.5	4.33	6	3
0.9142	0.0387	0.047	2.1	3.4	3.4	1
0.7234	0.2703	0.0063	1.62	3.7	5.5	1
0.154	0.6234	0.2225	2.75	3.3	2.5	3
0.8731	0.0305	0.0964	1.7	3.6	5	1
0.8917	0.072	0.0362	2.38	3.4	2.88	1
0.632	0.2323	0.1356	2.9	3.3	2.4	1
0.1084	0.1547	0.7369	2.25	3.25	3.2	1
0.3657	0.6077	0.0266	5.5	4	1.57	2
0.7144	0.0252	0.2605	2	3.4	3.75	1
0.0494	0.2889	0.6617	4.33	3.6	1.8	3
0.8846	0.0576	0.0579	1.44	4.5	6.5	1
0.4572	0.1169	0.4259	2.5	3.3	2.75	1
0.9209	0.0022	0.0769	1.73	3.75	4.5	1
0.3416	0.5684	0.09	2.1	3.5	3.3	3
0.1177	0.7525	0.1297	3	3.4	2.3	2
0.3535	0.2332	0.4133	1.73	3.5	5	3
0.3747	0.0087	0.6165	3.4	3.4	2.1	3
0.4097	0.0172	0.5731	1.91	3.6	3.75	2
0.1395	0.5682	0.2923	2.25	3.5	3	2
0.6981	0.0223	0.2796	1.33	5	8.5	1
0.8512	0.1246	0.0242	1.62	3.75	5.5	3
0.0852	0.4378	0.4769	2.25	3.4	3.1	3
0.262	0.0736	0.6643	5.5	3.75	1.62	3
0.7374	0.1226	0.14	2.88	3.4	2.38	1
0.6472	0.2613	0.0915	3	3.4	2.3	2
0.2736	0.0207	0.7056	2.4	3.4	2.8	3
0.5637	0.0104	0.4259	1.95	3.5	3.75	3
0.6777	0.3132	0.0091	2.2	3.4	3.2	1
0.5837	0.3626	0.0537	3.2	3.4	2.2	2
0.2614	0.1386	0.6	1.53	4	6	3
0.6969	0.0593	0.2438	1.85	3.4	4.33	1
0.8181	0.0898	0.0921	1.36	4.75	8	1
0.9871	0.0027	0.0102	1.29	5.5	9.5	1
0.9426	0.0264	0.031	2.1	3.3	3.5	1
0.662	0.2121	0.1259	2.25	3.2	3.25	1
0.1932	0.3974	0.4094	2.55	3.3	2.7	2
0.4253	0.3601	0.2146	3.25	3.3	2.2	1
0.1373	0.6777	0.185	2.8	3.3	2.45	2
0.6561	0.1709	0.173	1.75	3.75	4.5	1
0.4457	0.0625	0.4919	2.4	3.4	2.8	1
0.3152	0.5622	0.1226	2.2	3.2	3.4	1
0.5758	0.3104	0.1138	3	3.4	2.3	1
0.1367	0.1741	0.6891	2.25	3.4	3.1	3
0.6971	0.0375	0.2654	3.4	3.4	2.1	1
0.3107	0.4673	0.222	2.2	3.5	3.1	2
0.0566	0.8131	0.1303	2	3.6	3.5	2
0.7779	0.0848	0.1374	1.4	4.5	8	1
0.1294	0.1507	0.7198	4.5	3.75	1.73	3
0.8042	0.0996	0.0962	2.4	3.4	2.8	1
0.9375	0.0402	0.0223	1.2	6.5	13	1
0.9625	0.0287	0.0088	1.57	4.2	5.25	1
0.7688	0.0319	0.1994	2.38	3.4	2.88	1
0.1517	0.066	0.7823	2.5	3.3	2.75	3
0.1489	0.7129	0.1382	1.62	3.8	5.5	2
0.0663	0.6484	0.2854	2.5	3.3	2.75	2
0.6711	0.0095	0.3194	1.91	3.6	3.8	1
0.532	0.1244	0.3436	2.5	3.3	2.75	3
0.0383	0.0856	0.8761	3.25	3.5	2.1	3
0.5192	0.0615	0.4193	4.5	3.75	1.75	1
0.6693	0.0702	0.2605	2.1	3.4	3.4	1
0.8938	0.0664	0.0398	1.44	4.2	7.5	1
0.0219	0.3061	0.672	2.6	3.2	2.75	3
0.4812	0.2075	0.3113	1.62	4	5	3
0.0216	0.7728	0.2056	2.1	3.5	3.3	2
0.1953	0.6848	0.1199	1.44	4.33	7	2
0.1071	0.0875	0.8054	4	3.6	1.85	3
0.8029	0.0796	0.1176	2.38	3.4	2.88	3
0.2171	0.347	0.4359	2	3.5	3.6	3
0.3383	0.119	0.5427	2.1	3.4	3.4	3
0.0307	0.4203	0.5491	2.3	3.3	3.1	2
0.5638	0.0645	0.3716	1.95	3.4	3.8	1
0.4435	0.2749	0.2816	2	3.5	3.6	1
0.0213	0.6183	0.3604	5	3.6	1.7	2
0.4046	0.3291	0.2663	2	3.4	3.75	3
0.1922	0.4303	0.3775	1.91	3.5	4.2	2
0.5642	0.1745	0.2613	1.53	4	6	1
0.9823	0.0098	0.0079	1.22	6	12	1
0.5672	0.2302	0.2026	1.5	4.33	6.5	2
0.1127	0.3377	0.5497	2.9	3.3	2.38	1
0.5494	0.3619	0.0888	2.38	3.2	3	2
0.3898	0.0936	0.5166	2.9	3.3	2.38	3
0.1714	0.5792	0.2494	2.3	3.25	3.1	3
0.4949	0.2349	0.2702	1.6	3.75	5.75	2
0.17	0.1151	0.7149	4.2	3.75	1.8	3
0.2234	0.1776	0.599	1.53	4	6	1
0.2237	0.4586	0.3178	2.2	3.3	3.25	3
0.8228	0.1327	0.0446	3.3	3.5	2.1	1
0.5807	0.0972	0.3221	1.73	3.5	5	3
0.7728	0.1698	0.0574	2.3	3.3	3.1	1
0.1065	0.39	0.5035	4.75	4	1.67	3
0.1925	0.082	0.7256	4	3.75	1.83	3
0.4062	0.0808	0.513	2	3.5	3.6	3
0.2166	0.4792	0.3042	1.53	3.8	6.5	3
0.3691	0.3243	0.3066	1.62	3.8	5.5	2
0.7737	0.1475	0.0788	7	4.33	1.44	1
0.8438	0.1134	0.0429	2.5	3.3	2.75	1
0.6563	0.1319	0.2118	1.8	3.6	4.33	1
0.2862	0.6608	0.0531	2.4	3.4	2.8	2
0.023	0.2978	0.6793	2.88	3.3	2.4	3
0.8599	0.0308	0.1092	3.4	3.4	2.1	1
0.0498	0.7913	0.1589	2.1	3.4	3.4	2
0.7554	0.2411	0.0035	1.33	5	9	1
0.3014	0.0288	0.6698	3.75	3.4	2	3
0.074	0.6408	0.2852	5.5	3.8	1.62	2
0.7946	0.1605	0.0448	1.67	3.75	5	1
0.3777	0.1674	0.4549	2	3.5	3.6	1
0.0887	0.0936	0.8177	1.73	3.6	4.75	3
0.1078	0.2252	0.667	2.5	3.3	2.75	3
0.7771	0.0522	0.1707	2.4	3.3	2.9	1
0.2357	0.0968	0.6675	1.73	3.75	4.5	2
0.0662	0.3209	0.6129	1.62	3.75	5.5	3
0.871	0.0773	0.0517	1.91	3.6	3.8	1
0.8365	0.1115	0.0519	1.25	5.5	12	1
0.8287	0.1367	0.0347	2.5	3.3	2.75	1
0.8243	0.1545	0.0212	1.91	3.6	3.75	1
0.4883	0.2505	0.2612	2	3.5	3.6	1
0.039	0.2529	0.7081	1.75	3.7	4.5	2
0.0906	0.0916	0.8177	5	4	1.62	3
0.7994	0.0506	0.1501	1.62	4	5	1
0.8186	0.1155	0.0658	3.4	3.4	2.1	1
0.6335	0.0158	0.3507	1.8	3.75	4.2	1
0.0331	0.1184	0.8485	1.73	3.6	4.75	3
0.8229	0.0255	0.1516	2.25	3.25	3.2	1
0.2381	0.0466	0.7152	2	3.4	3.75	3
0.6353	0.2718	0.0929	3.1	3.4	2.25	2
0.0515	0.4001	0.5484	1.83	3.5	4.33	2
0.5415	0.3228	0.1357	2.3	3.5	2.88	3
0.0545	0.24	0.7055	2.5	3.3	2.75	3
0.1964	0.685	0.1187	3.1	3.4	2.25	2
0.9354	0.043	0.0216	1.33	5	9	1
0.623	0.3012	0.0758	2.3	3.4	3	2
0.3971	0.4676	0.1353	5	3.75	1.67	1
0.9392	0.0202	0.0407	1.57	4	5.5	1
0.2111	0.5379	0.251	2.6	3.4	2.6	1
0.7	0.042	0.2579	1.83	3.5	4.33	1
0.7148	0.1894	0.0958	2.1	3.4	3.4	1
0.3966	0.3107	0.2927	2.38	3.4	2.88	3
0.8688	0.1042	0.027	1.91	3.4	4	3
0.4848	0.037	0.4783	2.4	3.3	2.9	1
0.6245	0.338	0.0375	1.53	4	6	1
0.3815	0.0458	0.5727	4.75	3.6	1.73	1
0.7733	0.1107	0.1159	2.15	3.3	3.4	1
0.7215	0.268	0.0105	1.67	3.5	5.5	1
0.0428	0.6108	0.3464	1.67	3.75	5	2
0.0584	0.1023	0.8392	2.2	3.4	3.2	3
0.3321	0.1552	0.5127	3.25	3.3	2.2	3
0.5068	0.1408	0.3523	3.2	3.4	2.2	3
0.5375	0.3476	0.1148	2.25	3.4	3.1	3
0.6121	0.3647	0.0233	1.4	4.33	8.5	2
0.0862	0.2884	0.6254	2	3.4	3.7	1
0.0197	0.2694	0.711	6.5	4.1	1.5	3
0.7672	0.1953	0.0375	1.7	3.6	4.75	1
0.3812	0.526	0.0927	2.25	3.4	3.1	1
0.0875	0.1908	0.7217	2.2	3.4	3.2	3
0.9484	0.0154	0.0362	1.75	3.6	4.5	1
0.0389	0.6588	0.3023	1.95	3.5	3.75	2
0.451	0.0957	0.4533	3.4	3.25	2.15	3
0.8679	0.1206	0.0116	1.17	7	15	1
0.5522	0.3681	0.0797	1.4	4.5	8	1
0.1768	0.2956	0.5276	2.5	3.3	2.75	2
0.0012	0.3532	0.6456	3.6	3.5	2	3
0.265	0.4678	0.2672	1.85	3.6	4	2
0.1261	0.5112	0.3627	2.2	3.4	3.2	2
0.5901	0.1735	0.2365	2.38	3.3	2.9	1
0.7716	0.106	0.1224	1.8	3.5	4.5	2
0.1417	0.768	0.0903	2.8	3.4	2.4	2
0.88	0.0955	0.0245	2.6	3.25	2.7	1
0.2336	0.3342	0.4323	3.1	3.5	2.2	2
0.2	0.4481	0.3519	2.2	3.3	3.25	1
0.2872	0.4014	0.3114	5.25	4	1.6	2
0.7442	0.1268	0.129	2.2	3.4	3.2	1
0.1934	0.4868	0.3198	1.73	3.75	4.5	3
0.9659	0.0014	0.0326	1.2	6	15	1
0.6309	0.0322	0.337	2.25	3.4	3.1	1
0.2781	0.1219	0.6	1.91	3.6	3.75	1
0.2264	0.5941	0.1795	2.5	3.4	2.7	3
0.0132	0.6148	0.372	1.91	3.6	3.75	2
0.6014	0.3898	0.0087	2	3.5	3.6	1
0.3301	0.2291	0.4408	2.25	3.4	3.1	3
0.6667	0.3209	0.0124	2.1	3.4	3.4	2
0.7738	0.1896	0.0366	1.5	4.2	6.5	2
0.7428	0.2429	0.0142	1.83	3.75	4	1
0.635	0.1597	0.2053	1.29	5.5	9.5	1
0.0958	0.5418	0.3624	2.5	3.3	2.8	3
0.1208	0.5053	0.3739	5.5	4.33	1.53	2
0.8603	0.0891	0.0506	1.53	4	6	1
0.7609	0.0388	0.2002	5.25	4.2	1.57	1
0.2253	0.1444	0.6302	2	3.4	3.75	3
0.2356	0.1147	0.6497	3.25	3.5	2.1	3
0.114	0.5409	0.3451	2.1	3.4	3.4	1
0.58	0.2724	0.1477	2.1	3.4	3.4	2
0.4603	0.1696	0.37	1.67	4	4.75	1
0.8558	0.0408	0.1034	1.8	3.6	4.33	1
0.2827	0.156	0.5613	2.1	3.6	3.2	3
0.6747	0.2781	0.0472	1.29	5.5	9.5	1
0.8929	0.0085	0.0986	1.4	4.5	7.5	1
0.8842	0.0559	0.0599	3.8	3.6	1.91	1
0.0277	0.6803	0.292	1.62	4	5	3
0.5265	0.0233	0.4502	1.8	3.6	4.33	3
0.0142	0.3812	0.6046	2.8	3.4	2.38	3
0.7391	0.201	0.0599	2	3.4	3.75	1
0.2635	0.2789	0.4576	2	3.4	3.75	3
0.278	0.632	0.0901	1.44	4.33	7	2
0.7917	0.1959	0.0123	1.57	4	5.5	1
0.0246	0.3367	0.6387	1.8	3.6	4.33	3
0.2892	0.0712	0.6397	2.38	3.25	3	3
0.0839	0.0494	0.8667	11	6.5	1.22	3
0.9459	0.0087	0.0454	2.1	3.4	3.4	1
0.0623	0.4045	0.5332	2	3.6	3.5	1
0.3455	0.5698	0.0848	1.44	4.33	7	3
0.9165	0.0607	0.0229	1.29	5.5	10	1
0.9771	0.0147	0.0082	1.57	4.33	5	1
0.6208	0.2861	0.0931	2.25	3.4	3.1	1
0.3144	0.0755	0.6101	4.33	3.6	1.8	3
0.4482	0.536	0.0158	2.88	3.5	2.3	2
0.7947	0.1565	0.0488	2.05	3.5	3.4	1
0.7963	0.1125	0.0912	3.5	3.6	2	3
0.4042	0.0484	0.5474	2.3	3.5	2.88	1
0.9056	0.0252	0.0691	1.36	5	7.5	1
0.9503	0.0126	0.0371	1.57	3.8	6	1
0.0282	0.946	0.0258	2.25	3.4	3.1	2
0.2091	0.1866	0.6043	2.5	3.4	2.7	3
0.8762	0.0138	0.1101	2.1	3.4	3.4	1
0.5523	0.0405	0.4071	2.1	3.4	3.4	3
0.7957	0.0268	0.1775	2.2	3.4	3.2	1
0.5775	0.0023	0.4202	1.8	3.6	4.33	1
0.6091	0.0155	0.3753	1.2	6.5	13	3
0.8873	0.0055	0.1073	3.8	3.5	1.95	1
0.3144	0.0194	0.6662	2.3	3.4	3	3
0.7114	0.1075	0.1812	1.95	3.6	3.6	2
0.4741	0.3008	0.2251	4.5	3.75	1.73	1
0.1169	0.7956	0.0876	2.5	3.4	2.7	2
0.0314	0.2533	0.7153	2.3	3.4	3	3
0.7361	0.0378	0.2261	1.62	3.8	5.5	1
0.1212	0.1961	0.6827	4	3.75	1.83	3
0.004	0.5977	0.3983	1.83	3.5	4.2	2
0.5053	0.1536	0.3411	1.83	3.6	4.2	1
0.837	0.0494	0.1136	2.7	3.3	2.6	1
0.6321	0.071	0.2969	2.8	3.3	2.5	3
0.9562	0.018	0.0257	1.33	5	9	1
0.828	0.1562	0.0158	1.29	5	11	1
0.0365	0.2711	0.6924	2.3	3.3	3.1	2
0.6199	0.3302	0.0499	2.3	3.4	3	3
0.6256	0.2403	0.1341	1.55	4	6	1
0.3526	0.5558	0.0916	2.2	3.3	3.3	2
0.801	0.1225	0.0764	2.5	3.3	2.75	3
0.3374	0.0259	0.6368	2.5	3.4	2.7	1
0.6672	0.122	0.2108	2.8	3.25	2.5	1
0.3685	0.3717	0.2598	1.85	3.6	4	3
0.0666	0.4709	0.4625	2.3	3.4	3	3
0.058	0.0776	0.8643	6.5	4.2	1.5	3
0.1668	0.7297	0.1035	2.6	3.4	2.6	2
0.4416	0.3941	0.1644	1.73	3.6	4.75	1
0.4227	0.4253	0.152	2.3	3.4	3	2
0.9471	0.0407	0.0122	1.8	3.6	4.33	1
0.2283	0.0528	0.7189	5	3.75	1.67	3
0.969	0.0047	0.0263	1.17	7	15	1
0.197	0.1348	0.6682	1.4	4.5	8	3
0.264	0.336	0.4	2.2	3.3	3.25	3
0.9577	0.0244	0.0179	1.91	3.6	3.75	1
0.6145	0.0072	0.3782	1.85	3.6	4	1
0.8615	0.0623	0.0762	1.6	4.2	5	1
0.0174	0.3515	0.631	2.6	3.25	2.7	3
0.7066	0.0409	0.2524	2.5	3.3	2.75	1
0.1741	0.232	0.5939	3.3	3.5	2.1	3
0.2097	0.3652	0.4251	2.4	3.5	2.8	3
0.3072	0.6555	0.0372	1.57	3.8	6	2
0.8121	0.0964	0.0915	1.95	3.6	3.6	1
0.8065	0.1812	0.0124	2.5	3.4	2.7	1
0.3177	0.1289	0.5534	1.4	4.6	7.5	3
0.1665	0.5309	0.3026	2.63	3.5	2.5	2
0.5541	0.4063	0.0396	4.2	3.5	1.85	1
0.0108	0.2249	0.7643	5	3.8	1.67	3
0.2303	0.434	0.3357	1.57	4	5.5	3
0.0827	0.8329	0.0844	2.88	3.4	2.38	2
0.8649	0.0623	0.0728	1.33	5	9	1
0.4811	0.0703	0.4486	3.75	3.6	1.91	3
0.4604	0.2201	0.3194	2.1	3.4	3.4	1
0.3674	0.1086	0.524	1.36	4.75	8.5	1
0.737	0.1395	0.1234	1.83	3.75	4	1
0.298	0.668	0.0339	3	3.4	2.3	1
0.5566	0.3232	0.1202	1.83	3.5	4.33	1
0.1639	0.3411	0.495	2.88	3.4	2.38	3
0.8363	0.1148	0.049	1.25	5.5	12	1
0.7177	0.279	0.0033	3.1	3.3	2.3	1
0.849	0.0833	0.0678	1.91	3.5	4	1
0.0306	0.5971	0.3723	6.5	4.5	1.44	2
0.6783	0.2935	0.0282	1.67	3.75	5	1
0.4092	0.3956	0.1952	2.1	3.25	3.5	2
0.1593	0.232	0.6088	2.75	3.3	2.5	3
0.4017	0.1964	0.4018	2.75	3.3	2.5	1
0.2124	0.0423	0.7453	2.8	3.5	2.4	3
0.883	0.0429	0.0741	1.2	6.5	13	1
0.1548	0.655	0.1902	1.67	3.75	5	3
0.2538	0.5383	0.2079	2.6	3.4	2.6	2
0.3707	0.148	0.4813	1.44	4.2	7.5	3
0.7321	0.092	0.1759	2	3.5	3.6	1
0.9284	0.0369	0.0347	2.1	3.4	3.4	1
0.6812	0.052	0.2668	2.4	3.4	2.8	1
0.4281	0.1638	0.4081	2.5	3.4	2.7	3
0.0106	0.3108	0.6786	3.8	3.6	1.91	2
0.964	0.0099	0.0262	1.29	5.5	9.5	1
0.1668	0.8178	0.0155	2.15	3.4	3.3	2
0.4758	0.5166	0.0076	1.95	3.5	3.75	2
0.0161	0.2927	0.6912	2	3.5	3.6	1
0.4208	0.0165	0.5627	2	3.5	3.6	1
0.4791	0.2934	0.2275	2.5	3.4	2.7	2
0.561	0.0861	0.3529	9	4.5	1.36	1
0.3908	0.4077	0.2016	2	3.5	3.6	3
0.4689	0.1873	0.3438	3.3	3.5	2.1	3
0.9114	0.0653	0.0233	1.17	7	16	1
0.3058	0.0349	0.6593	2.7	3.4	2.5	3
0.6638	0.2565	0.0797	2	3.4	3.75	1
0.7551	0.0861	0.1588	1.95	3.3	4	1
0.0501	0.7019	0.248	3.3	3.3	2.2	2
0.5333	0.2928	0.1739	2.2	3.4	3.2	3
0.5696	0.2563	0.1741	1.91	3.5	4	1
0.0611	0.859	0.0799	1.91	3.4	4	2
0.6935	0.0794	0.2271	2.5	3.4	2.7	1
0.9193	0.0158	0.065	1.33	4.75	9.5	1
0.0602	0.2672	0.6727	2.25	3.3	3.2	3
0.0262	0.5658	0.408	1.67	3.8	5	2
0.0905	0.7988	0.1107	1.62	3.75	5.5	2
0.3547	0.0619	0.5834	1.73	3.5	5	3
0.7534	0.2255	0.0211	1.44	4.2	7.5	1
0.0178	0.3238	0.6585	15	6	1.2	3
0.0699	0.2944	0.6357	2.7	3.4	2.5	2
0.5123	0.2657	0.2219	2.88	3.4	2.38	3
0.0698	0.0467	0.8835	1.62	3.8	5.5	3
0.1637	0.4175	0.4189	2.6	3.4	2.6	2
0.666	0.2149	0.119	2.5	3.3	2.75	1
0.8521	0.0414	0.1066	1.75	3.5	4.75	1
0.1804	0.2478	0.5719	2.3	3.4	3	1
0.3817	0.5468	0.0715	2.3	3.4	3	1
0.6512	0.2249	0.1238	1.4	4.5	8	1
0.0859	0.249	0.6651	3.2	3.4	2.2	3
0.56	0.014	0.4259	2.88	3.4	2.38	1
0.3044	0.687	0.0085	1.65	3.75	5.25	1
0.0583	0.8109	0.1308	2.2	3.4	3.2	2
0.1651	0.7645	0.0704	2.88	3.2	2.5	2
0.4793	0.4767	0.044	1.62	3.75	5.5	2
0.2725	0.418	0.3095	2	3.3	3.8	1
0.8035	0.1841	0.0124	9	5	1.33	1
0.582	0.4043	0.0138	2.1	3.4	3.4	1
0.5332	0.2417	0.2251	1.73	3.75	4.5	1
0.7442	0.1921	0.0637	1.3	5.5	9	1
0.2467	0.5902	0.163	2.38	3.4	2.88	2
0.715	0.2566	0.0284	2.4	3.3	2.88	2
0.1131	0.4261	0.4608	3.4	3.4	2.1	2
0.6218	0.366	0.0122	1.44	4.33	7	2
0.066	0.6803	0.2538	2.38	3.4	2.88	2
0.3391	0.5879	0.073	1.91	3.4	4	1
0.6775	0.1164	0.206	1.36	4.75	8.5	1
0.322	0.4313	0.2467	2.75	3.3	2.5	3
0.3302	0.0555	0.6143	4	3.4	1.91	1
0.746	0.201	0.0531	2.3	3.4	3	1
0.1998	0.6997	0.1005	2.7	3.4	2.5	2
0.2737	0.0658	0.6605	2.2	3.4	3.2	2
0.3	0.2238	0.4763	2.3	3.4	3	3
0.4199	0.2361	0.344	1.62	4	5	1
0.4366	0.4904	0.073	1.25	5.5	12	2
0.1714	0.1014	0.7272	6.25	4	1.53	3
0.1909	0.6258	0.1833	2.5	3.4	2.7	2
0.9704	0.0135	0.0161	1.13	8.5	17	1
0.2215	0.1762	0.6023	5.5	4	1.57	3
0.0432	0.6989	0.2578	1.57	3.75	6	2
0.338	0.5429	0.1191	1.91	3.5	4	2
0.5787	0.3943	0.027	1.5	4	7	3
0.1944	0.7227	0.0828	2	3.5	3.6	1
0.6745	0.0769	0.2485	2.6	3.4	2.6	1
0.0058	0.5897	0.4045	2.3	3.3	3.1	2
0.876	0.0915	0.0325	1.83	3.5	4.33	1
0.4539	0.4078	0.1383	5	3.75	1.67	1
0.6931	0.2954	0.0114	2.05	3.4	3.6	1
0.0494	0.3955	0.555	1.85	3.6	4	2
0.7044	0.2042	0.0914	2.8	3.4	2.4	2
0.4663	0.4306	0.1031	2.15	3.3	3.4	1
0.987	0.001	0.0121	1.8	3.6	4.33	1
0.5493	0.3842	0.0665	1.8	3.75	4.2	1
0.1891	0.0815	0.7293	4.33	3.5	1.83	3
0.7942	0.1782	0.0277	1.8	3.5	4.5	1
0.5866	0.2826	0.1308	2.2	3.4	3.2	1
0.0551	0.7157	0.2291	2.5	3.2	2.88	2
0.9192	0.0745	0.0063	1.17	7	15	1
0.9733	0.0089	0.0178	1.33	5	9	1
0.1041	0.0658	0.8301	4	3.5	1.91	3
0.1522	0.3953	0.4525	2.38	3.25	3	3
0.5433	0.2647	0.192	2.2	3.4	3.2	2
0.6991	0.0272	0.2737	1.67	3.75	5	1
0.2364	0.167	0.5966	2.5	3.25	2.8	3
0.0451	0.165	0.7899	6	4	1.57	3
0.1998	0.6302	0.17	6	4	1.53	2
0.1897	0.2528	0.5574	2.4	3.4	2.8	3
0.0306	0.6333	0.3361	1.62	3.8	5.5	2
0.1745	0.5502	0.2752	1.75	3.75	4.5	2
0.9464	0.006	0.0476	1.73	3.75	4.5	2
0.0489	0.5609	0.3903	2.88	3.4	2.4	2
0.0701	0.08	0.8499	3.2	3.4	2.2	2
0.3129	0.0747	0.6125	1.75	3.5	4.75	3
0.7213	0.2081	0.0706	1.7	3.8	4.75	1
0.9876	0.0085	0.0039	1.14	8	15	1
0.6852	0.2533	0.0615	1.4	4.5	8	1
0.8037	0.0681	0.1282	1.91	3.4	4	2
0.7242	0.123	0.1527	2.38	3.4	2.88	1
0.5445	0.1189	0.3366	1.8	3.5	4.5	1
0.2594	0.6828	0.0578	1.83	3.5	4.33	2
0.679	0.245	0.076	2.7	3.2	2.63	2
0.226	0.0863	0.6877	3.1	3.4	2.25	3
0.114	0.5148	0.3712	2.4	3.3	2.9	2
0.0922	0.6602	0.2477	9	5.5	1.3	2
0.1984	0.0316	0.77	2	3.5	3.6	3
0.1105	0.1974	0.6921	7	4	1.5	3
0.1879	0.4714	0.3407	3.2	3.3	2.25	3
0.6479	0.3264	0.0257	1.5	4	7	1
0.2465	0.1315	0.6219	1.73	3.5	5	1
0.8054	0.186	0.0086	2.5	3.3	2.8	1
0.3775	0.4955	0.127	1.67	3.75	5	1
0.1805	0.3846	0.4349	1.73	3.75	4.5	2
0.6783	0.1561	0.1656	2.6	3.25	2.7	1
0.0467	0.266	0.6873	3.75	3.6	1.91	3
0.7126	0.2285	0.0588	1.73	3.6	4.75	1
0.8423	0.0862	0.0715	1.67	3.75	5	1
0.8366	0.0251	0.1383	1.8	3.5	4.5	3
0.1103	0.1392	0.7505	2.2	3.3	3.25	3
0.7667	0.1971	0.0363	1.4	4.5	7.5	1
0.7264	0.1332	0.1404	1.25	5.5	12	1
0.9136	0.0531	0.0333	1.3	5	11	1
0.2319	0.3263	0.4418	3.8	3.6	1.91	1
0.0447	0.1173	0.838	2	3.5	3.6	3
0.4228	0.1073	0.4699	1.73	3.5	5	2
0.4972	0.0517	0.4511	2.5	3.4	2.7	1
0.5568	0.1005	0.3427	2.3	3.25	3.1	2
0.7429	0.099	0.1581	4.5	3.6	1.8	1
0.5157	0.1428	0.3414	1.62	3.8	5.5	2
0.6984	0.1081	0.1935	3	3.25	2.38	1
0.589	0.3329	0.0781	1.67	3.75	5	2
0.0638	0.5732	0.363	8.5	4.75	1.36	2
0.8536	0.1116	0.0348	1.25	5.5	12	1
0.5833	0.1078	0.3089	2.38	3.25	3	1
0.217	0.2893	0.4936	1.91	3.4	4	1
0.5691	0.2243	0.2066	1.53	4	6	2
0.1693	0.109	0.7217	2.88	3.4	2.38	1
0.3311	0.2044	0.4644	1.83	3.6	4.2	1
0.6763	0.0059	0.3178	2	3.5	3.6	1
0.0531	0.2618	0.6851	2.3	3.4	3	3
0.629	0.1378	0.2332	2.9	3.3	2.4	1
0.8438	0.0289	0.1272	1.33	5	9	1
0.149	0.3683	0.4827	1.83	3.75	4	3
0.1057	0.0533	0.841	9	5	1.33	3
0.0402	0.2293	0.7305	2.1	3.4	3.4	3
0.6376	0.2622	0.1002	2	3.4	3.75	3
0.6215	0.1379	0.2406	1.62	3.8	5.5	1
0.0876	0.0989	0.8135	3.5	3.3	2.1	3
0.0119	0.6171	0.3711	2.05	3.5	3.4	1
0.9558	0.0012	0.0429	1.17	7	15	1
0.4594	0.4029	0.1378	2	3.4	3.75	1
0.5328	0.1563	0.3108	1.73	3.5	5	3
0.1327	0.4737	0.3936	1.67	3.6	5.25	3
0.8589	0.1088	0.0323	1.91	3.6	3.75	1
0.857	0.1338	0.0092	1.8	3.5	4.5	2
0.7778	0.074	0.1482	8	4.5	1.4	3
0.7992	0.1546	0.0461	1.83	3.5	4.33	1
0.4643	0.5244	0.0114	1.29	5.5	10	2
0.9048	0.0426	0.0526	2	3.4	3.75	1
0.0718	0.3927	0.5355	2.4	3.3	2.9	3
0.441	0.2627	0.2963	2.5	3.25	2.8	3
0.4412	0.104	0.4548	1.7	3.8	4.75	3
0.0155	0.0406	0.9439	8.5	4.75	1.36	3
0.5944	0.3277	0.078	2.1	3.4	3.4	3
0.6143	0.0932	0.2925	2.7	3.25	2.6	1
0.6764	0.2704	0.0532	3	3.4	2.3	2
0.9451	0.0231	0.0318	1.13	8	21	1
0.4242	0.0737	0.5021	2.8	3.4	2.4	2
0.0624	0.5957	0.3419	2.1	3.4	3.4	2
0.3878	0.4811	0.1311	2.75	3.3	2.5	3
0.123	0.5869	0.29	1.57	3.75	6	2
0.8511	0.099	0.0499	2.05	3.4	3.6	1
0.1719	0.0654	0.7627	5.5	4	1.57	3
0.0708	0.441	0.4882	2.75	3.3	2.5	2
0.8547	0.1077	0.0376	1.67	3.8	5	1
0.1563	0.1257	0.718	2.7	3.4	2.5	3
0.0949	0.1702	0.7349	2.1	3.4	3.4	3
0.9097	0.0694	0.0209	1.57	4	5.5	1
0.216	0.1649	0.6191	2.4	3.4	2.8	2
0.9039	0.0909	0.0052	2.6	3.4	2.7	1
0.6303	0.1226	0.2471	2.1	3.5	3.3	1
0.7611	0.1234	0.1155	2.2	3.4	3.2	1
0.5823	0.2828	0.1349	1.4	4.5	8	1
0.2024	0.2435	0.5541	3	3.4	2.3	1
0.8972	0.0166	0.0862	1.73	4	4.2	1
0.5407	0.0666	0.3927	1.29	5	11	2
0.6076	0.3772	0.0152	2.3	3.4	3	1
0.0265	0.333	0.6404	2.8	3.4	2.4	3
0.381	0.6167	0.0023	1.53	4	6	2
0.3725	0.0534	0.5741	3.3	3.5	2.1	3
0.49	0.202	0.308	1.73	3.75	4.5	3
0.0537	0.4303	0.516	2.3	3.4	3	2
0.2183	0.3849	0.3969	1.5	4.33	6	1
0.1575	0.7464	0.0961	1.91	3.6	3.75	2
0.799	0.0951	0.106	1.44	4.2	7.5	1
0.3991	0.4534	0.1475	4	3.75	1.83	2
0.1031	0.2751	0.6217	1.53	4	6	3
0.1177	0.3911	0.4912	2.38	3.4	2.88	3
0.3622	0.5421	0.0956	2.2	3.3	3.25	2
0.1391	0.0872	0.7737	3.2	3.4	2.2	3
0.3909	0.4645	0.1446	3.2	3.4	2.2	2
0.1363	0.5331	0.3305	1.83	3.5	4.2	2
0.5508	0.199	0.2502	1.7	3.75	4.75	1
0.6542	0.2715	0.0742	2.25	3.5	3	1
0.1138	0.7579	0.1283	2.1	3.4	3.4	2
0.688	0.1953	0.1167	1.91	3.5	4	3
0.0271	0.6038	0.3691	7	4	1.5	3
0.5532	0.3813	0.0655	1.83	3.6	4.2	1
0.9486	0.0185	0.0329	1.73	3.75	4.5	2
0.8407	0.0143	0.1449	1.44	4.33	7	1
0.639	0.3114	0.0496	2.1	3.5	3.3	1
0.1975	0.7067	0.0958	2.4	3.3	2.88	1
0.838	0.1535	0.0085	1.3	5.25	9.5	1
0.224	0.5509	0.2251	5	4	1.62	3
0.87	0.0762	0.0538	1.33	5	9	1
0.7601	0.1204	0.1195	1.95	3.6	3.6	1
0.0265	0.3755	0.598	2.3	3.4	3	3
0.3812	0.2571	0.3617	2.5	3.3	2.8	3
0.5792	0.2416	0.1792	1.91	3.75	3.6	1
0.4421	0.083	0.4749	2.5	3.4	2.7	3
0.9886	0.0015	0.0099	1.3	5.5	9	1
0.052	0.0866	0.8614	2	3.5	3.6	3
0.6602	0.1153	0.2245	2.8	3.4	2.4	1
0.3327	0.5075	0.1598	2.5	3.3	2.75	2
0.1233	0.0322	0.8445	8.5	4.75	1.36	3
0.3455	0.4516	0.203	2.05	3.4	3.5	3
0.7055	0.2623	0.0322	1.91	3.4	4	1
0.1265	0.0926	0.781	2.88	3.4	2.38	2
0.2747	0.0512	0.6741	2	3.5	3.6	3
0.5406	0.2068	0.2526	1.8	3.5	4.5	3
0.0133	0.2171	0.7696	2.9	3.3	2.4	2
0.1349	0.0864	0.7787	2.05	3.4	3.5	3
0.9056	0.0623	0.0321	1.57	4	5.5	1
0.5676	0.2343	0.1981	6	4	1.55	2
0.5713	0.2158	0.2128	1.36	4.75	8.5	1
0.2441	0.1519	0.6041	1.73	3.75	4.5	1
0.9876	0.0075	0.0049	1.25	6	11	1
0.1061	0.1767	0.7171	1.95	3.5	3.75	3
0.1737	0.3797	0.4466	2.7	3.4	2.5	2
0.7112	0.1017	0.1871	1.17	7	15	1
0.5126	0.4093	0.0781	1.44	4.33	7	1
0.1294	0.1589	0.7117	3.75	3.5	1.95	3
0.6906	0.0543	0.2551	2.3	3.4	3	1
0.022	0.5343	0.4436	2	3.4	3.75	3
0.1455	0.7599	0.0947	1.62	3.8	5.5	2
0.6081	0.0185	0.3734	2	3.4	3.75	1
0.8327	0.1055	0.0618	2.4	3.4	2.8	1
0.0219	0.3796	0.5985	2.1	3.4	3.4	3
0.0052	0.8123	0.1825	2.15	3.4	3.3	2
0.6423	0.3169	0.0409	5.25	4.2	1.57	1
0.8392	0.0545	0.1063	1.73	3.6	4.75	1
0.2792	0.4669	0.2539	4	3.4	1.91	3
0.1337	0.7369	0.1294	1.8	3.75	4.2	2
0.6704	0.302	0.0276	2.5	3.4	2.7	1
0.1469	0.6262	0.2269	1.91	3.6	3.8	2
0.2955	0.585	0.1195	1.91	3.6	3.75	2
0.8894	0.0898	0.0209	1.2	6.5	13	1
0.0651	0.6466	0.2883	4.2	3.75	1.8	2
0.3594	0.2184	0.4221	2.15	3.25	3.5	3
0.4892	0.2365	0.2744	1.57	3.8	6	1
0.019	0.2225	0.7585	3.2	3.3	2.25	3
0.1893	0.276	0.5347	2.5	3.4	2.7	3
0.3867	0.1624	0.451	2.1	3.4	3.4	1
0.2435	0.5345	0.222	1.91	3.5	4	2
0.1632	0.023	0.8139	1.83	3.75	4	3
0.2494	0.6415	0.1091	4.33	3.5	1.83	2
0.6842	0.2186	0.0972	1.36	4.5	9	1
0.7498	0.2414	0.0088	2.3	3.4	3	1
0.17	0.7312	0.0988	1.75	3.75	4.5	2
0.5902	0.3298	0.08	1.44	4.33	7	1
0.2339	0.365	0.4011	2.3	3.4	3	3
0.4076	0.3569	0.2356	6	4	1.53	3
0.5151	0.1012	0.3837	1.75	3.75	4.5	1
0.1153	0.1271	0.7577	2.1	3.4	3.4	3
0.3493	0.64	0.0107	2.9	3.5	2.3	1
0.9053	0.0747	0.02	1.14	7.5	17	1
0.8723	0.0318	0.0959	2.1	3.5	3.3	1
0.0644	0.0177	0.9179	2.7	3.4	2.5	3
0.6568	0.0326	0.3105	1.83	3.5	4.33	1
0.7388	0.2407	0.0205	1.4	4.5	8	1
0.0087	0.5901	0.4012	5	3.75	1.67	2
0.7734	0.1751	0.0515	2.25	3.5	3	1
0.0105	0.6202	0.3693	2.4	3.5	2.75	2
0.1202	0.6261	0.2537	1.83	3.6	4.2	2
0.2819	0.167	0.5511	1.62	4	5	3
0.5118	0.3	0.1882	2.1	3.5	3.3	1
0.4056	0.0953	0.4991	11	5	1.29	3
0.4031	0.5739	0.0229	1.67	3.8	5	2
0.7607	0.2161	0.0232	2.1	3.4	3.4	1
0.1509	0.0997	0.7495	2.25	3.4	3.1	3
0.7356	0.0613	0.2031	2.25	3.4	3.1	3
0.405	0.553	0.042	2	3.5	3.6	2
0.009	0.2207	0.7703	2.38	3.4	2.88	3
0.393	0.1477	0.4593	2.3	3.3	3.1	3
0.4958	0.0354	0.4688	5.5	3.75	1.62	3
0.2408	0.6407	0.1185	2.6	3.4	2.6	2
0.6406	0.2537	0.1057	2	3.5	3.6	1
0.7986	0.1512	0.0502	1.3	5.5	9	1
0.4001	0.0059	0.5941	1.22	6	13	3
0.113	0.6801	0.2069	1.91	3.6	3.8	3
0.1979	0.1088	0.6933	2.1	3.5	3.3	1
0.0648	0.7696	0.1656	1.6	4	5.25	2
0.1975	0.7803	0.0221	1.33	5	9	2
0.0332	0.0893	0.8775	7.5	5	1.36	3
0.6188	0.291	0.0902	1.7	3.75	4.75	1
0.7206	0.2528	0.0267	4.33	3.6	1.8	1
0.1135	0.4101	0.4764	2.25	3.25	3.2	2
0.5103	0.0144	0.4752	2.5	3.4	2.7	1
0.6843	0.1606	0.1552	1.44	4.33	7	1
0.4921	0.1486	0.3593	2	3.5	3.6	1
0.8467	0.104	0.0493	1.8	3.5	4.5	1
0.2372	0.0727	0.6901	6.5	4.1	1.5	3
0.9584	0.0104	0.0311	1.17	7	16	1
0.0141	0.9355	0.0505	2.75	3.3	2.5	2
0.167	0.7015	0.1314	2	3.5	3.6	2
0.7365	0.2441	0.0195	1.44	4.5	7	1
0.332	0.6394	0.0286	2.6	3.25	2.7	3
0.2003	0.4937	0.306	2	3.5	3.6	3
0.2055	0.3776	0.417	3.1	3.5	2.2	1
0.8156	0.1504	0.0339	1.17	7	15	1
0.8941	0.0552	0.0506	1.73	3.75	4.5	1
0.6214	0.0535	0.3251	2.4	3.4	2.8	1
0.0918	0.3024	0.6058	2.1	3.4	3.4	3
0.7137	0.2441	0.0422	2.63	3.5	2.5	1
0.1394	0.3568	0.5038	2.38	3.4	2.88	3
0.0486	0.3772	0.5742	10	5.5	1.29	2
0.2233	0.0984	0.6783	2.25	3.4	3.1	3
0.8836	0.0678	0.0486	1.53	4.1	6	1
0.4373	0.2167	0.3459	3	3.25	2.38	1
0.6056	0.2781	0.1162	1.17	7	15	1
0.5928	0.4066	0.0006	2.5	3.3	2.75	2
0.0278	0.0619	0.9103	5.5	3.75	1.62	3
0.4255	0.5506	0.0239	1.5	4.33	6	2
0.0852	0.3609	0.5538	2.25	3.4	3.1	2
0.1343	0.6313	0.2344	2.38	3.25	3	2
0.821	0.1414	0.0376	2.2	3.5	3.1	1
0.0407	0.2917	0.6676	3.1	3.4	2.25	3
0.5293	0.2163	0.2544	1.13	8	19	2
0.0722	0.1974	0.7304	2.1	3.4	3.4	3
0.7097	0.0674	0.2229	4.5	3.5	1.8	1
0.2557	0.1165	0.6278	1.62	4	5	1
0.5688	0.1425	0.2887	8	4.75	1.36	3
0.5721	0.3908	0.0371	2.38	3.4	2.88	1
0.6724	0.3253	0.0023	2.3	3.4	3	1
0.462	0.2969	0.2411	1.6	4	5.25	1
0.6436	0.178	0.1784	2.6	3.5	2.55	3
0.5574	0.0968	0.3458	2.88	3.4	2.38	1
0.0278	0.5155	0.4567	2.5	3.3	2.75	2
0.0389	0.7541	0.2071	1.75	3.8	4.33	2
0.3051	0.1416	0.5532	3	3.4	2.3	3
0.9381	0.003	0.059	1.5	4.33	6	1
0.7111	0.2117	0.0772	2	3.5	3.6	1
0.7745	0.0813	0.1443	1.44	4.5	6.5	2
0.3387	0.0226	0.6387	2.6	3.3	2.63	3
0.2403	0.3208	0.4389	1.91	3.6	3.75	2
0.8156	0.0259	0.1585	2	3.5	3.75	1
0.0183	0.5441	0.4376	10	5.5	1.29	3
0.497	0.0695	0.4335	1.29	5.5	10	3
0.7393	0.137	0.1237	2.4	3.5	2.8	1
0.5959	0.288	0.1161	1.7	3.6	5	1
0.8669	0.0604	0.0726	1.91	3.3	4.2	1
0.9096	0.0211	0.0693	3.1	3.4	2.25	1
0.7686	0.1061	0.1253	2.8	3.5	2.4	1
0.3501	0.3618	0.2881	2.4	3.3	2.9	1
0.5543	0.4253	0.0204	1.14	7.5	17	2
0.7869	0.0931	0.12	2.75	3.3	2.5	1
0.2179	0.7424	0.0397	2.38	3.2	3	2
0.5724	0.4175	0.0101	1.6	4	5.25	1
0.5413	0.11	0.3486	2.25	3.4	3.1	1
0.4118	0.0068	0.5814	1.67	3.75	5	3
0.0225	0.2903	0.6872	2.1	3.5	3.3	3
0.1922	0.0322	0.7756	7	4.33	1.44	3
0.3231	0.518	0.1589	1.83	4	3.75	2
0.8562	0.1339	0.0099	1.67	3.8	5	1
0.8709	0.1175	0.0116	1.1	10	19	1
0.0421	0.3483	0.6096	2.38	3.4	2.9	2
0.8733	0.0094	0.1173	1.67	4	4.75	1
0.6081	0.2284	0.1635	2.2	3.25	3.3	2
0.4764	0.0697	0.4539	5	3.75	1.67	3
0.6675	0.1893	0.1432	2.1	3.5	3.3	1
0.9577	0.0294	0.0128	2.3	3.3	3.1	3
0.7489	0.2076	0.0435	2.3	3.2	3.2	2
0.9178	0.0722	0.01	1.18	6.5	15	1
0.0799	0.5115	0.4086	3.6	3.5	2	2
0.9044	0.016	0.0797	1.95	3.6	3.6	1
0.2229	0.522	0.255	2.75	3.3	2.5	2
0.0523	0.203	0.7447	3.1	3.3	2.3	3
0.6461	0.0537	0.3002	2.1	3.5	3.3	1
0.8393	0.0101	0.1506	1.62	3.8	5.5	1
0.8097	0.1726	0.0177	2.38	3.5	2.8	1
0.0354	0.1374	0.8272	8	4.5	1.4	3
0.4939	0.0892	0.417	1.85	3.8	3.8	1
0.6701	0.13	0.1999	3.2	3.25	2.25	1
0.0864	0.4545	0.4591	2.3	3.4	3	3
0.7331	0.1099	0.157	2.5	3.3	2.75	1
0.1961	0.0565	0.7474	8	4.5	1.4	3
0.6021	0.1185	0.2793	1.33	5	9	3
0.2121	0.4356	0.3522	1.83	3.5	4.33	2
0.1257	0.0526	0.8218	3.3	3.5	2.1	3
0.432	0.5017	0.0662	2.4	3.2	3	1
0.9612	0.0006	0.0382	1.25	5.5	12	1
0.6503	0.1241	0.2256	1.25	6	10	3
0.8792	0.032	0.0888	1.83	3.5	4.33	2
0.1222	0.8664	0.0115	2.88	3.3	2.4	3
0.602	0.0748	0.3232	2.2	3.4	3.2	1
0.0087	0.4921	0.4993	3.1	3.4	2.25	2
0.5364	0.1243	0.3393	2.25	3.5	3	3
0.3791	0.2033	0.4176	2.6	3.2	2.75	2
0.7934	0.0596	0.147	1.62	3.75	5.5	1
0.0055	0.3061	0.6885	7	4.75	1.4	3
0.8587	0.0866	0.0547	1.4	4.75	7.5	1
0.2028	0.2193	0.578	2.3	3.2	3.2	1
0.8524	0.1362	0.0114	1.91	3.5	4	1
0.711	0.2843	0.0047	1.5	4.1	6.5	1
0.6228	0.3459	0.0312	2.25	3.4	3.1	2
0.7139	0.0654	0.2207	2	3.5	3.6	3
0.1041	0.4939	0.402	2.25	3.4	3.1	3
0.0878	0.4532	0.459	2	3.4	3.75	2
0.5428	0.2892	0.1679	2.05	3.4	3.5	2
0.3229	0.6584	0.0187	2.1	3.2	3.6	1
0.9612	0.0123	0.0266	1.17	7	15	1
0.4341	0.2053	0.3606	2.5	3.4	2.7	1
0.2291	0.7337	0.0371	2	3.4	3.75	2
0.932	0.0661	0.0019	1.44	4.33	7	1
0.5496	0.4297	0.0207	2.1	3.4	3.4	2
0.2011	0.1814	0.6175	4.75	3.6	1.75	2
0.5144	0.0949	0.3907	5	4	1.62	2
0.6289	0.3448	0.0263	2	3.4	3.75	3
0.8801	0.0711	0.0489	1.3	5.25	9.5	1
0.8732	0.0355	0.0913	1.62	3.75	5.5	2
0.9535	0.0415	0.005	1.53	4.33	5.5	1
0.017	0.7391	0.2438	2.6	3.25	2.75	2
0.1362	0.7934	0.0704	1.83	3.75	4	3
0.675	0.2842	0.0408	2.6	3.3	2.63	3
0.2986	0.0973	0.6042	3	3.2	2.4	2
0.0306	0.2095	0.7599	12	5.5	1.25	3
0.2462	0.0869	0.6669	2.1	3.3	3.5	3
0.9258	0.0112	0.063	1.1	9	21	1
0.9213	0.051	0.0277	1.91	3.5	4	3
0.0307	0.7419	0.2274	2.5	3.3	2.75	3
0.003	0.3413	0.6557	3.1	3.3	2.3	1
0.0381	0.6876	0.2742	2.2	3.4	3.2	2
0.3747	0.3536	0.2717	3.5	3.6	2	1
0.4702	0.511	0.0188	2.3	3.5	2.9	2
0.0307	0.4804	0.489	2.25	3.4	3.1	3
0.2066	0.5639	0.2295	1.8	3.5	4.5	2
0.94	0.0324	0.0276	1.36	4.75	8.5	1
0.1638	0.1867	0.6495	1.91	3.5	4	3
0.6951	0.0425	0.2625	2.5	3.3	2.8	2
0.3082	0.0935	0.5983	4.2	3.75	1.8	3
0.0313	0.4372	0.5315	3.1	3.4	2.25	1
0.475	0.51	0.015	1.5	4.33	6	2
0.6974	0.2295	0.0731	2	3.5	3.6	3
0.644	0.209	0.147	2	3.4	3.75	1
0.1269	0.4008	0.4724	2	3.4	3.75	3
0.7293	0.2675	0.0032	1.3	5.5	9	1
0.056	0.163	0.781	4.33	3.6	1.8	3
0.5491	0.4496	0.0013	2	3.4	3.75	1
0.0058	0.7343	0.2599	2.05	3.5	3.5	2
0.8109	0.1069	0.0821	1.57	4.1	5.5	1
0.0715	0.5523	0.3763	3.8	3.6	1.91	3
0.0143	0.3322	0.6536	3.25	3.25	2.25	3
0.0635	0.3614	0.5752	2	3.5	3.6	2
0.4627	0.5189	0.0185	2	3.4	3.75	1
0.8722	0.1147	0.0131	1.3	5.5	9	1
0.8708	0.025	0.1042	6	4	1.53	3
0.313	0.0901	0.5969	2.3	3.3	3.1	3
0.7834	0.0936	0.123	1.5	4.33	6	2
0.508	0.4105	0.0814	1.62	3.75	5.5	1
0.1507	0.0454	0.8039	2.6	3.4	2.6	3
0.5363	0.2806	0.1831	2.3	3.3	3.1	2
0.4584	0.2369	0.3047	2.4	3.2	3	1
