0.3586	0.4103	0.2312	1.57	3.8	6	2
0.266	0.3829	0.3511	4.5	3.5	1.8	2
0.3922	0.2315	0.3763	2.4	3.3	2.9	3
0.4297	0.2766	0.2937	2.2	3.3	3.25	1
0.2381	0.3147	0.4472	2.05	3.3	3.6	3
0.2962	0.539	0.1648	1.57	3.8	6	1
0.7981	0.1186	0.0833	1.62	3.6	6	1
0.6363	0.1849	0.1788	2.35	3.3	3	3
0.3311	0.1857	0.4831	2.75	3.3	2.5	3
0.2995	0.3048	0.3956	1.62	3.6	6	2
0.4171	0.4809	0.102	3.4	3.25	2.15	2
0.5022	0.1404	0.3574	1.4	4.33	8.5	1
0.6656	0.2112	0.1233	1.67	3.6	5.5	2
0.7531	0.0569	0.1901	2.05	3.3	3.6	1
0.3519	0.4084	0.2397	1.91	3.4	4	3
0.186	0.1765	0.6375	2	3.3	3.8	2
0.215	0.3744	0.4106	2.88	3.3	2.4	2
0.0527	0.6284	0.3189	2.25	3.3	3.1	2
0.7688	0.0742	0.157	2.1	3.3	3.5	3
0.3752	0.2962	0.3286	3.8	3.3	2	3
0.5197	0.1741	0.3062	3.5	3.3	2.1	3
0.5545	0.0285	0.417	1.73	3.75	4.5	1
0.6784	0.1174	0.2042	4.33	3.5	1.83	1
0.7186	0.1691	0.1123	1.4	4.33	8.5	1
0.7072	0.2323	0.0605	1.67	3.6	5.25	2
0.3868	0.1889	0.4243	1.36	4.5	9	1
0.2798	0.3629	0.3573	1.8	3.5	4.5	1
0.0854	0.4896	0.425	2.6	3.25	2.7	2
0.0835	0.2579	0.6586	5.5	3.8	1.62	3
0.6361	0.1024	0.2615	2.05	3.4	3.6	1
0.1225	0.328	0.5495	2.3	3.3	3.1	2
0.8385	0.0858	0.0757	3	3.3	2.38	2
0.5853	0.1443	0.2704	1.29	5	11	1
0.2569	0.2462	0.4969	1.91	3.4	4	1
0.5017	0.1217	0.3766	2	3.4	3.75	1
0.6741	0.0741	0.2519	1.67	3.6	5.25	1
0.8221	0.0801	0.0977	1.73	3.5	5	3
0.6565	0.0648	0.2787	2.3	3.3	3.1	1
0.2378	0.4799	0.2822	2.4	3.3	2.9	2
0.7044	0.155	0.1406	2.4	3.3	2.9	3
0.4289	0.3291	0.242	1.44	4.2	7.5	1
0.2442	0.2629	0.4929	2.5	3.25	2.8	1
0.5086	0.3018	0.1896	1.57	3.8	6	1
0.5827	0.2342	0.1831	2.4	3.3	2.9	1
0.1263	0.6357	0.2379	4.75	3.75	1.73	1
0.4179	0.3381	0.244	3.5	3.3	2.1	3
0.3551	0.3713	0.2736	2.38	3.3	2.9	1
0.7305	0.196	0.0735	1.44	4.2	7.5	1
0.2625	0.2077	0.5298	7	3.8	1.5	1
0.206	0.4999	0.2941	1.57	3.75	6	3
0.5091	0.312	0.1789	1.44	4.33	7	1
0.4617	0.2295	0.3088	1.95	3.3	4	2
0.4826	0.2583	0.2591	3.1	3.3	2.3	1
0.7015	0.0936	0.2049	2.25	3.25	3.2	3
0.5081	0.2292	0.2627	1.25	5.5	12	2
0.5509	0.251	0.1981	1.7	3.6	4.75	1
0.8606	0.0974	0.042	1.62	3.6	6	3
0.5944	0.1965	0.2091	2.25	3.3	3.2	3
0.1863	0.5971	0.2165	2.5	3.4	2.7	1
0.2315	0.4027	0.3658	3.75	3.4	2	3
0.8752	0.0618	0.063	1.85	3.5	4.33	2
0.6693	0.278	0.0526	1.8	3.5	4.5	2
0.7182	0.1297	0.1522	1.91	3.4	4	2
0.0851	0.4696	0.4452	3.6	3.4	2	3
0.7336	0.1067	0.1597	1.91	3.3	4.2	1
0.293	0.559	0.148	2.35	3.4	2.88	3
0.1564	0.3004	0.5432	2.5	3.3	2.75	1
0.4197	0.073	0.5073	5.5	3.75	1.62	3
0.3188	0.3297	0.3515	1.73	3.6	4.75	2
0.3897	0.3368	0.2735	1.5	4	6.75	1
0.6598	0.1985	0.1417	2.25	3.25	3.2	2
0.5798	0.2624	0.1578	2.1	3.3	3.5	1
0.708	0.0508	0.2412	1.53	4	6.5	1
0.6555	0.1976	0.1469	1.57	3.8	5.75	1
0.542	0.2578	0.2002	2.3	3.25	3.1	3
0.7122	0.1905	0.0973	3.4	3.4	2.1	2
0.7977	0.0573	0.145	2.2	3.3	3.25	1
0.4483	0.3206	0.2311	1.3	5.25	10	2
0.4272	0.26	0.3128	2.05	3.3	3.6	2
0.4163	0.1085	0.4752	2.6	3.4	2.6	1
0.7216	0.0794	0.199	1.44	4.2	7.5	1
0.6327	0.1798	0.1875	1.91	3.4	4.2	2
0.2715	0.443	0.2855	4	3.4	1.83	3
0.333	0.1139	0.5531	2.1	3.3	3.5	3
0.2887	0.4861	0.2252	1.5	4	7	1
0.5038	0.091	0.4052	3.2	3.4	2.2	3
0.2713	0.4966	0.2321	6.5	3.75	1.57	3
0.6309	0.1409	0.2283	2.62	3.3	2.6	3
0.2795	0.5372	0.1833	2.1	3.3	3.5	1
0.7545	0.1106	0.1349	2	3.3	3.8	1
0.7622	0.1668	0.071	1.8	3.4	4.2	1
0.8426	0.0477	0.1097	1.17	7	15	1
0.2118	0.2706	0.5177	4.5	3.5	1.8	3
0.3764	0.2841	0.3395	3.25	3.4	2.15	1
0.9013	0.057	0.0417	1.5	4	6.5	1
0.6979	0.1376	0.1645	1.53	3.8	6.5	3
0.7897	0.0231	0.1872	1.75	3.5	4.75	1
0.1524	0.6007	0.2469	1.55	3.8	6.25	2
0.4012	0.2081	0.3907	2.1	3.3	3.5	3
0.4988	0.2459	0.2553	2.3	3.3	3.1	1
0.3987	0.2465	0.3548	2.1	3.3	3.5	3
0.485	0.3499	0.1651	4.33	3.6	1.8	2
0.0527	0.2682	0.6791	1.8	3.5	4.5	1
0.1472	0.2749	0.5778	5	3.5	1.73	2
0.5323	0.1336	0.3341	1.25	5.5	12	1
0.5165	0.1352	0.3483	3.1	3.3	2.3	2
0.1358	0.2638	0.6004	2.7	3.4	2.5	1
0.3378	0.0627	0.5996	2.8	3.3	2.5	3
0.5891	0.2568	0.1541	1.91	3.3	4	2
0.6289	0.2867	0.0844	2.3	3.3	3.1	1
0.4191	0.3223	0.2586	1.65	3.75	5.5	1
0.6625	0.1507	0.1869	2.5	3.3	2.75	1
0.7865	0.1378	0.0757	2.05	3.4	3.5	1
0.4642	0.3743	0.1615	2.25	3.25	3.2	1
0.2373	0.429	0.3336	6.5	4	1.5	2
0.3963	0.4618	0.1419	1.36	4.5	9	2
0.8528	0.0357	0.1115	1.4	4.2	8.5	1
0.5735	0.2447	0.1817	3.1	3.3	2.3	3
0.8287	0.0984	0.0729	1.17	7	15	1
0.1072	0.2236	0.6692	5	3.6	1.7	1
0.6749	0.033	0.2921	2.62	3.3	2.62	3
0.5689	0.2323	0.1988	2.25	3.4	3.1	1
0.3021	0.3595	0.3383	3	3.5	2.25	3
0.6326	0.0446	0.3228	1.36	4.75	9	1
0.6473	0.1162	0.2365	2	3.4	3.75	1
0.3487	0.3304	0.3209	2.38	3.4	2.88	1
0.7291	0.1853	0.0856	1.75	3.5	4.75	1
0.1867	0.2952	0.5181	1.85	3.4	4.33	1
0.8255	0.0184	0.1561	1.4	4.33	8.5	1
0.207	0.1101	0.6829	2.75	3.3	2.5	3
0.2882	0.4936	0.2182	1.85	3.4	4.33	3
0.4097	0.2236	0.3667	1.4	4.5	8	1
0.3893	0.1565	0.4542	3.3	3.25	2.2	2
0.5508	0.2102	0.239	2.2	3.3	3.25	2
0.4884	0.1101	0.4015	2.4	3.3	2.88	1
0.4319	0.1064	0.4617	1.62	3.8	5.5	1
0.5667	0.166	0.2674	3.1	3.3	2.3	2
0.6048	0.1257	0.2695	3.3	3.25	2.2	3
0.1395	0.6881	0.1725	2.1	3.3	3.5	1
0.5214	0.0191	0.4595	5	3.6	1.7	1
0.44	0.0881	0.4719	4.75	3.5	1.75	3
0.416	0.147	0.437	1.83	3.4	4.33	1
0.4279	0.1952	0.3769	3.1	3.3	2.3	3
0.563	0.3281	0.1088	1.57	4	5.75	1
0.7317	0.1848	0.0835	1.44	4.2	7.5	1
0.7541	0.0744	0.1715	2.1	3.3	3.5	3
0.5663	0.3955	0.0383	1.44	4.2	7.5	1
0.3641	0.3712	0.2648	1.8	3.5	4.5	2
0.6081	0.2571	0.1348	1.5	4	6.5	1
0.7145	0.2001	0.0854	1.3	5	10	2
0.2495	0.3794	0.371	3.8	3.3	2	2
0.85	0.0507	0.0993	2.05	3.5	3.4	1
0.6948	0.2863	0.019	2.1	3.4	3.1	2
0.4164	0.3186	0.265	3.8	3.4	2	1
0.1539	0.5	0.346	2.6	3.25	2.75	2
0.7911	0.0976	0.1113	3.5	3.3	2.1	2
0.2484	0.3082	0.4433	3	3.25	2.37	1
0.8063	0.0808	0.1129	1.72	3.5	5	1
0.8328	0.0638	0.1034	1.44	4.5	7	1
0.6019	0.1233	0.2748	1.4	4.5	8	1
0.5111	0.2607	0.2282	2	3.3	3.8	1
0.5883	0.2911	0.1206	1.36	4.75	9	3
0.5995	0.2169	0.1835	2.62	3.25	2.65	2
0.4312	0.4935	0.0753	2.15	3.3	3.3	2
0.4377	0.0941	0.4682	4	3.4	1.9	1
0.4166	0.4882	0.0952	1.8	3.5	4.5	3
0.4876	0.1228	0.3896	3.4	3.4	2.1	2
0.6105	0.3287	0.0607	2	3.4	3.6	1
0.5738	0.1451	0.2811	1.44	4	8	1
0.7157	0.2207	0.0636	1.44	4	8	1
0.3517	0.523	0.1252	2.5	3.3	2.75	1
0.4491	0.3533	0.1976	2.37	3.4	2.87	3
0.6777	0.1765	0.1458	3.5	3.3	2.1	1
0.439	0.2112	0.3498	3	3.4	2.3	3
0.4965	0.0524	0.4511	1.83	3.4	4.33	2
0.2651	0.3336	0.4013	2.75	3.4	2.5	2
0.5493	0.1971	0.2537	4	3.5	1.9	1
0.4766	0.4411	0.0824	1.44	4.5	7	2
0.6963	0.0902	0.2134	1.57	3.75	6.5	2
0.7307	0.2155	0.0537	1.44	4.2	7.5	1
0.3458	0.3494	0.3048	1.85	3.5	4.2	2
0.8363	0.0305	0.1332	1.25	5.5	12	3
0.4958	0.2513	0.2529	2.2	3.3	3.2	2
0.487	0.158	0.3549	4.33	3.5	1.83	1
0.5591	0.1827	0.2582	2.1	3.3	3.5	3
0.2875	0.2148	0.4977	2.25	3.25	3.2	1
0.4716	0.3725	0.1559	2.05	3.3	3.6	2
0.2872	0.6362	0.0766	1.95	3.4	3.8	1
0.3954	0.2876	0.317	2	3.3	3.75	3
0.6353	0.0797	0.285	2	3.4	3.75	2
0.5175	0.3712	0.1114	2	3.3	4	1
0.2169	0.2302	0.553	2.37	3.3	3	2
0.6349	0.1807	0.1844	3.8	3.4	2	3
0.208	0.2456	0.5464	3.4	3.4	2.1	1
0.7324	0.1712	0.0965	1.57	3.75	6	1
0.7543	0.1728	0.073	1.9	3.5	4	3
0.3681	0.2826	0.3493	3.4	3.4	2.1	3
0.5279	0.0686	0.4034	3.1	3.3	2.3	2
0.1783	0.2521	0.5696	1.61	3.6	6	1
0.6216	0.2846	0.0938	1.33	5	9	1
0.2731	0.3022	0.4247	2.8	3.4	2.4	3
0.6081	0.2662	0.1257	2.87	3.4	2.37	2
0.2312	0.333	0.4358	3.3	3.3	2.2	1
0.4464	0.0762	0.4773	1.9	3.4	4	1
0.6883	0.1128	0.1988	1.4	4.5	7.5	1
0.606	0.0994	0.2946	2.15	3.3	3.4	2
0.7226	0.0913	0.1861	1.5	4.1	6.5	2
0.6868	0.2593	0.0539	2.2	3.3	3.3	1
0.2798	0.4343	0.2859	6	3.8	1.57	3
0.5597	0.1129	0.3274	2.88	3.4	2.38	2
0.643	0.0987	0.2582	2.1	3.25	3.5	3
0.374	0.2338	0.3922	2.5	3.25	2.8	2
0.3949	0.2643	0.3407	2.38	3.4	2.88	1
0.43	0.307	0.263	2.1	3.3	3.6	3
0.7416	0.1613	0.0971	1.4	4.33	8.5	1
0.56	0.0727	0.3673	1.91	3.4	4	1
0.6175	0.127	0.2555	2	3.4	3.6	3
0.7419	0.0639	0.1942	1.14	7.5	17	1
0.1896	0.2268	0.5836	3.4	3.4	2.1	3
0.5258	0.092	0.3822	2.3	3.4	3	3
0.3004	0.158	0.5416	2.75	3.3	2.5	1
0.6293	0.2751	0.0956	1.61	3.75	5.5	2
0.7021	0.1779	0.1201	1.5	4	7	2
0.2691	0.2135	0.5174	2.2	3.4	3.2	1
0.2445	0.4135	0.342	2.15	3.25	3.1	3
0.53	0.2173	0.2527	3.5	3.3	2.1	3
0.2563	0.2668	0.477	2.87	3.3	2.4	3
0.7214	0.161	0.1176	1.85	3.5	4.2	1
0.7534	0.0421	0.2045	1.8	3.4	4.5	1
0.6469	0.2575	0.0956	2	3.3	3.8	3
0.2967	0.2178	0.4855	2.6	3.3	2.6	1
0.4995	0.0304	0.47	3.4	3.4	2.1	3
0.2726	0.2033	0.5241	2.3	3.3	3.1	2
0.46	0.3348	0.2052	1.44	4.33	7	1
0.7852	0.1566	0.0582	1.33	5	9	1
0.5775	0.2351	0.1874	2.3	3.25	3.1	1
0.7342	0.0808	0.185	1.73	3.5	5	1
0.4493	0.096	0.4547	2.5	3.3	2.75	1
0.6547	0.0477	0.2976	1.67	3.6	5.25	3
0.124	0.2542	0.6218	4	3.4	1.91	3
0.3809	0.3598	0.2592	1.3	5	11	1
0.544	0.1763	0.2797	2.38	3.4	2.9	2
0.1838	0.2863	0.5299	2.1	3.4	3.4	1
0.5121	0.2622	0.2258	1.33	4.75	10	1
0.2591	0.0985	0.6424	7	4	1.5	3
0.4722	0.3914	0.1364	3.1	3.4	2.3	3
0.5838	0.1482	0.2681	2.1	3.3	3.5	1
0.5605	0.0411	0.3983	3.4	3.4	2.1	3
0.4859	0.012	0.5021	2.88	3.4	2.4	2
0.8163	0.1344	0.0493	1.95	3.4	3.8	1
0.5714	0.3269	0.1017	1.44	4.33	7	1
0.5697	0.1277	0.3026	2.88	3.4	2.4	1
0.5715	0.0371	0.3914	2.37	3.4	2.87	3
0.5416	0.1115	0.3469	1.61	3.75	5.5	3
0.2805	0.4735	0.2461	2.2	3.3	3.1	1
0.585	0.1485	0.2665	1.9	3.4	4	1
0.2224	0.4866	0.291	1.4	4.5	7	3
0.8556	0.1	0.0444	1.36	4.75	9	1
0.807	0.0634	0.1296	1.5	4.2	7	1
0.0985	0.1423	0.7593	5.75	3.8	1.6	1
0.7584	0.0563	0.1852	1.9	3.4	4	2
0.5183	0.2724	0.2094	2	3.5	3.6	3
0.5381	0.4193	0.0427	1.28	5.5	9.5	1
0.7248	0.1287	0.1465	4.33	3.4	1.85	2
0.3987	0.1162	0.4851	3.2	3.5	2.15	3
0.4363	0.1641	0.3996	2.1	3.4	3.4	2
0.2146	0.3165	0.4689	1.75	3.6	4.5	3
0.7572	0.2064	0.0364	1.44	4.33	7	1
0.5432	0.1401	0.3167	3.3	3.3	2.15	1
0.4883	0.2141	0.2976	1.95	3.5	3.75	2
0.6286	0.2353	0.1361	1.57	4	5.75	2
0.2223	0.4646	0.3131	6.5	4.5	1.44	3
0.7937	0.1509	0.0554	1.44	4.2	7.5	1
0.7149	0.1083	0.1768	1.91	3.4	4	2
0.3128	0.3355	0.3517	1.55	3.75	6.5	1
0.8825	0.0814	0.0361	1.91	3.4	4	1
0.4543	0.1925	0.3532	2.2	3.4	3.2	1
0.3129	0.1498	0.5373	3.25	3.3	2.2	1
0.7179	0.044	0.238	2.38	3.4	2.88	1
0.454	0.258	0.288	1.33	5	9	1
0.3903	0.1768	0.433	4.33	3.5	1.83	3
0.2602	0.2235	0.5163	2.05	3.4	3.5	3
0.7191	0.0305	0.2504	1.95	3.6	3.6	1
0.5337	0.0511	0.4153	2.2	3.4	3.2	3
0.5099	0.4096	0.0805	2.3	3.3	3.1	3
0.5267	0.2598	0.2136	2.62	3.3	2.62	3
0.5711	0.2569	0.1721	1.44	4.2	7.5	1
0.4321	0.0794	0.4885	2.4	3.4	2.87	3
0.5233	0.3555	0.1213	1.8	3.5	4.5	1
0.6948	0.2246	0.0806	1.44	4.33	7	1
0.7167	0.1319	0.1513	1.25	5.5	12	3
0.4866	0.3003	0.2131	5.5	3.75	1.62	3
0.1429	0.3835	0.4736	1.73	3.75	4.5	2
0.2396	0.2882	0.4722	7	4	1.5	2
0.7857	0.0738	0.1405	2	3.4	3.75	1
0.7874	0.143	0.0695	1.25	5.5	12	1
0.8971	0.0371	0.0658	1.57	3.8	6	3
0.6984	0.0302	0.2714	1.67	4.2	4.5	1
0.1635	0.4262	0.4102	1.62	4.33	4.75	2
0.2667	0.4552	0.2781	2.38	4	2.6	1
0.6014	0.3032	0.0954	5	4.2	1.6	3
0.789	0.0747	0.1363	2.1	3.4	3.4	2
0.4043	0.0903	0.5054	4.5	4.2	1.67	1
0.3612	0.39	0.2489	3.75	3.6	1.91	2
0.2616	0.5384	0.2	1.83	3.75	4	3
0.7567	0.1021	0.1413	1.4	4.5	7	1
0.8373	0.0416	0.121	1.95	3.5	3.75	1
0.5189	0.1274	0.3537	1.62	3.75	5.5	1
0.3054	0.5262	0.1684	1.8	3.5	4.5	1
0.789	0.1116	0.0994	4.2	3.4	1.91	2
0.2732	0.3095	0.4173	3.8	3.4	2	2
0.6928	0.1116	0.1957	3.5	3.3	2.1	3
0.8489	0.0965	0.0546	1.4	4.5	8	3
0.7213	0.1253	0.1533	2.2	3.3	3.25	2
0.3083	0.5614	0.1303	3.6	3.4	2	2
0.7091	0.2329	0.0579	1.62	3.75	5.5	2
0.6628	0.0694	0.2678	2.05	3.4	3.6	2
0.4832	0.0943	0.4225	4.75	3.6	1.73	3
0.62	0.2298	0.1501	2.05	3.4	3.6	1
0.4827	0.2321	0.2851	1.83	3.5	4.33	2
0.7792	0.1447	0.0761	2	3.5	3.6	1
0.5451	0.2809	0.174	1.44	4.2	7.5	1
0.3994	0.103	0.4976	2.3	3.3	3.1	1
0.5849	0.0819	0.3332	1.44	4.2	7.5	1
0.1258	0.2703	0.6039	2.5	3.25	2.8	2
0.7938	0.0824	0.1238	2.38	3.4	2.9	2
0.4533	0.4861	0.0606	2.2	3.4	3.2	2
0.5116	0.0069	0.4816	3.4	3.4	2.1	3
0.5512	0.1612	0.2877	7	4.33	1.44	1
0.6571	0.2578	0.0851	2	3.3	3.8	3
0.6994	0.0742	0.2264	2.4	3.3	2.9	1
0.6555	0.2018	0.1427	1.4	4.5	7.5	1
0.6917	0.1691	0.1391	1.83	3.6	4.2	3
0.359	0.2869	0.3541	2	3.4	3.75	1
0.1283	0.3742	0.4974	1.83	3.75	4	1
0.4761	0.0922	0.4316	2.9	3.3	2.4	2
0.5209	0.2167	0.2625	2.7	3.25	2.6	3
0.801	0.163	0.036	1.4	4.5	8	1
0.5337	0.0219	0.4444	1.33	5	9	3
0.5645	0.1024	0.3331	1.44	4.33	7	2
0.7659	0.1369	0.0972	1.36	4.75	8.5	1
0.2857	0.5051	0.2092	3.4	3.4	2.1	3
0.4282	0.2087	0.3631	4.2	3.5	1.85	3
0.4536	0.1032	0.4432	2.2	3.3	3.25	3
0.8383	0.0428	0.1189	1.83	3.5	4.33	1
0.2712	0.357	0.3717	1.57	3.8	6	1
0.5206	0.2234	0.256	2.5	3.25	2.8	1
0.4371	0.2554	0.3075	2.1	3.4	3.4	1
0.2931	0.2152	0.4916	2	3.5	3.6	3
0.6632	0.0919	0.2449	3.5	3.3	2.1	3
0.6564	0.1575	0.1861	1.36	4.75	8.5	2
0.276	0.3924	0.3316	2.25	3.4	3.1	3
0.6906	0.0839	0.2255	1.17	7	16	1
0.4515	0.2905	0.258	2.1	3.4	3.4	3
0.4358	0.3276	0.2366	2.88	3.3	2.4	2
0.295	0.2529	0.4521	3	3.4	2.3	3
0.3642	0.4463	0.1895	1.44	4.33	7	3
0.2621	0.1751	0.5628	3.6	3.6	1.95	2
0.6774	0.044	0.2786	1.91	3.5	4	3
0.7887	0.1502	0.0611	2.3	3.5	2.9	2
0.3546	0.4551	0.1904	1.91	3.4	4	3
0.7026	0.186	0.1115	2.5	3.25	2.8	3
0.4289	0.269	0.3021	2.9	3.3	2.4	3
0.0939	0.2836	0.6225	3.6	3.5	2	3
0.5446	0.1379	0.3175	3.1	3.4	2.25	1
0.691	0.0969	0.2121	1.36	4.75	8.5	1
0.8119	0.037	0.1511	1.36	4.75	8.5	1
0.7885	0.0456	0.1659	2	3.4	3.75	1
0.7593	0.0865	0.1542	1.5	4	7	1
0.5933	0.0755	0.3312	1.5	4	7	1
0.648	0.2467	0.1053	1.22	6.5	11	2
0.5461	0.2736	0.1803	4.2	3.6	1.83	2
0.5709	0.0431	0.386	2.1	3.4	3.4	1
0.4947	0.0929	0.4125	1.4	4.5	8	1
0.0694	0.4916	0.439	4	3.6	1.85	1
0.4969	0.1412	0.3619	2.9	3.3	2.38	3
0.4154	0.4641	0.1206	5	3.75	1.67	3
0.5405	0.2033	0.2563	2.5	3.4	2.7	3
0.268	0.4762	0.2558	2.2	3.4	3.2	1
0.8506	0.0368	0.1126	2.15	3.4	3.25	1
0.5473	0.0813	0.3714	6	3.8	1.57	3
0.1764	0.1051	0.7184	2.15	3.4	3.25	2
0.5953	0.3518	0.0529	2.15	3.4	3.25	1
0.3013	0.2759	0.4229	2.5	3.3	2.75	3
0.6133	0.0562	0.3304	1.83	3.4	4	1
0.499	0.3381	0.1629	1.57	3.8	6	1
0.3619	0.0654	0.5727	1.33	5	8.5	1
0.9013	0.0268	0.072	1.8	3.5	4.5	2
0.7421	0.0567	0.2012	1.25	5.5	12	1
0.451	0.3225	0.2265	2.8	3.4	2.4	1
0.4357	0.1186	0.4457	1.44	4.75	7.5	1
0.429	0.2796	0.2914	2.1	3.4	3.4	1
0.4679	0.4034	0.1287	2.2	3.3	3.25	2
0.3733	0.3196	0.3071	5	3.75	1.67	3
0.517	0.315	0.1681	4.75	3.6	1.73	2
0.167	0.3523	0.4807	2.2	3.3	3.25	2
0.4384	0.2856	0.2759	1.53	4	6	1
0.3164	0.3636	0.3199	2.1	3.4	3.4	3
0.8002	0.1505	0.0492	1.33	4.75	9.5	3
0.2026	0.1586	0.6389	5.5	3.75	1.62	2
0.1014	0.4968	0.4018	2.38	3.4	2.88	2
0.2361	0.1247	0.6392	4.5	3.5	1.8	2
0.7391	0.1188	0.1421	1.44	4.33	7	2
0.5278	0.1865	0.2858	1.83	3.5	4.33	1
0.7243	0.0848	0.1909	3.6	3.5	2	3
0.8335	0.1366	0.03	1.4	4.5	8	1
0.2216	0.4837	0.2947	1.67	3.75	5	2
0.5898	0.239	0.1711	2.25	3.4	3.1	3
0.6867	0.0374	0.2759	2.3	3.5	2.9	3
0.3056	0.5315	0.163	2.1	3.4	3.4	1
0.7007	0.1586	0.1406	2.75	3.3	2.5	2
0.0913	0.4022	0.5065	3.5	3.4	2.05	2
0.697	0.0668	0.2362	2.05	3.4	3.5	3
0.871	0.0771	0.0518	1.62	3.8	5.5	2
0.5125	0.1636	0.3239	1.67	3.75	5	2
0.2443	0.401	0.3547	2.1	3.4	3.4	3
0.6656	0.0704	0.264	3.5	3.3	2.1	3
0.1577	0.2719	0.5704	4.5	3.5	1.8	3
0.8281	0.1369	0.035	1.44	4.33	7	1
0.5097	0.3939	0.0964	1.62	3.75	5.5	2
0.6618	0.2386	0.0996	1.4	4.5	8	3
0.2487	0.1697	0.5816	1.83	3.5	4.33	2
0.7452	0.1706	0.0842	1.36	4.75	8.5	3
0.2325	0.6327	0.1348	2.25	3.25	3.2	2
0.4575	0.3488	0.1937	2	3.4	3.8	3
0.5229	0.3439	0.1332	1.75	3.6	4.75	3
0.2282	0.6096	0.1622	3	3.3	2.38	2
0.3972	0.3641	0.2387	3.4	3.4	2.1	1
0.5913	0.0823	0.3265	2	3.4	3.7	3
0.7121	0.1684	0.1195	1.8	3.8	4	2
0.3718	0.1111	0.5171	4.75	3.6	1.73	3
0.7685	0.1389	0.0926	1.75	3.5	4.75	1
0.5162	0.4129	0.0709	1.25	5.5	12	1
0.7783	0.1618	0.0599	1.8	3.5	4.5	1
0.3768	0.5169	0.1063	2.2	3.25	3.3	1
0.5178	0.0879	0.3944	2.38	3.25	3	2
0.317	0.0997	0.5834	4.75	3.6	1.73	2
0.6049	0.3265	0.0686	1.55	4	6	2
0.6321	0.1973	0.1706	1.53	4	6	2
0.0583	0.5476	0.3941	5	4	1.62	2
0.4848	0.2928	0.2224	1.4	4.5	8	1
0.2666	0.0376	0.6958	4.75	3.6	1.73	2
0.2596	0.142	0.5984	7	4.33	1.44	3
0.0926	0.7402	0.1672	2.1	3.3	3.5	2
0.4296	0.3328	0.2376	1.5	4	7	2
0.7321	0.121	0.1469	2.1	3.3	3.5	1
0.4483	0.3326	0.2191	3.5	3.3	2.1	3
0.6867	0.1513	0.1621	1.8	3.5	4.5	3
0.3228	0.3495	0.3278	2.8	3.25	2.6	2
0.6798	0.1847	0.1355	1.91	3.5	4	3
0.5683	0.2207	0.211	1.44	4.2	7.5	1
0.8805	0.0713	0.0482	1.18	6.5	15	1
0.5778	0.4013	0.0209	1.5	4	7	1
0.7263	0.0805	0.1932	3.25	3.3	2.2	2
0.3882	0.3569	0.2548	1.8	3.5	4.5	3
0.9091	0.0589	0.032	1.4	4.5	8	1
0.4834	0.4483	0.0683	2.1	3.4	3.4	1
0.7271	0.0777	0.1952	2.1	3.3	3.5	1
0.3142	0.3749	0.3108	2.4	3.3	2.9	1
0.7798	0.1424	0.0778	1.4	4.5	8	1
0.4453	0.2515	0.3032	3.75	3.5	1.95	1
0.4641	0.4918	0.0441	1.4	4.5	7.5	1
0.6023	0.2877	0.11	2.2	3.25	3.3	3
0.6098	0.3496	0.0406	1.4	4.33	8.5	1
0.5705	0.2159	0.2136	1.85	3.5	4	3
0.4302	0.2899	0.2799	2.25	3.25	3.2	1
0.6481	0.1387	0.2132	3.2	3.25	2.25	3
0.786	0.1316	0.0824	1.4	4.5	7.5	1
0.3622	0.0784	0.5594	4	3.5	1.91	3
0.1772	0.1833	0.6395	4	3.4	1.91	2
0.3802	0.3085	0.3113	2.4	3.3	2.88	1
0.5808	0.2115	0.2077	1.91	3.4	4	2
0.495	0.2549	0.2502	2	3.4	3.7	1
0.5357	0.2874	0.1769	2.15	3.3	3.3	2
0.5824	0.1616	0.256	3.1	3.3	2.3	3
0.3727	0.0258	0.6016	2.9	3.3	2.4	3
0.6612	0.1869	0.1518	1.5	4	6.5	3
0.5143	0.2171	0.2686	1.83	3.5	4.33	2
0.8891	0.0508	0.0601	1.2	6.5	15	1
0.6419	0.3511	0.007	2	3.4	3.75	3
0.7103	0.2336	0.0562	2.1	3.3	3.5	3
0.6774	0.1689	0.1537	1.91	3.4	4	2
0.7964	0.0483	0.1553	3.75	3.6	1.91	1
0.7054	0.2718	0.0228	1.67	3.6	5.5	1
0.8825	0.0778	0.0397	1.25	5.75	11	1
0.1854	0.0635	0.7511	2.1	3.3	3.2	1
0.8964	0.0701	0.0335	1.44	4.33	7	1
0.1944	0.2536	0.552	5.5	3.75	1.62	2
0.2397	0.3033	0.4571	3.5	3.3	2.1	2
0.5591	0.0506	0.3903	4.75	3.5	1.75	2
0.6907	0.2105	0.0988	1.57	3.8	6	1
0.6584	0.0351	0.3064	3.5	3.4	2.1	3
0.1713	0.2088	0.6199	4.5	3.75	1.73	3
0.6856	0.1461	0.1683	1.62	3.6	6	3
0.3413	0.3031	0.3556	2.15	3.4	3.3	1
0.2338	0.1258	0.6404	2	3.4	3.75	1
0.864	0.0276	0.1084	1.33	4.75	9	1
0.2475	0.4379	0.3146	2.9	3.3	2.4	1
0.351	0.3678	0.2811	4.33	3.6	1.8	3
0.5624	0.07	0.3676	2	3.4	3.75	2
0.8597	0.0659	0.0744	1.62	3.8	5.5	1
0.1177	0.293	0.5893	2.3	3.3	3.1	3
0.7948	0.0545	0.1507	1.8	3.5	4.5	1
0.801	0.1785	0.0205	1.5	4	7	1
0.6835	0.2219	0.0946	1.85	3.5	4.2	2
0.2236	0.7191	0.0573	1.44	4	8	1
0.6991	0.1787	0.1222	3.2	3.25	2.25	3
0.7165	0.1903	0.0932	1.5	3.8	7.5	2
0.3806	0.2138	0.4056	2	3.4	3.75	2
0.0278	0.2942	0.678	8.5	4.75	1.36	2
0.6098	0.1145	0.2757	2.5	3.3	2.75	3
0.4212	0.3616	0.2171	2.25	3.25	3.2	2
0.7169	0.0654	0.2177	2.63	3.3	2.63	1
0.539	0.1789	0.2821	2	3.3	3.8	1
0.3553	0.312	0.3327	2.2	3.3	3.3	2
0.5456	0.1067	0.3478	2.5	3.25	2.8	3
0.855	0.0623	0.0827	1.36	4.75	8.5	2
0.6813	0.2419	0.0768	4.33	3.5	1.83	3
0.6708	0.0551	0.2741	1.8	3.4	4.75	2
0.7346	0.0686	0.1968	1.62	3.75	5.5	1
0.6872	0.1965	0.1163	1.44	4.2	7.5	1
0.3973	0.1484	0.4543	3.8	3.6	1.91	3
0.771	0.0541	0.1748	1.67	3.6	5.25	1
0.5323	0.2019	0.2658	3.3	3.25	2.2	3
0.2701	0.428	0.3019	8	4	1.44	2
0.5892	0.1829	0.2279	2.25	3.25	3.2	3
0.5021	0.3662	0.1317	1.44	4.2	7.5	1
0.3198	0.2339	0.4463	2	3.5	3.5	2
0.674	0.2494	0.0766	1.45	4	7	1
0.8015	0.0626	0.1359	1.73	3.6	4.75	3
0.4612	0.0182	0.5206	5.25	3.6	1.67	1
0.6294	0.0877	0.2829	2.1	3.4	3.4	1
0.7576	0.1772	0.0651	1.17	7	17	1
0.4508	0.203	0.3462	3.5	3.3	2.1	3
0.5428	0.1882	0.269	2.4	3.3	2.9	1
0.543	0.2197	0.2372	2.1	3.3	3.5	3
0.6767	0.076	0.2473	2.1	3.3	3.5	1
0.6711	0.0221	0.3068	2.8	3.4	2.4	3
0.1245	0.3343	0.5411	2.75	3.3	2.5	3
0.3842	0.2918	0.324	2	3.4	3.75	1
0.4623	0.2279	0.3097	2.2	3.3	3.25	2
0.697	0.2522	0.0509	2.4	3.25	2.9	1
0.4393	0.0659	0.4948	8	4.5	1.4	1
0.5451	0.0337	0.4211	2.4	3.3	2.88	1
0.6796	0.0688	0.2516	2.55	3.3	2.75	2
0.2833	0.4025	0.3142	1.44	4.33	7	1
0.4664	0.318	0.2156	1.33	5	9	1
0.1637	0.3257	0.5106	2.3	3.3	3.1	2
0.4623	0.3607	0.177	1.5	4	6.5	3
0.5064	0.3408	0.1527	2.38	3.25	3	3
0.6811	0.2028	0.1162	1.62	3.75	5.5	3
0.7812	0.1361	0.0827	2.3	3.25	3.1	3
0.1677	0.1212	0.7111	3.25	3.3	2.2	2
0.1325	0.3019	0.5656	2.2	3.4	3.2	3
0.1938	0.5883	0.2178	2.75	3.3	2.5	3
0.6771	0.2453	0.0776	1.4	4.5	8	1
0.6982	0.1568	0.145	1.62	3.75	5.5	2
0.6196	0.274	0.1065	3.1	3.25	2.3	1
0.628	0.0246	0.3473	2.4	3.4	2.8	1
0.3979	0.3135	0.2886	3.2	3.25	2.25	1
0.4733	0.3328	0.1939	2.38	3.25	3	3
0.6544	0.1979	0.1477	2.2	3.2	3.4	2
0.5832	0.1514	0.2654	2	3.4	3.75	1
0.7093	0.1961	0.0945	2.7	3.4	2.55	3
0.7223	0.0999	0.1777	1.4	4.5	8	1
0.3284	0.466	0.2057	1.44	4.33	7	2
0.5462	0.1391	0.3148	1.85	3.5	4.2	1
0.4919	0.1493	0.3588	2.38	3.25	3	1
0.237	0.3066	0.4564	5	3.5	1.73	1
0.3675	0.1294	0.5031	2.9	3.3	2.4	3
0.6959	0.1387	0.1654	1.83	3.5	4.33	3
0.1576	0.1149	0.7276	3.2	3.4	2.2	2
0.481	0.3249	0.1941	4	3.6	1.91	1
0.8532	0.0043	0.1425	1.33	4.75	10	1
0.2823	0.4931	0.2245	3.25	3.3	2.2	3
0.2543	0.2607	0.485	2.9	3.3	2.4	3
0.6776	0.1402	0.1822	2.1	3.3	3.5	1
0.6613	0.2181	0.1206	1.22	6	12	1
0.5444	0.0995	0.3561	2.38	3.25	3	1
0.308	0.617	0.0751	1.44	4.2	7.5	3
0.4728	0.3196	0.2076	1.36	4.5	9	1
0.3782	0.1661	0.4557	2.2	3.4	3.2	1
0.2963	0.3475	0.3563	2.7	3.4	2.5	3
0.8664	0.08	0.0536	1.57	3.8	6	2
0.1786	0.4629	0.3585	2.3	3.4	3	2
0.4879	0.0706	0.4415	4	3.75	1.83	3
0.4051	0.1099	0.4851	3.75	3.6	1.91	3
0.1657	0.4928	0.3416	1.29	5.25	10	1
0.3822	0.5015	0.1164	2.25	3.2	3.25	2
0.4283	0.2809	0.2908	6	4.33	1.5	2
0.6288	0.2024	0.1688	3.25	3.3	2.2	3
0.8398	0.0955	0.0647	1.29	5	11	1
0.3873	0.2736	0.3391	3.1	3.4	2.25	1
0.3129	0.466	0.2211	2.8	3.25	2.5	1
0.8957	0.074	0.0303	1.13	8	17	1
0.6886	0.1784	0.1331	1.6	3.8	5.5	2
0.3584	0.4919	0.1497	2.35	3.3	3	3
0.3486	0.5753	0.0762	2.4	3.3	2.88	2
0.5036	0.3055	0.1909	2	3.6	3.6	1
0.2792	0.5151	0.2057	1.83	3.6	4.2	1
0.363	0.388	0.249	1.33	5	9	2
0.1034	0.1446	0.752	2.15	3.4	3.2	3
0.4637	0.5023	0.034	1.33	5	9	2
0.4984	0.3021	0.1995	2.3	3.6	2.8	3
0.3554	0.1939	0.4507	3.75	3.6	1.91	1
0.0362	0.0919	0.8718	4.2	3.75	1.8	3
0.1815	0.2855	0.533	2.9	3.5	2.3	2
0.421	0.0586	0.5204	2.88	3.4	2.38	2
0.3921	0.3983	0.2097	4.33	4	1.73	2
0.6837	0.0666	0.2497	1.53	4.33	5.5	1
0.578	0.1623	0.2598	1.62	4	5.25	2
0.4881	0.2935	0.2184	1.73	4	4.2	1
0.8123	0.0925	0.0952	1.57	4	5.5	1
0.5632	0.1229	0.3138	2.1	3.4	3.4	3
0.7341	0.1339	0.132	2.2	3.3	3.25	3
0.1854	0.6995	0.1151	2.38	3.4	2.88	1
0.4762	0.0963	0.4274	2.6	3.25	2.7	1
0.1473	0.4839	0.3687	2.88	3.4	2.38	1
0.1329	0.5005	0.3666	1.91	3.4	4	2
0.3627	0.122	0.5154	2.38	3.4	2.88	3
0.3046	0.4486	0.2468	3.1	3.4	2.25	1
0.3284	0.2095	0.4621	7	4.33	1.44	1
0.4833	0.3171	0.1996	3.1	3.5	2.2	3
0.7038	0.0653	0.2309	1.91	3.4	4	3
0.234	0.1667	0.5993	1.33	4.75	10	3
0.5916	0.1626	0.2458	3.2	3.4	2.2	3
0.5705	0.2545	0.1751	1.4	4.75	7	1
0.7005	0.1216	0.1779	1.57	4	5.5	3
0.8884	0.0702	0.0414	1.36	4.75	8	3
0.2084	0.2673	0.5243	2.2	3.3	3.25	3
0.7758	0.1512	0.0731	2.4	3.3	2.88	1
0.8248	0.1457	0.0294	1.57	4	5.5	2
0.2149	0.3035	0.4816	2.1	3.5	3.25	1
0.3553	0.1041	0.5406	3.4	3.4	2.1	1
0.7919	0.1139	0.0942	1.36	4.75	8.5	2
0.8713	0.0331	0.0956	3.75	3.4	2	2
0.216	0.4448	0.3392	2.1	3.4	3.4	3
0.5688	0.0275	0.4038	2.2	3.25	3.25	1
0.2257	0.4321	0.3422	2.2	3.3	3.25	1
0.7022	0.0676	0.2302	1.8	3.5	4.5	3
0.6153	0.2898	0.095	1.22	6	12	2
0.5198	0.0343	0.4459	2.8	3.4	2.4	2
0.5065	0.3172	0.1762	1.8	3.5	4.5	1
0.0905	0.1777	0.7318	1.44	4.33	7	3
0.7531	0.0388	0.2082	1.53	4	6	1
0.6051	0.2727	0.1223	1.44	4.33	7	2
0.2644	0.3702	0.3654	2.25	3.3	3.2	3
0.209	0.7217	0.0693	3.6	3.5	2	2
0.5557	0.2175	0.2268	3.6	3.5	2	1
0.7871	0.1233	0.0897	3.6	3.5	2	3
0.9052	0.0757	0.0191	1.91	3.4	4	1
0.6667	0.2786	0.0547	1.5	4	7	1
0.6373	0.2519	0.1108	3.1	3.3	2.25	3
0.3363	0.4809	0.1828	1.91	3.5	3.9	3
0.2483	0.5276	0.2241	1.67	3.6	5.25	1
0.5487	0.0719	0.3794	2	3.3	3.8	3
0.6108	0.1169	0.2723	3.1	3.3	2.3	1
0.5039	0.2054	0.2906	3.25	3.3	2.2	2
0.5686	0.3366	0.0948	1.44	4.33	7	3
0.1822	0.7256	0.0922	2	3.4	3.75	1
0.2483	0.3648	0.387	1.53	3.8	6.5	2
0.2461	0.2024	0.5515	3.75	3.4	2	3
0.623	0.0872	0.2898	2.4	3.3	2.9	3
0.5699	0.1594	0.2707	2.4	3.3	2.9	1
0.1606	0.0459	0.7935	2.25	3.25	3.2	3
0.3929	0.2452	0.3619	1.44	4.33	7	1
0.6096	0.2675	0.1229	2	3.4	3.6	3
0.0949	0.6459	0.2592	2.25	3.3	3.2	1
0.5907	0.0864	0.3229	1.5	4	6.75	1
0.5422	0.375	0.0827	2.2	3.3	3.3	1
0.3697	0.0613	0.5689	3.5	3.4	2.05	2
0.5774	0.1002	0.3224	3	3.4	2.3	1
0.7764	0.1408	0.0828	2.55	3.3	2.7	1
0.3488	0.5958	0.0554	2.1	3.4	3.4	2
0.6327	0.0478	0.3195	1.91	3.5	3.9	3
0.061	0.2426	0.6964	4.33	3.6	1.8	3
0.4938	0.0358	0.4703	1.4	4.5	7.5	1
0.8379	0.1332	0.029	2.25	3.4	3.1	3
0.6304	0.2162	0.1534	2	3.4	3.75	2
0.5339	0.0656	0.4006	2.25	3.2	3.4	1
0.4988	0.0672	0.434	1.53	4.33	5.5	1
0.1605	0.5416	0.2979	2.3	3.4	3	3
0.2787	0.5764	0.1449	1.65	3.75	5.25	1
0.5189	0.0381	0.443	2.38	3.25	3	3
0.615	0.1889	0.1961	2.63	3.3	2.63	2
0.6652	0.0439	0.2908	2.8	3.25	2.5	2
0.5334	0.1326	0.3341	2.25	3.25	3.2	1
0.4453	0.2952	0.2595	2.1	3.25	3.5	1
0.5305	0.0984	0.3711	3.3	3.5	2.1	3
0.6168	0.2445	0.1387	2.9	3.3	2.38	1
0.744	0.2322	0.0238	1.75	3.6	4.6	2
0.3422	0.2005	0.4573	1.8	3.75	4.2	3
0.4196	0.1225	0.4579	1.67	3.75	5	1
0.6642	0.0748	0.261	1.29	5	11	1
0.6832	0.0957	0.2211	3.7	3.4	2	1
0.7296	0.1243	0.1461	2.1	3.4	3.4	1
0.4155	0.2919	0.2925	2.5	3.3	2.75	3
0.3118	0.2516	0.4367	2.5	3.25	2.8	3
0.64	0.2095	0.1505	1.5	4.33	6	3
0.2318	0.5008	0.2674	2.1	3.4	3.4	1
0.743	0.0709	0.1861	1.62	3.7	5.5	1
0.1929	0.0925	0.7145	2.75	3.3	2.5	3
0.6188	0.0329	0.3483	1.7	3.6	5	1
0.6283	0.2086	0.1631	2.38	3.4	2.88	1
0.3492	0.0354	0.6154	2.9	3.3	2.4	1
0.3529	0.4051	0.242	2.25	3.25	3.2	1
0.73	0.0619	0.2081	5.5	4	1.57	2
0.6244	0.2065	0.1691	2	3.4	3.75	1
0.2515	0.04	0.7085	4.33	3.6	1.8	3
0.6584	0.1587	0.1829	1.44	4.5	6.5	1
0.2989	0.1601	0.541	2.5	3.3	2.75	1
0.8073	0.149	0.0437	1.73	3.75	4.5	1
0.334	0.257	0.409	2.1	3.5	3.3	3
0.2479	0.685	0.067	3	3.4	2.3	2
0.6521	0.2154	0.1325	1.73	3.5	5	3
0.2682	0.054	0.6778	3.4	3.4	2.1	3
0.2837	0.2085	0.5077	1.91	3.6	3.75	2
0.6123	0.1753	0.2124	2.25	3.5	3	2
0.5517	0.3781	0.0702	1.33	5	8.5	1
0.4733	0.2404	0.2862	1.62	3.75	5.5	3
0.5288	0.4189	0.0524	2.25	3.4	3.1	3
0.0993	0.085	0.8157	5.5	3.75	1.62	3
0.6438	0.2173	0.1388	2.88	3.4	2.38	1
0.3835	0.5216	0.0949	3	3.4	2.3	2
0.6813	0.0606	0.2582	2.4	3.4	2.8	3
0.6006	0.1178	0.2816	1.95	3.5	3.75	3
0.385	0.2091	0.406	2.2	3.4	3.2	1
0.1289	0.7558	0.1153	3.2	3.4	2.2	2
0.3514	0.3136	0.335	1.53	4	6	3
0.5266	0.197	0.2764	1.85	3.4	4.33	1
0.5994	0.1312	0.2694	1.36	4.75	8	1
0.8552	0.1313	0.0135	1.29	5.5	9.5	1
0.4743	0.3267	0.199	2.1	3.3	3.5	1
0.5489	0.2703	0.1808	2.25	3.2	3.25	1
0.1667	0.0616	0.7718	2.55	3.3	2.7	2
0.5578	0.0199	0.4224	3.25	3.3	2.2	1
0.6397	0.2412	0.1192	2.8	3.3	2.45	2
0.679	0.0719	0.2491	1.75	3.75	4.5	1
0.6415	0.0887	0.2699	2.4	3.4	2.8	1
0.2103	0.2911	0.4986	2.2	3.2	3.4	1
0.6652	0.1703	0.1645	3	3.4	2.3	1
0.3893	0.1601	0.4505	2.25	3.4	3.1	3
0.6426	0.2384	0.119	3.4	3.4	2.1	1
0.2144	0.4962	0.2894	2.2	3.5	3.1	2
0.0899	0.5419	0.3682	2	3.6	3.5	2
0.6372	0.1898	0.173	1.4	4.5	8	1
0.1141	0.171	0.7149	4.5	3.75	1.73	3
0.7128	0.0872	0.2	2.4	3.4	2.8	1
0.5841	0.1608	0.2551	1.2	6.5	13	1
0.7314	0.2588	0.0098	1.57	4.2	5.25	1
0.2823	0.475	0.2427	2.38	3.4	2.88	1
0.1518	0.1157	0.7325	2.5	3.3	2.75	3
0.8164	0.0652	0.1184	1.62	3.8	5.5	2
0.7567	0.1692	0.074	2.5	3.3	2.75	2
0.5481	0.2394	0.2125	1.91	3.6	3.8	1
0.6483	0.129	0.2227	2.5	3.3	2.75	3
0.5406	0.1629	0.2965	3.25	3.5	2.1	3
0.0645	0.2043	0.7312	4.5	3.75	1.75	1
0.5354	0.1018	0.3628	2.1	3.4	3.4	1
0.6426	0.1977	0.1597	1.44	4.2	7.5	1
0.6001	0.2212	0.1787	2.6	3.2	2.75	3
0.6899	0.0698	0.2403	1.62	4	5	3
0.2838	0.2321	0.4841	2.1	3.5	3.3	2
0.4519	0.4073	0.1407	1.44	4.33	7	2
0.6869	0.1369	0.1761	4	3.6	1.85	3
0.2825	0.159	0.5585	2.38	3.4	2.88	3
0.4947	0.1711	0.3342	2	3.5	3.6	3
0.7611	0.1461	0.0928	2.1	3.4	3.4	3
0.6055	0.0704	0.3241	2.3	3.3	3.1	2
0.4301	0.3143	0.2555	1.95	3.4	3.8	1
0.2801	0.3492	0.3706	2	3.5	3.6	1
0.5137	0.051	0.4353	5	3.6	1.7	2
0.3885	0.4291	0.1824	2	3.4	3.75	3
0.6654	0.0997	0.2349	1.91	3.5	4.2	2
0.5118	0.4126	0.0756	1.53	4	6	1
0.7263	0.1005	0.1732	1.22	6	12	1
0.8684	0.0874	0.0442	1.5	4.33	6.5	2
0.6527	0.1814	0.1659	2.9	3.3	2.38	1
0.6267	0.1825	0.1908	2.38	3.2	3	2
0.7809	0.1822	0.0369	2.9	3.3	2.38	3
0.5032	0.3365	0.1603	2.3	3.25	3.1	3
0.6399	0.159	0.201	1.6	3.75	5.75	2
0.0589	0.466	0.4751	4.2	3.75	1.8	3
0.1903	0.1892	0.6205	1.53	4	6	1
0.4204	0.2857	0.2939	2.2	3.3	3.25	3
0.7135	0.0557	0.2308	3.3	3.5	2.1	1
0.6611	0.0629	0.2759	1.73	3.5	5	3
0.586	0.1817	0.2323	2.3	3.3	3.1	1
0.4828	0.439	0.0783	4.75	4	1.67	3
0.1403	0.2289	0.6308	4	3.75	1.83	3
0.4027	0.372	0.2252	2	3.5	3.6	3
0.2013	0.4442	0.3545	1.53	3.8	6.5	3
0.8709	0.1171	0.012	1.62	3.8	5.5	2
0.2497	0.41	0.3404	7	4.33	1.44	1
0.7104	0.0263	0.2634	2.5	3.3	2.75	1
0.3417	0.462	0.1963	1.8	3.6	4.33	1
0.3902	0.5274	0.0825	2.4	3.4	2.8	2
0.7194	0.0323	0.2483	2.88	3.3	2.4	3
0.3588	0.4087	0.2326	3.4	3.4	2.1	1
0.8309	0.0872	0.0819	2.1	3.4	3.4	2
0.8536	0.1213	0.0251	1.33	5	9	1
0.5346	0.175	0.2904	3.75	3.4	2	3
0.3464	0.0472	0.6064	5.5	3.8	1.62	2
0.3775	0.3918	0.2307	1.67	3.75	5	1
0.6488	0.1531	0.198	2	3.5	3.6	1
0.4941	0.3031	0.2028	1.73	3.6	4.75	3
0.4244	0.3017	0.2738	2.5	3.3	2.75	3
0.6498	0.0775	0.2726	2.4	3.3	2.9	1
0.3924	0.3413	0.2662	1.73	3.75	4.5	2
0.5455	0.4192	0.0354	1.62	3.75	5.5	3
0.7914	0.1343	0.0743	1.91	3.6	3.8	1
0.9245	0.0447	0.0308	1.25	5.5	12	1
0.6844	0.2436	0.072	2.5	3.3	2.75	1
0.6425	0.262	0.0955	1.91	3.6	3.75	1
0.5061	0.2108	0.2831	2	3.5	3.6	1
0.5332	0.338	0.1288	1.75	3.7	4.5	2
0.3091	0.5192	0.1717	5	4	1.62	3
0.7973	0.1053	0.0974	1.62	4	5	1
0.545	0.2682	0.1868	3.4	3.4	2.1	1
0.7681	0.0645	0.1674	1.8	3.75	4.2	1
0.5436	0.0183	0.4381	1.73	3.6	4.75	3
0.5015	0.3855	0.1131	2.25	3.25	3.2	1
0.416	0.2068	0.3772	2	3.4	3.75	3
0.6356	0.0561	0.3083	3.1	3.4	2.25	2
0.4373	0.2233	0.3394	1.83	3.5	4.33	2
0.1181	0.2345	0.6474	2.3	3.5	2.88	3
0.5605	0.2244	0.2152	2.5	3.3	2.75	3
0.186	0.6311	0.1829	3.1	3.4	2.25	2
0.8221	0.0672	0.1107	1.33	5	9	1
0.851	0.1014	0.0476	2.3	3.4	3	2
0.5753	0.2511	0.1736	5	3.75	1.67	1
0.7523	0.1033	0.1444	1.57	4	5.5	1
0.4223	0.1782	0.3995	2.6	3.4	2.6	1
0.8177	0.0734	0.1089	1.83	3.5	4.33	1
0.2299	0.3738	0.3963	2.1	3.4	3.4	1
0.5863	0.1347	0.2791	2.38	3.4	2.88	3
0.5893	0.1259	0.2848	1.91	3.4	4	3
0.505	0.203	0.2919	2.4	3.3	2.9	1
0.739	0.1104	0.1505	1.53	4	6	1
0.4031	0.1847	0.4122	4.75	3.6	1.73	1
0.7069	0.0447	0.2485	2.15	3.3	3.4	1
0.5755	0.2019	0.2225	1.67	3.5	5.5	1
0.6156	0.2193	0.1651	1.67	3.75	5	2
0.0762	0.339	0.5848	2.2	3.4	3.2	3
0.4459	0.4235	0.1306	3.25	3.3	2.2	3
0.5133	0.0364	0.4502	3.2	3.4	2.2	3
0.5005	0.1479	0.3516	2.25	3.4	3.1	3
0.6606	0.2327	0.1067	1.4	4.33	8.5	2
0.8033	0.1406	0.0561	2	3.4	3.7	1
0.5046	0.2527	0.2427	6.5	4.1	1.5	3
0.4907	0.3798	0.1296	1.7	3.6	4.75	1
0.6591	0.2382	0.1027	2.25	3.4	3.1	1
0.7711	0.1679	0.061	2.2	3.4	3.2	3
0.8743	0.0968	0.0289	1.75	3.6	4.5	1
0.3835	0.28	0.3365	1.95	3.5	3.75	2
0.5744	0.2546	0.171	3.4	3.25	2.15	3
0.5209	0.3508	0.1283	1.17	7	15	1
0.6126	0.1507	0.2367	1.4	4.5	8	1
0.4713	0.4021	0.1266	2.5	3.3	2.75	2
0.1302	0.1611	0.7087	3.6	3.5	2	3
0.5973	0.2098	0.1929	1.85	3.6	4	2
0.3421	0.3403	0.3176	2.2	3.4	3.2	2
0.4315	0.1861	0.3823	2.38	3.3	2.9	1
0.4094	0.4436	0.147	1.8	3.5	4.5	2
0.289	0.3215	0.3894	2.8	3.4	2.4	2
0.4786	0.2979	0.2235	2.6	3.25	2.7	1
0.4579	0.2097	0.3325	3.1	3.5	2.2	2
0.2488	0.1614	0.5898	2.2	3.3	3.25	1
0.1283	0.1792	0.6924	5.25	4	1.6	2
0.6954	0.1485	0.1561	2.2	3.4	3.2	1
0.1532	0.7093	0.1375	1.73	3.75	4.5	3
0.6384	0.165	0.1967	1.2	6	15	1
0.2935	0.5047	0.2018	2.25	3.4	3.1	1
0.4687	0.3488	0.1826	1.91	3.6	3.75	1
0.6085	0.1125	0.2791	2.5	3.4	2.7	3
0.2377	0.4514	0.311	1.91	3.6	3.75	2
0.6281	0.2858	0.0861	2	3.5	3.6	1
0.5048	0.2465	0.2487	2.25	3.4	3.1	3
0.6123	0.0757	0.312	2.1	3.4	3.4	2
0.5226	0.2991	0.1783	1.5	4.2	6.5	2
0.613	0.1902	0.1968	1.83	3.75	4	1
0.6162	0.3323	0.0515	1.29	5.5	9.5	1
0.5401	0.0957	0.3641	2.5	3.3	2.8	3
0.5116	0.1993	0.2892	5.5	4.33	1.53	2
0.7464	0.2079	0.0457	1.53	4	6	1
0.1399	0.2661	0.5939	5.25	4.2	1.57	1
0.7415	0.1275	0.131	2	3.4	3.75	3
0.2829	0.1105	0.6066	3.25	3.5	2.1	3
0.5603	0.1651	0.2746	2.1	3.4	3.4	1
0.5314	0.1429	0.3257	2.1	3.4	3.4	2
0.0923	0.4113	0.4964	1.67	4	4.75	1
0.713	0.0976	0.1895	1.8	3.6	4.33	1
0.3687	0.4341	0.1972	2.1	3.6	3.2	3
0.8071	0.1199	0.073	1.29	5.5	9.5	1
0.6345	0.0977	0.2678	1.4	4.5	7.5	1
0.271	0.2188	0.5102	3.8	3.6	1.91	1
0.3816	0.4441	0.1744	1.62	4	5	3
0.8778	0.035	0.0873	1.8	3.6	4.33	3
0.7979	0.051	0.1511	2.8	3.4	2.38	3
0.4397	0.2962	0.2641	2	3.4	3.75	1
0.2864	0.3033	0.4102	2	3.4	3.75	3
0.57	0.3369	0.0931	1.44	4.33	7	2
0.1508	0.3881	0.4611	1.57	4	5.5	1
0.6377	0.2274	0.1349	1.8	3.6	4.33	3
0.6902	0.162	0.1478	2.38	3.25	3	3
0.1027	0.082	0.8153	11	6.5	1.22	3
0.2101	0.2117	0.5782	2.1	3.4	3.4	1
0.4982	0.034	0.4678	2	3.6	3.5	1
0.6114	0.3212	0.0673	1.44	4.33	7	3
0.949	0.0309	0.0201	1.29	5.5	10	1
0.7569	0.1348	0.1082	1.57	4.33	5	1
0.3363	0.1439	0.5198	2.25	3.4	3.1	1
0.5348	0.0865	0.3787	4.33	3.6	1.8	3
0.7325	0.0321	0.2354	2.88	3.5	2.3	2
0.5332	0.1456	0.3212	2.05	3.5	3.4	1
0.7844	0.037	0.1787	3.5	3.6	2	3
0.6136	0.1789	0.2075	2.3	3.5	2.88	1
0.5742	0.2016	0.2242	1.36	5	7.5	1
0.4478	0.2484	0.3038	1.57	3.8	6	1
0.2406	0.6292	0.1302	2.25	3.4	3.1	2
0.4733	0.3711	0.1556	2.5	3.4	2.7	3
0.7896	0.1184	0.092	2.1	3.4	3.4	1
0.4308	0.2942	0.2751	2.1	3.4	3.4	3
0.6331	0.1292	0.2377	2.2	3.4	3.2	1
0.7099	0.0439	0.2462	1.8	3.6	4.33	1
0.6677	0.2187	0.1136	1.2	6.5	13	3
0.3775	0.3849	0.2376	3.8	3.5	1.95	1
0.717	0.0487	0.2343	2.3	3.4	3	3
0.5637	0.1518	0.2845	1.95	3.6	3.6	2
0.602	0.2836	0.1144	4.5	3.75	1.73	1
0.6111	0.0938	0.2951	2.5	3.4	2.7	2
0.0813	0.3351	0.5835	2.3	3.4	3	3
0.2407	0.3831	0.3761	1.62	3.8	5.5	1
0.3616	0.5821	0.0563	4	3.75	1.83	3
0.4778	0.4519	0.0703	1.83	3.5	4.2	2
0.2526	0.4561	0.2914	1.83	3.6	4.2	1
0.6291	0.05	0.3209	2.7	3.3	2.6	1
0.5467	0.0771	0.3762	2.8	3.3	2.5	3
0.7429	0.1159	0.1412	1.33	5	9	1
0.4463	0.3146	0.239	1.29	5	11	1
0.3728	0.2598	0.3673	2.3	3.3	3.1	2
0.8135	0.1159	0.0706	2.3	3.4	3	3
0.4724	0.1575	0.3701	1.55	4	6	1
0.7741	0.0483	0.1776	2.2	3.3	3.3	2
0.927	0.0475	0.0255	2.5	3.3	2.75	3
0.5587	0.17	0.2713	2.5	3.4	2.7	1
0.5941	0.1988	0.2071	2.8	3.25	2.5	1
0.1931	0.5056	0.3013	1.85	3.6	4	3
0.4572	0.3738	0.169	2.3	3.4	3	3
0.0732	0.372	0.5549	6.5	4.2	1.5	3
0.4323	0.3216	0.2461	2.6	3.4	2.6	2
0.5663	0.0968	0.3369	1.73	3.6	4.75	1
0.5339	0.2451	0.221	2.3	3.4	3	2
0.2754	0.3749	0.3496	1.8	3.6	4.33	1
0.7549	0.0171	0.228	5	3.75	1.67	3
0.8556	0.0524	0.092	1.17	7	15	1
0.812	0.0718	0.1162	1.4	4.5	8	3
0.5497	0.1052	0.3451	2.2	3.3	3.25	3
0.4408	0.1124	0.4468	1.91	3.6	3.75	1
0.5402	0.2185	0.2414	1.85	3.6	4	1
0.8172	0.098	0.0848	1.6	4.2	5	1
0.759	0.1425	0.0986	2.6	3.25	2.7	3
0.3945	0.3322	0.2733	2.5	3.3	2.75	1
0.7143	0.1875	0.0982	3.3	3.5	2.1	3
0.5828	0.1145	0.3027	2.4	3.5	2.8	3
0.2973	0.5705	0.1323	1.57	3.8	6	2
0.4868	0.1133	0.3999	1.95	3.6	3.6	1
0.6664	0.0383	0.2952	2.5	3.4	2.7	1
0.5366	0.4566	0.0068	1.4	4.6	7.5	3
0.1532	0.5327	0.3141	2.63	3.5	2.5	2
0.4506	0.0697	0.4797	4.2	3.5	1.85	1
0.1693	0.1198	0.7109	5	3.8	1.67	3
0.3057	0.3796	0.3147	1.57	4	5.5	3
0.0936	0.7336	0.1728	2.88	3.4	2.38	2
0.7276	0.2446	0.0278	1.33	5	9	1
0.6951	0.2293	0.0755	3.75	3.6	1.91	3
0.3475	0.3154	0.3371	2.1	3.4	3.4	1
0.4736	0.2236	0.3028	1.36	4.75	8.5	1
0.5926	0.2592	0.1482	1.83	3.75	4	1
0.0437	0.4461	0.5102	3	3.4	2.3	1
0.7968	0.1405	0.0627	1.83	3.5	4.33	1
0.6603	0.2144	0.1252	2.88	3.4	2.38	3
0.7424	0.0524	0.2052	1.25	5.5	12	1
0.1779	0.3792	0.4429	3.1	3.3	2.3	1
0.7228	0.1763	0.1009	1.91	3.5	4	1
0.0849	0.1067	0.8084	6.5	4.5	1.44	2
0.8172	0.109	0.0738	1.67	3.75	5	1
0.7478	0.1267	0.1254	2.1	3.25	3.5	2
0.6477	0.1263	0.226	2.75	3.3	2.5	3
0.1256	0.359	0.5154	2.75	3.3	2.5	1
0.6713	0.1922	0.1364	2.8	3.5	2.4	3
0.9487	0.0286	0.0227	1.2	6.5	13	1
0.6903	0.1149	0.1948	1.67	3.75	5	3
0.9188	0.0447	0.0365	2.6	3.4	2.6	2
0.5549	0.0684	0.3768	1.44	4.2	7.5	3
0.1983	0.4359	0.3659	2	3.5	3.6	1
0.7493	0.1521	0.0986	2.1	3.4	3.4	1
0.439	0.2509	0.31	2.4	3.4	2.8	1
0.5934	0.2166	0.19	2.5	3.4	2.7	3
0.193	0.6957	0.1112	3.8	3.6	1.91	2
0.7992	0.0808	0.12	1.29	5.5	9.5	1
0.317	0.2692	0.4139	2.15	3.4	3.3	2
0.2909	0.3816	0.3275	1.95	3.5	3.75	2
0.4173	0.233	0.3497	2	3.5	3.6	1
0.4764	0.3262	0.1974	2	3.5	3.6	1
0.264	0.1937	0.5422	2.5	3.4	2.7	2
0.1788	0.1964	0.6248	9	4.5	1.36	1
0.4858	0.2784	0.2358	2	3.5	3.6	3
0.2944	0.38	0.3257	3.3	3.5	2.1	3
0.8343	0.1476	0.0181	1.17	7	16	1
0.6551	0.1607	0.1843	2.7	3.4	2.5	3
0.4677	0.0938	0.4385	2	3.4	3.75	1
0.3108	0.216	0.4732	1.95	3.3	4	1
0.2699	0.3887	0.3415	3.3	3.3	2.2	2
0.4938	0.345	0.1612	2.2	3.4	3.2	3
0.4794	0.1022	0.4183	1.91	3.5	4	1
0.7184	0.1248	0.1568	1.91	3.4	4	2
0.4764	0.2223	0.3013	2.5	3.4	2.7	1
0.7925	0.1341	0.0734	1.33	4.75	9.5	1
0.3026	0.2754	0.422	2.25	3.3	3.2	3
0.6377	0.1384	0.2239	1.67	3.8	5	2
0.4989	0.2709	0.2301	1.62	3.75	5.5	2
0.3939	0.1549	0.4512	1.73	3.5	5	3
0.6072	0.3165	0.0763	1.44	4.2	7.5	1
0.1753	0.1033	0.7214	15	6	1.2	3
0.2829	0.2317	0.4854	2.7	3.4	2.5	2
0.5624	0.1175	0.3201	2.88	3.4	2.38	3
0.2139	0.0556	0.7305	1.62	3.8	5.5	3
0.5452	0.3097	0.1452	2.6	3.4	2.6	2
0.4189	0.0908	0.4903	2.5	3.3	2.75	1
0.7324	0.0775	0.1901	1.75	3.5	4.75	1
0.5536	0.3225	0.1239	2.3	3.4	3	1
0.2272	0.2274	0.5454	2.3	3.4	3	1
0.7689	0.1293	0.1018	1.4	4.5	8	1
0.6302	0.204	0.1658	3.2	3.4	2.2	3
0.5016	0.1198	0.3786	2.88	3.4	2.38	1
0.7165	0.0884	0.1952	1.65	3.75	5.25	1
0.1981	0.4792	0.3227	2.2	3.4	3.2	2
0.2662	0.373	0.3609	2.88	3.2	2.5	2
0.243	0.2692	0.4878	1.62	3.75	5.5	2
0.4077	0.1553	0.4369	2	3.3	3.8	1
0.4003	0.2221	0.3776	9	5	1.33	1
0.6477	0.2744	0.0779	2.1	3.4	3.4	1
0.7514	0.0773	0.1713	1.73	3.75	4.5	1
0.6469	0.0605	0.2927	1.3	5.5	9	1
0.5759	0.0793	0.3448	2.38	3.4	2.88	2
0.0582	0.7471	0.1947	2.4	3.3	2.88	2
0.2185	0.2232	0.5583	3.4	3.4	2.1	2
0.5335	0.3184	0.1481	1.44	4.33	7	2
0.6468	0.1373	0.2159	2.38	3.4	2.88	2
0.5456	0.2044	0.2501	1.91	3.4	4	1
0.6922	0.0739	0.2339	1.36	4.75	8.5	1
0.2553	0.2612	0.4836	2.75	3.3	2.5	3
0.4364	0.0561	0.5075	4	3.4	1.91	1
0.4851	0.2532	0.2617	2.3	3.4	3	1
0.1527	0.2982	0.5492	2.7	3.4	2.5	2
0.632	0.3097	0.0584	2.2	3.4	3.2	2
0.6484	0.1561	0.1955	2.3	3.4	3	3
0.4556	0.4701	0.0743	1.62	4	5	1
0.8909	0.0482	0.0609	1.25	5.5	12	2
0.4818	0.2027	0.3155	6.25	4	1.53	3
0.52	0.335	0.145	2.5	3.4	2.7	2
0.5728	0.3136	0.1135	1.13	8.5	17	1
0.4885	0.1104	0.401	5.5	4	1.57	3
0.2539	0.6523	0.0938	1.57	3.75	6	2
0.2981	0.3688	0.3331	1.91	3.5	4	2
0.5765	0.1447	0.2789	1.5	4	7	3
0.7785	0.1272	0.0943	2	3.5	3.6	1
0.3776	0.2531	0.3693	2.6	3.4	2.6	1
0.4507	0.2084	0.341	2.3	3.3	3.1	2
0.6224	0.0952	0.2824	1.83	3.5	4.33	1
0.1594	0.2262	0.6144	5	3.75	1.67	1
0.1107	0.5967	0.2926	2.05	3.4	3.6	1
0.204	0.1979	0.5981	1.85	3.6	4	2
0.2874	0.1884	0.5242	2.8	3.4	2.4	2
0.4886	0.1696	0.3418	2.15	3.3	3.4	1
0.7724	0.0925	0.1351	1.8	3.6	4.33	1
0.5058	0.2307	0.2635	1.8	3.75	4.2	1
0.4001	0.2286	0.3714	4.33	3.5	1.83	3
0.5047	0.2312	0.2641	1.8	3.5	4.5	1
0.7409	0.121	0.1381	2.2	3.4	3.2	1
0.1681	0.6697	0.1622	2.5	3.2	2.88	2
0.6027	0.2792	0.1181	1.17	7	15	1
0.6596	0.2793	0.0611	1.33	5	9	1
0.2248	0.1923	0.5829	4	3.5	1.91	3
0.5718	0.187	0.2412	2.38	3.25	3	3
0.7334	0.1649	0.1017	2.2	3.4	3.2	2
0.5558	0.2287	0.2155	1.67	3.75	5	1
0.4489	0.0506	0.5005	2.5	3.25	2.8	3
0.2188	0.2437	0.5375	6	4	1.57	3
0.2605	0.2474	0.4921	6	4	1.53	2
0.6459	0.2057	0.1484	2.4	3.4	2.8	3
0.4447	0.1907	0.3646	1.62	3.8	5.5	2
0.4164	0.2199	0.3638	1.75	3.75	4.5	2
0.8354	0.0458	0.1189	1.73	3.75	4.5	2
0.1268	0.3228	0.5504	2.88	3.4	2.4	2
0.5556	0.2076	0.2368	3.2	3.4	2.2	2
0.5288	0.1017	0.3696	1.75	3.5	4.75	3
0.3957	0.4316	0.1727	1.7	3.8	4.75	1
0.7274	0.1457	0.127	1.14	8	15	1
0.6323	0.2776	0.0901	1.4	4.5	8	1
0.7103	0.0378	0.2519	1.91	3.4	4	2
0.194	0.5327	0.2733	2.38	3.4	2.88	1
0.6816	0.1479	0.1705	1.8	3.5	4.5	1
0.6965	0.224	0.0796	1.83	3.5	4.33	2
0.4879	0.1478	0.3643	2.7	3.2	2.63	2
0.6144	0.1714	0.2141	3.1	3.4	2.25	3
0.3883	0.1698	0.4419	2.4	3.3	2.9	2
0.4137	0.0467	0.5396	9	5.5	1.3	2
0.6064	0.1308	0.2628	2	3.5	3.6	3
0.0373	0.3308	0.6319	7	4	1.5	3
0.3998	0.0979	0.5022	3.2	3.3	2.25	3
0.7026	0.1698	0.1276	1.5	4	7	1
0.7023	0.2531	0.0446	1.73	3.5	5	1
0.7078	0.2072	0.0851	2.5	3.3	2.8	1
0.6601	0.2717	0.0682	1.67	3.75	5	1
0.8741	0.0596	0.0662	1.73	3.75	4.5	2
0.3179	0.473	0.2092	2.6	3.25	2.7	1
0.2193	0.2156	0.5651	3.75	3.6	1.91	3
0.4916	0.2349	0.2734	1.73	3.6	4.75	1
0.7515	0.081	0.1675	1.67	3.75	5	1
0.6278	0.2778	0.0943	1.8	3.5	4.5	3
0.3941	0.3268	0.2791	2.2	3.3	3.25	3
0.6928	0.1735	0.1337	1.4	4.5	7.5	1
0.5665	0.1743	0.2592	1.25	5.5	12	1
0.7432	0.2102	0.0465	1.3	5	11	1
0.6209	0.0976	0.2815	3.8	3.6	1.91	1
0.1343	0.3004	0.5653	2	3.5	3.6	3
0.2896	0.6564	0.054	1.73	3.5	5	2
0.2629	0.1136	0.6235	2.5	3.4	2.7	1
0.4935	0.3868	0.1197	2.3	3.25	3.1	2
0.1911	0.1806	0.6283	4.5	3.6	1.8	1
0.6605	0.2275	0.112	1.62	3.8	5.5	2
0.2693	0.2668	0.4639	3	3.25	2.38	1
0.7455	0.1227	0.1318	1.67	3.75	5	2
0.0853	0.1799	0.7348	8.5	4.75	1.36	2
0.8016	0.1417	0.0567	1.25	5.5	12	1
0.5864	0.3367	0.077	2.38	3.25	3	1
0.7484	0.0799	0.1716	1.91	3.4	4	1
0.647	0.2649	0.0881	1.53	4	6	2
0.3642	0.0416	0.5942	2.88	3.4	2.38	1
0.6535	0.0578	0.2887	1.83	3.6	4.2	1
0.4287	0.1392	0.4321	2	3.5	3.6	1
0.0902	0.4533	0.4565	2.3	3.4	3	3
0.7842	0.0557	0.1601	2.9	3.3	2.4	1
0.6023	0.2797	0.118	1.33	5	9	1
0.4965	0.3085	0.1949	1.83	3.75	4	3
0.0449	0.1164	0.8387	9	5	1.33	3
0.6626	0.1701	0.1673	2.1	3.4	3.4	3
0.7184	0.2251	0.0565	2	3.4	3.75	3
0.2318	0.2175	0.5507	1.62	3.8	5.5	1
0.4817	0.0382	0.4801	3.5	3.3	2.1	3
0.6608	0.1391	0.2	2.05	3.5	3.4	1
0.8726	0.0383	0.0892	1.17	7	15	1
0.6764	0.1641	0.1596	2	3.4	3.75	1
0.3084	0.5175	0.1741	1.73	3.5	5	3
0.5224	0.3204	0.1572	1.67	3.6	5.25	3
0.4102	0.2853	0.3045	1.91	3.6	3.75	1
0.2813	0.6623	0.0564	1.8	3.5	4.5	2
0.2553	0.1276	0.6171	8	4.5	1.4	3
0.8541	0.1031	0.0427	1.83	3.5	4.33	1
0.7006	0.115	0.1844	1.29	5.5	10	2
0.6393	0.2044	0.1563	2	3.4	3.75	1
0.6119	0.1695	0.2186	2.4	3.3	2.9	3
0.6377	0.2019	0.1603	2.5	3.25	2.8	3
0.7561	0.0856	0.1583	1.7	3.8	4.75	3
0.354	0.0588	0.5872	8.5	4.75	1.36	3
0.5757	0.3229	0.1015	2.1	3.4	3.4	3
0.5008	0.0547	0.4445	2.7	3.25	2.6	1
0.4171	0.1542	0.4287	3	3.4	2.3	2
0.87	0.0514	0.0786	1.13	8	21	1
0.604	0.3171	0.0788	2.8	3.4	2.4	2
0.5348	0.3394	0.1258	2.1	3.4	3.4	2
0.2408	0.4295	0.3297	2.75	3.3	2.5	3
0.547	0.1957	0.2573	1.57	3.75	6	2
0.8054	0.1464	0.0482	2.05	3.4	3.6	1
0.2139	0.2779	0.5082	5.5	4	1.57	3
0.3561	0.3175	0.3264	2.75	3.3	2.5	2
0.8207	0.1287	0.0506	1.67	3.8	5	1
0.552	0.2178	0.2302	2.7	3.4	2.5	3
0.6471	0.1187	0.2343	2.1	3.4	3.4	3
0.461	0.3412	0.1978	1.57	4	5.5	1
0.6819	0.145	0.1731	2.4	3.4	2.8	2
0.3025	0.2913	0.4062	2.6	3.4	2.7	1
0.2405	0.2918	0.4677	2.1	3.5	3.3	1
0.6718	0.0818	0.2464	2.2	3.4	3.2	1
0.7323	0.1709	0.0968	1.4	4.5	8	1
0.3593	0.3583	0.2825	3	3.4	2.3	1
0.7027	0.0783	0.219	1.73	4	4.2	1
0.7519	0.1682	0.0799	1.29	5	11	2
0.1971	0.5153	0.2876	2.3	3.4	3	1
0.1987	0.418	0.3833	2.8	3.4	2.4	3
0.19	0.6537	0.1562	1.53	4	6	2
0.3718	0.0844	0.5438	3.3	3.5	2.1	3
0.6357	0.1291	0.2352	1.73	3.75	4.5	3
0.1947	0.6483	0.157	2.3	3.4	3	2
0.8688	0.113	0.0182	1.5	4.33	6	1
0.4604	0.2166	0.323	1.91	3.6	3.75	2
0.5439	0.1106	0.3454	1.44	4.2	7.5	1
0.3185	0.5406	0.1409	4	3.75	1.83	2
0.3281	0.4638	0.208	1.53	4	6	3
0.3918	0.1918	0.4163	2.38	3.4	2.88	3
0.3158	0.143	0.5412	2.2	3.3	3.25	2
0.143	0.1204	0.7365	3.2	3.4	2.2	3
0.4822	0.2772	0.2407	3.2	3.4	2.2	2
0.3131	0.2167	0.4702	1.83	3.5	4.2	2
0.1492	0.4404	0.4104	1.7	3.75	4.75	1
0.7152	0.1889	0.0959	2.25	3.5	3	1
0.6734	0.1984	0.1282	2.1	3.4	3.4	2
0.7282	0.1475	0.1242	1.91	3.5	4	3
0.0351	0.4771	0.4878	7	4	1.5	3
0.586	0.2131	0.2009	1.83	3.6	4.2	1
0.6174	0.0937	0.289	1.73	3.75	4.5	2
0.6867	0.1423	0.171	1.44	4.33	7	1
0.606	0.2803	0.1137	2.1	3.5	3.3	1
0.1983	0.7133	0.0884	2.4	3.3	2.88	1
0.8103	0.16	0.0297	1.3	5.25	9.5	1
0.443	0.1942	0.3627	5	4	1.62	3
0.4821	0.2257	0.2921	1.33	5	9	1
0.7387	0.0639	0.1974	1.95	3.6	3.6	1
0.4942	0.3099	0.1959	2.3	3.4	3	3
0.2709	0.3717	0.3574	2.5	3.3	2.8	3
0.4597	0.2912	0.2491	1.91	3.75	3.6	1
0.5243	0.0631	0.4126	2.5	3.4	2.7	3
0.6525	0.089	0.2584	1.3	5.5	9	1
0.4627	0.0207	0.5166	2	3.5	3.6	3
0.2892	0.0821	0.6287	2.8	3.4	2.4	1
0.2022	0.3567	0.4411	2.5	3.3	2.75	2
0.0937	0.0865	0.8198	8.5	4.75	1.36	3
0.3787	0.3946	0.2267	2.05	3.4	3.5	3
0.6551	0.1417	0.2033	1.91	3.4	4	1
0.4069	0.4713	0.1218	2.88	3.4	2.38	2
0.2533	0.4751	0.2716	2	3.5	3.6	3
0.4859	0.0435	0.4705	1.8	3.5	4.5	3
0.1727	0.7305	0.0968	2.9	3.3	2.4	2
0.7774	0.0627	0.16	2.05	3.4	3.5	3
0.7241	0.0599	0.216	1.57	4	5.5	1
0.012	0.3399	0.648	6	4	1.55	2
0.4172	0.3473	0.2355	1.36	4.75	8.5	1
0.5641	0.2331	0.2028	1.73	3.75	4.5	1
0.8274	0.1309	0.0417	1.25	6	11	1
0.5907	0.1645	0.2448	1.95	3.5	3.75	3
0.8247	0.0376	0.1377	2.7	3.4	2.5	2
0.7515	0.1327	0.1158	1.17	7	15	1
0.8143	0.1307	0.055	1.44	4.33	7	1
0.5067	0.0869	0.4064	3.75	3.5	1.95	3
0.813	0.1334	0.0536	2.3	3.4	3	1
0.4986	0.2156	0.2858	2	3.4	3.75	3
0.2773	0.3254	0.3973	1.62	3.8	5.5	2
0.4957	0.3108	0.1935	2	3.4	3.75	1
0.1264	0.4186	0.4549	2.4	3.4	2.8	1
0.1151	0.491	0.3939	2.1	3.4	3.4	3
0.1997	0.7527	0.0475	2.15	3.4	3.3	2
0.2673	0.1109	0.6218	5.25	4.2	1.57	1
0.588	0.0899	0.3222	1.73	3.6	4.75	1
0.0837	0.11	0.8063	4	3.4	1.91	3
0.4724	0.4853	0.0423	1.8	3.75	4.2	2
0.1514	0.1309	0.7177	2.5	3.4	2.7	1
0.5458	0.1613	0.2929	1.91	3.6	3.8	2
0.5584	0.2641	0.1775	1.91	3.6	3.75	2
0.8691	0.1193	0.0116	1.2	6.5	13	1
0.2002	0.3034	0.4964	4.2	3.75	1.8	2
0.5078	0.0704	0.4217	2.15	3.25	3.5	3
0.631	0.2197	0.1494	1.57	3.8	6	1
0.4365	0.1726	0.391	3.2	3.3	2.25	3
0.3991	0.2115	0.3894	2.5	3.4	2.7	3
0.2304	0.2625	0.5071	2.1	3.4	3.4	1
0.2897	0.4687	0.2416	1.91	3.5	4	2
0.69	0.1661	0.1439	1.83	3.75	4	3
0.152	0.3834	0.4646	4.33	3.5	1.83	2
0.7245	0.0776	0.1979	1.36	4.5	9	1
0.3465	0.3189	0.3346	2.3	3.4	3	1
0.6665	0.103	0.2305	1.75	3.75	4.5	2
0.716	0.0402	0.2438	1.44	4.33	7	1
0.44	0.2568	0.3032	2.3	3.4	3	3
0.0567	0.1318	0.8115	6	4	1.53	3
0.7112	0.2576	0.0312	1.75	3.75	4.5	1
0.2711	0.4851	0.2438	2.1	3.4	3.4	3
0.1207	0.7237	0.1556	2.9	3.5	2.3	1
0.8077	0.1786	0.0137	1.14	7.5	17	1
0.7574	0.1209	0.1217	2.1	3.5	3.3	1
0.1335	0.2047	0.6617	2.7	3.4	2.5	3
0.4127	0.1131	0.4742	1.83	3.5	4.33	1
0.7291	0.1462	0.1247	1.4	4.5	8	1
0.1219	0.3735	0.5046	5	3.75	1.67	2
0.6589	0.1012	0.2398	2.25	3.5	3	1
0.4223	0.1965	0.3812	2.4	3.5	2.75	2
0.0566	0.8141	0.1293	1.83	3.6	4.2	2
0.6565	0.157	0.1865	1.62	4	5	3
0.243	0.2481	0.5089	2.1	3.5	3.3	1
0.6276	0.0377	0.3348	11	5	1.29	3
0.7406	0.2277	0.0317	1.67	3.8	5	2
0.1389	0.6821	0.1789	2.1	3.4	3.4	1
0.2713	0.3041	0.4246	2.25	3.4	3.1	3
0.6476	0.196	0.1565	2.25	3.4	3.1	3
0.5849	0.2951	0.12	2	3.5	3.6	2
0.5568	0.1888	0.2543	2.38	3.4	2.88	3
0.434	0.1107	0.4553	2.3	3.3	3.1	3
0.5833	0.2728	0.1439	5.5	3.75	1.62	3
0.1896	0.6012	0.2092	2.6	3.4	2.6	2
0.643	0.1964	0.1606	2	3.5	3.6	1
0.8173	0.1117	0.071	1.3	5.5	9	1
0.7686	0.1759	0.0555	1.22	6	13	3
0.2782	0.5051	0.2167	1.91	3.6	3.8	3
0.6329	0.2278	0.1393	2.1	3.5	3.3	1
0.386	0.5455	0.0684	1.6	4	5.25	2
0.7928	0.1488	0.0583	1.33	5	9	2
0.0318	0.1091	0.8591	7.5	5	1.36	3
0.0543	0.7764	0.1693	1.7	3.75	4.75	1
0.13	0.4019	0.468	4.33	3.6	1.8	1
0.3151	0.4177	0.2672	2.25	3.25	3.2	2
0.4762	0.4231	0.1007	2.5	3.4	2.7	1
0.7786	0.0927	0.1287	1.44	4.33	7	1
0.5661	0.2491	0.1848	2	3.5	3.6	1
0.3285	0.5712	0.1003	1.8	3.5	4.5	1
0.6258	0.1195	0.2546	6.5	4.1	1.5	3
0.7596	0.1009	0.1396	1.17	7	16	1
0.0455	0.7178	0.2367	2.75	3.3	2.5	2
0.5695	0.1336	0.2969	2	3.5	3.6	2
0.7459	0.1343	0.1198	1.44	4.5	7	1
0.5906	0.1145	0.2949	2.6	3.25	2.7	3
0.7111	0.08	0.2089	2	3.5	3.6	3
0.0928	0.3805	0.5267	3.1	3.5	2.2	1
0.6377	0.1284	0.234	1.17	7	15	1
0.5201	0.0841	0.3958	1.73	3.75	4.5	1
0.4848	0.3263	0.1889	2.4	3.4	2.8	1
0.3825	0.452	0.1655	2.1	3.4	3.4	3
0.1144	0.3919	0.4938	2.63	3.5	2.5	1
0.4473	0.3053	0.2474	2.38	3.4	2.88	3
0.0176	0.2541	0.7283	10	5.5	1.29	2
0.6916	0.265	0.0434	2.25	3.4	3.1	3
0.6329	0.0988	0.2683	1.53	4.1	6	1
0.6478	0.0552	0.297	3	3.25	2.38	1
0.74	0.1639	0.0961	1.17	7	15	1
0.1299	0.6847	0.1854	2.5	3.3	2.75	2
0.3406	0.0557	0.6036	5.5	3.75	1.62	3
0.4334	0.2748	0.2918	1.5	4.33	6	2
0.4703	0.2244	0.3053	2.25	3.4	3.1	2
0.5689	0.1311	0.3001	2.38	3.25	3	2
0.6978	0.2098	0.0924	2.2	3.5	3.1	1
0.4127	0.1835	0.4038	3.1	3.4	2.25	3
0.5959	0.378	0.0261	1.13	8	19	2
0.5085	0.4275	0.064	2.1	3.4	3.4	3
0.6725	0.1337	0.1938	4.5	3.5	1.8	1
0.7765	0.1025	0.121	1.62	4	5	1
0.1136	0.3287	0.5577	8	4.75	1.36	3
0.4987	0.3439	0.1574	2.38	3.4	2.88	1
0.3127	0.4844	0.2029	2.3	3.4	3	1
0.6763	0.0914	0.2324	1.6	4	5.25	1
0.5766	0.3439	0.0795	2.6	3.5	2.55	3
0.5026	0.1576	0.3398	2.88	3.4	2.38	1
0.6485	0.1479	0.2036	2.5	3.3	2.75	2
0.3711	0.0717	0.5571	1.75	3.8	4.33	2
0.711	0.055	0.234	3	3.4	2.3	3
0.9107	0.0531	0.0362	1.5	4.33	6	1
0.3309	0.4163	0.2528	2	3.5	3.6	1
0.1827	0.2774	0.5399	1.44	4.5	6.5	2
0.6856	0.0933	0.2211	2.6	3.3	2.63	3
0.5752	0.2596	0.1653	1.91	3.6	3.75	2
0.6102	0.2117	0.1782	2	3.5	3.75	1
0.1942	0.0999	0.7059	10	5.5	1.29	3
0.7781	0.1278	0.0941	1.29	5.5	10	3
0.2977	0.4035	0.2988	2.4	3.5	2.8	1
0.6967	0.1317	0.1716	1.7	3.6	5	1
0.7545	0.0793	0.1662	1.91	3.3	4.2	1
0.5593	0.1319	0.3088	3.1	3.4	2.25	1
0.2128	0.1836	0.6036	2.8	3.5	2.4	1
0.767	0.1278	0.1052	2.4	3.3	2.9	1
0.7257	0.194	0.0804	1.14	7.5	17	2
0.8382	0.0816	0.0802	2.75	3.3	2.5	1
0.1753	0.6145	0.2102	2.38	3.2	3	2
0.6676	0.3091	0.0232	1.6	4	5.25	1
0.3447	0.4061	0.2492	2.25	3.4	3.1	1
0.5868	0.1472	0.266	1.67	3.75	5	3
0.3647	0.2168	0.4185	2.1	3.5	3.3	3
0.3519	0.2283	0.4198	7	4.33	1.44	3
0.6431	0.292	0.0649	1.83	4	3.75	2
0.3695	0.409	0.2216	1.67	3.8	5	1
0.9061	0.0618	0.0321	1.1	10	19	1
0.1838	0.3487	0.4675	2.38	3.4	2.9	2
0.6968	0.1245	0.1787	1.67	4	4.75	1
0.3126	0.2921	0.3953	2.2	3.25	3.3	2
0.2526	0.416	0.3313	5	3.75	1.67	3
0.6634	0.2329	0.1037	2.1	3.5	3.3	1
0.5213	0.1828	0.2959	2.3	3.3	3.1	3
0.3988	0.3088	0.2924	2.3	3.2	3.2	2
0.7853	0.0979	0.1168	1.18	6.5	15	1
0.4143	0.0556	0.5301	3.6	3.5	2	2
0.6823	0.1114	0.2064	1.95	3.6	3.6	1
0.371	0.4214	0.2076	2.75	3.3	2.5	2
0.733	0.0854	0.1816	3.1	3.3	2.3	3
0.6841	0.1742	0.1417	2.1	3.5	3.3	1
0.2403	0.6753	0.0844	1.62	3.8	5.5	1
0.3556	0.2401	0.4043	2.38	3.5	2.8	1
0.1549	0.1067	0.7384	8	4.5	1.4	3
0.5749	0.3528	0.0723	1.85	3.8	3.8	1
0.6822	0.2403	0.0774	3.2	3.25	2.25	1
0.4676	0.3181	0.2144	2.3	3.4	3	3
0.5168	0.3577	0.1254	2.5	3.3	2.75	1
0.1544	0.049	0.7966	8	4.5	1.4	3
0.7285	0.0492	0.2223	1.33	5	9	3
0.5268	0.2542	0.219	1.83	3.5	4.33	2
0.3321	0.108	0.5599	3.3	3.5	2.1	3
0.4185	0.3021	0.2793	2.4	3.2	3	1
0.4958	0.4338	0.0704	1.25	5.5	12	1
0.8531	0.067	0.0799	1.25	6	10	3
0.708	0.2187	0.0734	1.83	3.5	4.33	2
0.3157	0.5496	0.1348	2.88	3.3	2.4	3
0.2952	0.3703	0.3346	2.2	3.4	3.2	1
0.2521	0.2114	0.5366	3.1	3.4	2.25	2
0.2633	0.5133	0.2234	2.25	3.5	3	3
0.6054	0.1665	0.2281	2.6	3.2	2.75	2
0.2542	0.6687	0.0772	1.62	3.75	5.5	1
0.1522	0.1252	0.7225	7	4.75	1.4	3
0.5698	0.2772	0.153	1.4	4.75	7.5	1
0.4898	0.0867	0.4235	2.3	3.2	3.2	1
0.7209	0.187	0.0921	1.91	3.5	4	1
0.826	0.1449	0.0291	1.5	4.1	6.5	1
0.6332	0.1097	0.2571	2.25	3.4	3.1	2
0.6259	0.2649	0.1092	2	3.5	3.6	3
0.5353	0.3177	0.1469	2.25	3.4	3.1	3
0.7492	0.1694	0.0814	2	3.4	3.75	2
0.3577	0.3592	0.2831	2.05	3.4	3.5	2
0.3549	0.2487	0.3964	2.1	3.2	3.6	1
0.8496	0.1291	0.0213	1.17	7	15	1
0.2318	0.4331	0.3351	2.5	3.4	2.7	1
0.2905	0.3578	0.3517	2	3.4	3.75	2
0.0668	0.7122	0.221	1.44	4.33	7	1
0.8093	0.1113	0.0795	2.1	3.4	3.4	2
0.1779	0.0906	0.7314	4.75	3.6	1.75	2
0.0946	0.1233	0.782	5	4	1.62	2
0.4448	0.4182	0.1369	2	3.4	3.75	3
0.7062	0.2274	0.0664	1.3	5.25	9.5	1
0.5237	0.1522	0.3241	1.62	3.75	5.5	2
0.4879	0.3974	0.1148	1.53	4.33	5.5	1
0.4715	0.1733	0.3552	2.6	3.25	2.75	2
0.6242	0.1493	0.2266	1.83	3.75	4	3
0.2077	0.4664	0.326	2.6	3.3	2.63	3
0.4565	0.0637	0.4798	3	3.2	2.4	2
0.079	0.099	0.822	12	5.5	1.25	3
0.3184	0.5618	0.1197	2.1	3.3	3.5	3
0.9623	0.0121	0.0256	1.1	9	21	1
0.7658	0.1828	0.0514	1.91	3.5	4	3
0.3321	0.3705	0.2975	2.5	3.3	2.75	3
0.3795	0.1539	0.4665	3.1	3.3	2.3	1
0.4398	0.4321	0.1282	2.2	3.4	3.2	2
0.0391	0.5272	0.4337	3.5	3.6	2	1
0.415	0.0671	0.5179	2.3	3.5	2.9	2
0.3785	0.3041	0.3174	2.25	3.4	3.1	3
0.8902	0.042	0.0678	1.8	3.5	4.5	2
0.7548	0.0994	0.1459	1.36	4.75	8.5	1
0.7092	0.1324	0.1583	1.91	3.5	4	3
0.3294	0.4445	0.2261	2.5	3.3	2.8	2
0.2968	0.3119	0.3913	4.2	3.75	1.8	3
0.3602	0.4656	0.1742	3.1	3.4	2.25	1
0.0752	0.72	0.2048	1.5	4.33	6	2
0.4195	0.41	0.1704	2	3.5	3.6	3
0.7034	0.1967	0.0999	2	3.4	3.75	1
0.4228	0.4094	0.1678	2	3.4	3.75	3
0.8229	0.0394	0.1377	1.3	5.5	9	1
0.369	0.1971	0.4339	4.33	3.6	1.8	3
0.514	0.2031	0.2829	2	3.4	3.75	1
0.3644	0.4867	0.1489	2.05	3.5	3.5	2
0.5062	0.3679	0.1259	1.57	4.1	5.5	1
0.2501	0.6085	0.1414	3.8	3.6	1.91	3
0.2963	0.5466	0.1571	3.25	3.25	2.25	3
0.6231	0.2456	0.1313	2	3.5	3.6	2
0.248	0.6159	0.1361	2	3.4	3.75	1
0.9223	0.0358	0.0419	1.3	5.5	9	1
0.3398	0.0436	0.6166	6	4	1.53	3
0.3646	0.4507	0.1848	2.3	3.3	3.1	3
0.7322	0.1669	0.1009	1.5	4.33	6	2
0.1417	0.2206	0.6377	1.62	3.75	5.5	1
0.461	0.0418	0.4972	2.6	3.4	2.6	3
0.6683	0.2361	0.0956	2.3	3.3	3.1	2
0.1375	0.5064	0.3561	2.4	3.2	3	1
