0.5169	0.0001	0.483	2	3	4.33	3
0.0045	0.0015	0.994	4.75	3.1	1.91	3
0.1932	0.3627	0.4441	3.75	3.1	2.1	2
0.4181	0.36	0.2219	2.3	3	3.4	1
0	0.9998	0.0002	3.5	3	2.25	2
0.9999	0.0001	0.0001	1.53	3.6	7.5	1
0.013	0.2147	0.7722	1.91	3.2	4.33	3
0.0103	0.0197	0.97	2.2	2.9	3.75	3
0.9993	0.0003	0.0003	1.5	3.5	7	1
0.0216	0.8944	0.0839	1.67	3.3	5.5	3
0.7741	0.0345	0.1915	2.15	3	3.8	1
0	0.9998	0.0002	1.91	3.25	4.33	2
0.7416	0.2537	0.0046	1.33	4.5	12	1
0.8935	0.0052	0.1013	2.25	3	3.5	1
0.9063	0.0631	0.0306	1.62	3.6	6	1
0.0025	0.0036	0.9939	4	3.25	2	3
0.8071	0.1615	0.0314	1.91	3.3	4.2	1
0.9997	0	0.0002	2.38	3	3.25	1
0.8016	0.152	0.0464	1.73	3.5	5	1
0.0094	0.8737	0.1169	2.5	2.9	3.1	2
0.3611	0.0057	0.6331	4	3.2	2	3
0.5132	0.448	0.0389	2.35	3	3.3	1
0.6924	0.2155	0.0922	2.1	3	4	1
0.9964	0.0022	0.0014	2.3	3	3.4	1
0.0422	0.8399	0.118	3	3	2.5	2
0.0035	0.0044	0.9921	1.75	3.3	5.25	3
0.4563	0.0863	0.4574	3.6	3	2.2	3
0.9263	0.0732	0.0005	1.5	3.75	7.5	1
0.0066	0.0023	0.9912	2.45	2.9	3.2	3
0.0253	0.9526	0.0221	2	3.1	4.2	2
0.0226	0.9733	0.0041	2.5	2.9	3.1	2
0.0051	0.9458	0.0491	2.6	2.9	3	2
0.3055	0.6939	0.0007	2.1	3.1	3.8	1
0.9529	0.0459	0.0013	1.36	4.5	10	1
0.003	0.2019	0.7952	2	3.1	4.2	3
0.8508	0.0466	0.1026	2.2	3	3.6	1
0.2802	0.0072	0.7126	1.73	3.3	5.5	1
0.0351	0.9063	0.0587	2.15	3.2	3.5	2
0.5811	0.3588	0.0601	1.83	3.3	4.75	1
0.3428	0.4829	0.1743	1.57	3.75	6.5	3
0.9979	0.0014	0.0007	1.29	5	12	1
0.0021	0.4786	0.5193	4.2	3.25	1.91	3
0.5631	0.2806	0.1563	1.75	3.4	5	1
0.9718	0.0114	0.0168	1.36	4.5	9	1
0.9984	0.0014	0.0002	2.3	3	3.4	1
0.0057	0.9648	0.0295	2.4	3	3.2	2
0.0017	0.978	0.0203	2	3.2	4	2
0.9017	0.0015	0.0969	2.2	3.1	3.5	1
0.4235	0.2896	0.2869	2.9	3	2.6	1
0.9933	0.001	0.0057	1.75	3.4	5	1
0.0041	0.0075	0.9884	5.5	3.5	1.67	3
0.152	0.0817	0.7662	3.6	3	2.2	3
0.7199	0.1545	0.1256	2.2	3	3.6	1
0.8933	0.0314	0.0754	1.4	4.2	8.5	1
0.0707	0.4217	0.5076	2.63	2.8	3.1	3
0.3452	0.0115	0.6432	1.85	3.2	4.75	3
0.2688	0.4378	0.2933	2	3.1	4.2	2
0.0038	0.9394	0.0568	2.6	3	2.88	2
0.0517	0.8886	0.0597	2.88	3.1	2.55	2
0.7621	0.2345	0.0034	1.75	3.4	5	1
0.9973	0.0024	0.0003	1.67	3.4	6	1
0.2147	0.5552	0.2301	3.2	3	2.4	2
0.9786	0.0107	0.0107	1.44	4	8.5	1
0.1256	0.0757	0.7986	1.8	3.1	4.6	3
0.9873	0.0123	0.0005	1.7	3.4	5.5	1
0.3395	0.3185	0.342	2	3.2	4	1
0.3671	0.0507	0.5823	4.75	3.3	1.8	1
0.9911	0.0018	0.007	1.7	3.4	5.5	1
0.9906	0.0006	0.0087	2.25	3.1	3.4	1
0.0706	0.9284	0.001	1.62	3.6	6	2
0.0017	0.0001	0.9983	2.9	3	2.6	3
0.1294	0.6373	0.2334	5	3.4	1.75	3
0.7478	0.0009	0.2513	2.3	3	3.4	1
0.1544	0.7918	0.0538	1.57	3.5	7	2
0.3716	0.2943	0.334	1.62	3.5	6	3
0.9203	0.0001	0.0796	1.91	3.1	4.6	1
0.2197	0.4088	0.3715	4	3.2	2	1
0.0075	0.0026	0.9899	3.75	3.1	2.1	3
0.5665	0.1155	0.318	1.53	3.75	7	3
0.027	0.0305	0.9425	1.85	3.2	4.75	3
0.1905	0.0003	0.8092	3.8	3.2	2.05	1
0.001	0.9984	0.0006	1.7	3.4	5.5	2
0.0419	0.9421	0.0159	2.1	3.1	3.75	2
0.9142	0	0.0857	1.3	5	11	3
0.9983	0.0012	0.0006	2.2	3.1	3.5	1
0.1219	0.2409	0.6372	3.8	3.2	2.05	3
0.7651	0.2348	0.0001	1.57	3.6	6.5	1
0.8973	0.0707	0.032	1.91	3.2	4.33	1
0.9996	0.0003	0.0001	1.73	3.3	5.5	1
0.8854	0.0126	0.1019	2.6	3	2.88	1
0.9903	0	0.0097	1.33	4.5	11	1
0.01	0.0005	0.9895	4.33	3	2	3
0.002	0.0006	0.9974	3.6	3.1	2.15	3
0.1831	0.4021	0.4149	5.25	3.5	1.7	1
0.7629	0.0051	0.232	1.8	3.4	4.75	1
0.5618	0.0029	0.4352	2.1	3.1	3.75	1
0.2666	0.0011	0.7323	1.8	3.4	4.75	3
0.9096	0.0001	0.0903	2.63	2.88	3	1
0.009	0.6659	0.3252	2.63	2.88	3	3
0.9556	0.0001	0.0444	2.1	3.1	3.75	1
0.9852	0	0.0148	1.67	3.4	6	1
0.0023	0.0034	0.9943	3	2.9	2.6	3
0.0026	0.0006	0.9968	5	3.25	1.8	3
0.0128	0.8508	0.1364	2.5	2.9	3.1	2
0.0074	0.9828	0.0098	1.6	3.5	6.5	2
0.0072	0.1181	0.8747	4	3.2	2	3
0.9069	0.0035	0.0896	2	3.2	4	1
0.0955	0.0142	0.8904	1.67	3.4	6	3
0.0385	0.008	0.9536	2.75	3	2.75	3
0.0528	0.0405	0.9067	2.65	2.9	2.9	3
0.9754	0.0229	0.0017	1.53	3.8	6.5	1
0.9367	0.0577	0.0057	1.33	4.75	10	2
0.2623	0.0034	0.7343	2.1	3.1	3.75	3
0.4013	0.1323	0.4664	1.7	3.5	5.25	3
0.0079	0.0001	0.992	1.95	3.2	4.2	3
0.008	0.9869	0.0051	2.2	3.1	3.5	2
0.2358	0.7166	0.0476	2.7	3	2.75	1
0.2169	0.513	0.2701	2.05	3.2	3.75	2
0.4801	0.0608	0.4591	2.3	3	3.4	1
0.5009	0.2762	0.2229	1.73	3.5	5	1
0.9262	0	0.0738	2.3	3	3.4	1
0.4173	0	0.5827	1.4	4.2	9	3
0.0029	0.158	0.8391	8	4	1.44	2
0.6259	0.0087	0.3654	2.5	2.9	3.1	1
0.9813	0.0177	0.001	1.44	4	8	1
0.9967	0.0001	0.0032	2.75	3	2.7	1
0.5088	0.0809	0.4104	2.4	3	3.2	1
0.1256	0.0495	0.8249	2.2	3.1	3.5	3
0.0206	0.4452	0.5342	4.2	3.1	2	1
0.1063	0.0957	0.798	1.67	3.5	5.5	1
0.4462	0.5537	0.0001	1.5	3.75	7.5	2
0.1724	0.438	0.3896	1.85	3.2	4.75	1
0.5615	0.0079	0.4305	2.2	3	3.6	1
0.9989	0.0008	0.0002	1.4	4.2	8.5	1
0.4983	0.2964	0.2052	2.3	3	3.4	2
0.0545	0.8626	0.0829	1.55	3.7	6.5	2
0.5034	0.0006	0.496	3.75	3.2	2.05	3
0.0029	0.0001	0.997	5	3.3	1.75	3
0.777	0.0002	0.2229	1.67	3.4	6	1
0.9998	0	0.0002	1.75	3.4	5	1
0.2738	0.0003	0.7259	3.6	3.2	2.1	3
0.9674	0.0002	0.0324	1.91	3.2	4.33	1
0.3846	0.3613	0.2541	2.1	3.1	3.75	2
0.9207	0.0728	0.0065	2.2	3.1	3.5	1
0.6543	0.0388	0.3069	1.83	3.3	4.75	3
0.992	0	0.008	2.88	3.1	2.55	1
0.3494	0.0052	0.6453	3.75	3.1	2.1	1
0.4451	0.4492	0.1056	3.1	3.1	2.4	1
0.6641	0.1835	0.1523	1.62	3.5	6.25	1
0.9226	0.0003	0.0771	1.75	3.4	5	1
0.9673	0.0006	0.032	2.6	3	2.88	1
0.2876	0.2091	0.5033	2.25	3	3.5	1
0.0052	0.9567	0.038	2.1	3.1	3.75	2
0.9932	0.0065	0.0003	1.25	5.25	13	1
0.2451	0.0407	0.7142	2.63	2.88	3	3
0.5794	0.001	0.4196	2.25	3.1	3.4	3
0.2688	0.0157	0.7154	2.63	3	2.88	3
0.7547	0.0766	0.1687	1.67	3.5	5.5	1
0.9024	0.002	0.0955	1.8	3.3	5	1
0.0437	0.0002	0.9561	1.91	3.2	4.33	3
0.0542	0.8711	0.0747	2.1	3.1	3.75	2
0.2573	0.5836	0.1592	2	3.1	4.2	1
0.2222	0.4254	0.3524	3.6	3.2	2.1	3
0.967	0.0318	0.0012	1.17	6.5	19	1
0.4405	0.2029	0.3566	2.75	3	2.7	1
0.708	0.0007	0.2914	3.75	3.1	2.1	3
0.3624	0	0.6376	2.1	3.1	3.75	1
0.3303	0.6477	0.0219	1.57	3.6	6.5	2
0.5782	0.0076	0.4142	1.44	4	8	1
0.0033	0.8487	0.148	2.6	3	2.88	2
0.6475	0.0001	0.3525	1.83	3.3	4.75	3
0.9954	0	0.0046	2.2	3.1	3.5	1
0.0445	0.3669	0.5886	4.33	3.4	1.85	2
0.0098	0.9818	0.0084	2	3.2	4	2
0.2695	0.3504	0.3801	2.1	3.1	3.75	2
0.974	0.0015	0.0245	1.36	4.33	10	1
0.0623	0.5594	0.3783	3.5	3.1	2.2	2
0.9199	0.0079	0.0722	2	3.2	4	1
0.1483	0.0301	0.8217	2.5	3	3	2
0.0043	0.0061	0.9896	2	3.2	4	1
0.0064	0.0071	0.9865	1.53	3.75	7	3
0.3156	0.3876	0.2968	1.44	4	8.5	3
0.0747	0.0002	0.9252	3.75	3.1	2.1	3
0.0634	0.9363	0.0002	1.62	3.6	6	2
0.5948	0.2949	0.1102	1.44	4	8	1
0.4324	0.0008	0.5668	2.75	3	2.7	1
0.1647	0.0001	0.8352	3.5	3.1	2.2	3
0.0063	0.9806	0.0131	3	3	2.38	2
0.8932	0.0078	0.0991	2.3	3	3.1	1
0.126	0.8736	0.0004	1.44	4	8	2
0.271	0.0126	0.7164	2.5	3	3	3
0.0083	0.4444	0.5473	2.38	3	3.2	3
0.9754	0.0063	0.0182	1.91	3.25	4.2	1
0.3905	0.2586	0.3509	2	3.2	4	1
0.9934	0.0002	0.0064	1.75	3.4	5	1
0.0093	0.0014	0.9893	4.33	3.25	1.91	3
0.2325	0.7138	0.0537	1.75	3.4	5	2
0.2097	0.5177	0.2725	2.15	3.1	3.6	3
0.1815	0.6888	0.1297	2	3.2	4	2
0.0843	0.6552	0.2605	2.88	3	2.6	2
0.0082	0.0486	0.9433	3	3.1	2.45	3
0.0015	0.0047	0.9938	8	4	1.44	3
0.0154	0.0005	0.9841	2.3	3.1	3.2	3
0.1397	0.4692	0.3911	3.6	3.2	2.1	3
0.8949	0.1022	0.0029	1.33	4.75	9.5	1
0.1615	0.0325	0.806	2.6	3	2.88	3
0.1751	0.2002	0.6247	1.8	3.3	4.75	3
0.2011	0.0161	0.7827	4.2	3.25	1.91	1
0.3806	0.4963	0.1231	1.95	3.2	4.2	2
0.6264	0.3733	0.0003	1.17	6.5	17	2
0.0089	0.071	0.9201	2.7	2.88	2.9	3
0.9831	0.0045	0.0124	1.44	4	8	1
0.9422	0.0533	0.0045	1.57	3.6	6.5	1
0.6208	0.0019	0.3773	3.5	3	2.25	1
0.4686	0.0009	0.5305	2.5	2.9	3.1	1
0.991	0.0059	0.003	1.4	4.2	9	1
0.9223	0.0293	0.0484	1.83	3.3	4.75	1
0.6796	0.0334	0.287	1.73	3.4	5.25	1
0.0328	0.9528	0.0143	2	3.1	4.2	2
0.0024	0.0028	0.9948	3.75	3	2.15	3
0.175	0.1943	0.6307	3.5	3	2.25	1
0.8651	0	0.1349	1.83	3.25	4.75	1
0.0091	0.8623	0.1286	4.75	3.25	1.83	2
0.3546	0.0039	0.6415	1.83	3.25	4.75	3
0.1504	0.0036	0.846	3.25	2.9	2.4	1
0.416	0.3962	0.1878	2.2	3	3.6	2
0.974	0.0032	0.0228	1.4	4.33	8	1
0.3996	0.4274	0.173	2.5	3	3	1
0.1797	0.5093	0.311	3.5	3	2.25	2
0.2298	0.2917	0.4785	2.38	3	3.25	2
0.9917	0.0061	0.0022	1.29	4.75	13	1
0.7188	0.0059	0.2753	1.44	4	8	1
0.2856	0.2609	0.4535	3	3	2.5	3
0.9996	0	0.0003	1.53	3.75	7	1
0.1336	0.8511	0.0152	2.7	2.9	2.9	2
0.8777	0.0471	0.0752	2	3.2	4	1
0.674	0.1156	0.2104	2.5	2.9	3.1	1
0.9019	0.0945	0.0036	1.4	4.2	9	1
0.3045	0.6569	0.0385	2.3	3	3.4	2
0.0054	0.195	0.7996	2.4	3.1	3.1	3
0.0032	0.0232	0.9737	2.5	3.1	2.9	3
0.3522	0.0052	0.6426	2.4	3.2	3	1
0.5931	0.005	0.4019	2.4	3.1	2.9	1
0.107	0.1283	0.7647	2	3.2	4	1
0.4342	0.0012	0.5646	2.25	3.2	3.25	1
0.8844	0.0023	0.1133	1.5	4	7	1
0.1459	0.2753	0.5788	2.5	3.1	2.9	3
0.2975	0.1528	0.5497	3.6	3.25	2.1	3
0.0494	0.8777	0.0729	1.91	3.25	4.2	1
0.99	0.0014	0.0086	1.33	4.75	10	1
0.9959	0.0039	0.0002	1.44	4	8	1
0.9737	0.0003	0.026	2.38	3	3.25	1
0.8626	0.0209	0.1165	1.73	3.5	5	3
0.1739	0.8167	0.0094	2	3.2	4	1
0.8316	0.0012	0.1672	2.25	3	3.5	1
0.2516	0.0002	0.7482	1.62	3.6	6	3
0.0991	0.0047	0.8963	2.88	3	2.63	3
0.843	0.0427	0.1143	1.91	3.1	4.5	1
0.0032	0.3342	0.6625	7.5	4.2	1.44	2
0.6918	0.0934	0.2148	2.3	3.1	3.3	2
0.3169	0.0592	0.6239	2.25	3.1	3.4	3
0.3609	0.0106	0.6285	1.85	3.2	4.6	1
0.3063	0.0034	0.6903	2.35	3.1	3.2	1
0.0964	0.8747	0.0289	3.4	3.1	2.25	2
0.2112	0.3677	0.4211	1.57	3.6	6.5	2
0.1966	0.5907	0.2127	2.5	3	3	2
0.5906	0.1031	0.3062	1.44	4.2	7.5	2
0.4734	0.0034	0.5232	1.5	3.7	7.5	3
0.0379	0.5916	0.3705	2.2	3	3.6	3
0.6349	0.3139	0.0512	2	3.2	4	1
0.8122	0.1782	0.0096	1.36	4.33	10	2
0.012	0.0269	0.961	3.5	3	2.25	2
0.0378	0.6159	0.3463	2	3.1	4.2	2
0.3464	0.091	0.5626	1.67	3.5	5.5	3
0.9209	0.054	0.0251	1.75	3.3	5.25	1
0.9992	0.0003	0.0005	1.3	4.75	12	1
0.0413	0.9577	0.001	3.6	3.1	2.15	2
0.3957	0.1901	0.4142	2.38	3	3.25	3
0.9892	0.0096	0.0012	1.57	3.6	6.5	1
0.3919	0.0111	0.597	3.1	3	2.45	1
0.1884	0.4883	0.3232	2.75	3.1	2.63	2
0.3427	0.6056	0.0517	2	3.2	4	2
0.8435	0.0483	0.1082	2.5	3.1	2.9	1
0.7349	0.0195	0.2456	1.91	3.25	4.5	1
0.0757	0.8916	0.0326	2.05	3.1	3.8	2
0.2434	0.4409	0.3157	1.85	3.3	4.33	1
0.9695	0.0296	0.0009	1.85	3.25	4.6	1
0.9914	0.0082	0.0005	1.29	5	12	1
0.0033	0.2946	0.7021	3	3	2.5	3
0.302	0.0002	0.6978	1.8	3.4	4.75	1
0.9356	0.0408	0.0236	2.05	3.1	4	1
0.7939	0.0008	0.2053	2.3	3.1	3.3	1
0.9915	0.0001	0.0084	1.4	4.2	9	1
0.2925	0.4201	0.2874	1.83	3.3	4.75	3
0.2281	0.3311	0.4408	2.4	3	3.2	2
0.3343	0.412	0.2537	1.45	4.2	7	3
0.0298	0.4725	0.4977	2.88	3	2.63	3
0.4778	0.3378	0.1843	1.8	3.3	4.75	2
0.254	0.455	0.291	2.05	3.1	3.9	2
0.3853	0.0453	0.5695	2.65	3.1	2.75	3
0.7767	0.1878	0.0354	1.8	3.3	4.75	1
0.2914	0.2436	0.465	3.6	3.2	2.1	1
0.6421	0.2725	0.0853	2.2	3	3.6	2
0.0024	0.8533	0.1443	2.9	3	2.6	2
0.981	0.0168	0.0022	1.36	4.6	9	1
0.9346	0.0601	0.0053	1.36	4.5	9	1
0.0031	0.2154	0.7814	3.5	3.1	2.2	2
0.2749	0.0117	0.7134	1.7	3.4	5.5	1
0.4942	0.0789	0.4268	2.5	3	3	2
0.2809	0.0401	0.679	2.1	3.1	3.8	1
0.641	0.0004	0.3586	3.1	3.1	2.4	1
0.211	0.0228	0.7662	2.2	3	3.6	3
0.567	0.0016	0.4314	1.57	3.6	6.5	1
0.168	0.7659	0.0661	1.83	3.4	4.5	2
0.9948	0.0027	0.0026	1.3	5	12	1
0.2509	0.3015	0.4476	2.75	3	2.75	3
0.5248	0.0379	0.4373	6.5	3.8	1.55	1
0.1538	0.0058	0.8404	5.25	3.6	1.67	3
0.5048	0.4368	0.0584	1.91	3.3	4.2	1
0.2863	0.3689	0.3448	2.15	3.2	3.5	2
0.0016	0.0058	0.9926	6.5	4	1.5	3
0.0274	0.9085	0.0641	2.7	3	2.75	2
0.4911	0.4375	0.0713	2	3.2	4	2
0.3455	0.4641	0.1904	1.67	3.5	5.5	2
0.0117	0.0002	0.9881	1.67	3.5	5.5	3
0.984	0.0027	0.0133	1.44	4.2	7.5	1
0.1472	0.8506	0.0022	1.73	3.4	5.25	2
0.0116	0.9838	0.0046	2.45	3.1	3	2
0.0959	0.6129	0.2911	5.5	3.5	1.67	3
0.957	0.0318	0.0112	3.75	3.25	2.05	1
0.2967	0.6824	0.0209	3	3	2.5	2
0.6467	0.3475	0.0058	1.57	3.6	6.5	1
0.0109	0.1675	0.8216	2.25	3.1	3.4	2
0.0067	0.0062	0.9871	1.73	3.4	5.25	3
0.0301	0.9361	0.0338	2	3.1	4.2	2
0.9934	0.0011	0.0055	1.25	5.25	13	1
0.1905	0.4011	0.4084	2.7	2.9	2.9	3
0.0411	0.9286	0.0303	3	3.2	2.4	1
0.3405	0.4734	0.1861	1.95	3.3	4	2
0.3649	0.2539	0.3812	3.75	3.2	2.05	1
0.1235	0.7321	0.1445	3.2	3.1	2.38	2
0.863	0.0793	0.0576	1.44	4.2	7.5	1
0.001	0.997	0.0021	2.75	3.1	2.65	2
0.9251	0.0104	0.0645	1.36	4.6	8.5	1
0.5433	0.2176	0.2391	3.6	3.1	2.15	3
0.1749	0.4039	0.4213	1.62	3.6	6	3
0.1724	0.0151	0.8125	1.91	3.2	4.1	3
0.4	0.2874	0.3126	2.35	3.1	3.2	2
0.6612	0.0325	0.3063	2.75	3	2.75	3
0.2989	0.6977	0.0033	1.55	3.8	6.5	2
0.1189	0.7758	0.1053	2	3.25	3.9	2
0.2913	0.4908	0.2179	1.62	3.6	5.75	1
0.9185	0.0459	0.0356	1.4	4.33	8	1
0.2773	0.2483	0.4744	2.1	3.2	3.6	1
0.1404	0.8402	0.0194	3.75	3.3	2	2
0.0939	0.8933	0.0128	1.75	3.4	5	2
0.007	0.0021	0.991	2.8	2.75	2.6	3
0.0733	0.2237	0.703	3.75	3.2	2.05	3
0.2524	0.675	0.0726	1.36	4.33	10	2
0.9219	0.0776	0.0004	1.29	5	11	1
0.4167	0.0014	0.5818	2.2	3.2	3.4	1
0.1449	0.2482	0.6069	2.5	3.1	2.9	1
0.3765	0.0987	0.5247	1.6	4.2	5.25	1
0.506	0.2939	0.2001	2	3.3	3.8	1
0.4701	0.4904	0.0395	1.8	3.5	4.5	1
0.1624	0.8095	0.0281	1.65	3.5	6	2
0.1097	0.5262	0.364	2	3.2	4	3
0.1286	0.6786	0.1928	6.5	3.8	1.53	2
0.5517	0.4476	0.0007	1.25	5.5	12	1
0.4249	0.2513	0.3239	3.25	3.1	2.3	1
0.5964	0.2973	0.1063	3.8	3.3	2	1
0.1788	0.7784	0.0429	5.75	3.8	1.6	1
0.9357	0.056	0.0084	1.13	7.5	19	1
0.9989	0.0002	0.0009	1.25	5.5	12	1
0.1096	0.8782	0.0122	2.15	3.3	3.4	2
0.7067	0.2608	0.0325	2.2	3.1	3.5	2
0.0052	0.593	0.4018	2.5	3.1	2.9	3
0.0336	0.0009	0.9654	4.75	3.6	1.73	3
0.0479	0.799	0.1531	1.83	3.5	4.33	2
0.0168	0.9785	0.0047	1.91	3.3	4.2	2
0.5379	0.0262	0.4359	2.1	3.1	3.8	3
0.405	0.5946	0.0004	1.44	4	8	2
0.9812	0	0.0188	1.25	5.5	12	3
0.0202	0.9725	0.0073	2.1	3.1	3.75	2
0.711	0.1682	0.1208	1.73	3.4	5.25	1
0.0304	0.6972	0.2724	2.4	3.1	3.1	2
0.9995	0	0.0005	1.8	3.25	5	1
0.9998	0.0002	0.0001	1.62	3.5	6	1
0.6283	0.349	0.0227	3.2	3	2.4	1
0.0018	0.0001	0.9981	3	3	2.5	3
0.5014	0.0604	0.4381	1.6	3.6	6.25	3
0.0006	0.9978	0.0015	3.1	2.9	2.5	2
0.5023	0.0076	0.49	4.33	3.25	1.91	1
0.3364	0.6597	0.0039	2.05	3.2	3.75	2
0.1818	0.312	0.5062	1.95	3.2	4.2	3
0.0715	0.6266	0.3019	2.6	3	2.88	3
0.8706	0.0907	0.0386	2	3.1	4.2	1
0.5646	0.1126	0.3228	3.75	3.25	2.05	1
0.0135	0.9854	0.0011	2.25	3.1	3.3	2
0.0008	0.9991	0.0002	2.2	3	3.6	2
0.0031	0.9895	0.0074	2.3	3	3.4	2
0.9988	0.0006	0.0006	1.4	4.5	7.5	1
0.9696	0.007	0.0234	1.62	3.4	6.5	1
0.378	0.5158	0.1062	2.38	3	3.2	2
0.1932	0.6936	0.1132	1.75	3.3	5.25	2
0.9993	0.0007	0	1.62	3.6	6	1
0.0017	0.9931	0.0052	2.1	3.1	3.75	2
0.2337	0.0215	0.7448	2.2	3.1	3.5	3
0.0653	0.4497	0.485	4	3.1	2.05	2
0.0019	0.0001	0.998	3.25	3	2.38	3
0.0358	0	0.9642	1.91	3.25	4.33	3
0.2123	0.2751	0.5126	3.25	3.1	2.3	1
0.0145	0.4949	0.4906	2.4	3	3.2	3
0.2752	0.0389	0.6858	2.05	3.1	4	1
0.0019	0.5215	0.4766	2.2	3	3.6	3
0.0479	0.9205	0.0317	2.4	3.1	3.1	2
0.0027	0.9971	0.0002	1.5	3.75	7.5	2
0.3145	0.1002	0.5853	2.38	3	3.25	1
0.1779	0.4416	0.3805	3.25	3.1	2.3	1
0.0082	0.9846	0.0072	2.05	3.1	4	2
0.0068	0.3036	0.6896	3.2	3	2.4	3
0.0083	0.9916	0.0001	1.53	3.75	7	2
0.0789	0.1756	0.7455	1.85	3.2	4.75	3
0.9993	0.0002	0.0005	1.4	4.33	8.5	1
0.4853	0.1824	0.3323	1.67	3.5	5.5	1
0.446	0.2535	0.3005	1.8	3.25	5	3
0.0003	0.9996	0.0001	2.5	3	3	2
0.3604	0.6247	0.0149	1.6	3.6	6	2
0.1263	0.8534	0.0204	3.25	3.1	2.3	1
0.0028	0.0005	0.9967	5.25	3.6	1.67	3
0.0028	0.6854	0.3118	2.2	3	3.6	3
0.0307	0.9398	0.0295	2.3	3	3.4	2
0.0072	0.0019	0.9909	2	3.2	3.9	3
0.5354	0.4584	0.0062	2.1	3.2	3.6	1
0.5904	0.0002	0.4094	2.05	3.2	3.8	1
0.0002	0.994	0.0058	2.1	3.1	3.4	2
0.507	0.0555	0.4375	2.55	3	2.9	1
0.8416	0.0472	0.1112	1.85	3.25	4.6	1
0.0056	0.0858	0.9086	2.15	3.2	3.5	2
0.0078	0.9905	0.0017	2	3.2	4	2
0.362	0.1333	0.5047	3	2.9	2.6	2
0.3821	0.0836	0.5343	2.25	3	3.5	1
0.1998	0.6226	0.1777	1.7	3.4	5.5	3
0.8933	0.0009	0.1058	1.4	4.33	8.5	1
0.9989	0.001	0.0001	1.5	3.75	7.5	1
0.0086	0.6742	0.3172	2.75	2.9	2.8	3
0.4463	0.5504	0.0033	2.3	3.1	3.25	1
0.013	0.3996	0.5874	3	3	2.5	3
0.0818	0.9052	0.013	2.75	3	2.7	2
0.0019	0.0001	0.998	3.9	3.2	2	3
0.6928	0.2111	0.0961	1.75	3.4	5	1
0.0106	0.001	0.9884	1.91	3.2	4.33	3
0.0072	0.0332	0.9596	3.5	3.1	2.2	3
0.3951	0.3041	0.3007	2.1	3.2	3.6	1
0.2842	0.4041	0.3117	2.88	3.2	2.45	2
0.5715	0.1044	0.3241	2.2	3.1	3.5	1
0.7133	0.0275	0.2592	1.7	3.4	5.25	1
0.1161	0.4499	0.434	1.62	3.6	6	2
0.064	0.8611	0.0748	2	3.1	4.1	1
0.3859	0.0294	0.5847	2.5	3	3	3
0.1017	0.8983	0	1.57	3.6	6.5	2
0.0017	0.9981	0.0003	2.25	3	3.5	2
0.5163	0.3293	0.1544	1.44	4.2	7.5	1
0.996	0.0005	0.0035	2	3.2	4	1
0.7662	0.0363	0.1975	2.75	3	2.75	3
0.0016	0.5017	0.4967	3.2	3	2.4	2
0.6063	0.0269	0.3668	2	3.2	4	1
0.1726	0.7369	0.0905	2.1	3.2	3.6	1
0.7357	0.1724	0.0919	2.8	3	2.7	1
0.006	0.0011	0.9929	1.6	3.6	6	3
0.2227	0.5935	0.1838	2.15	3.1	3.6	1
0.0732	0.4451	0.4817	2	3.2	3.9	3
0.593	0.0344	0.3726	2.35	3	3.25	1
0.6781	0.0146	0.3073	1.83	3.3	4.6	3
0.1583	0.0055	0.8362	2.25	3	3.5	3
0.1498	0.8381	0.0121	1.8	3.3	4.75	2
0.0025	0.9818	0.0157	7	4	1.5	2
0.2787	0.5306	0.1907	2.5	3.1	2.9	3
0.4883	0.0769	0.4348	1.75	3.4	5	3
0.5011	0.29	0.2089	1.95	3.1	4.33	1
0.8965	0.0392	0.0643	2.63	2.88	3	1
0.0087	0.4566	0.5347	2.05	3	4	3
0.9997	0.0001	0.0002	1.5	4	6.5	1
0.9881	0.0005	0.0114	1.5	4	6.5	1
0.3694	0.6259	0.0047	1.75	3.3	5.25	2
0.2072	0.7565	0.0363	2.6	2.9	3	2
0.2489	0.6404	0.1107	3.4	3	2.3	2
0.0107	0.3792	0.61	2.8	2.9	2.75	2
0.8512	0.1375	0.0114	3.25	3	2.38	1
0.3338	0.3723	0.2939	1.73	3.3	5.5	2
0.1569	0.7683	0.0748	2.7	3	2.8	2
0.2577	0.1308	0.6115	2.25	3	3.5	2
0.3452	0.1219	0.5329	1.91	3.25	4.33	3
0.3502	0.0008	0.649	2.38	3	3.25	1
0.9379	0.0005	0.0617	1.67	3.5	5.5	1
0.4147	0.0083	0.577	2.2	3	3.6	3
0.5917	0.2173	0.191	2.6	3	2.9	1
0.2678	0.3987	0.3335	2.5	3.1	2.9	1
0.4832	0.2046	0.3121	1.75	3.3	5.25	1
0.0125	0.9874	0.0001	2	3.2	4	2
0.0471	0.4277	0.5252	3.5	3	2.25	3
0.5232	0.4724	0.0044	1.4	4.2	9	2
0.001	0.996	0.003	1.53	3.6	7.5	2
0.9116	0.0849	0.0035	2.05	3.2	3.8	1
0.3525	0.3882	0.2593	2.4	3	3.2	1
0.3556	0.269	0.3754	3	3	2.5	2
0.8341	0.1537	0.0122	1.36	4.5	9	1
0.9345	0.0322	0.0333	2.15	3.1	3.6	1
0.0157	0.0003	0.984	2.5	3	3	3
0.9197	0.021	0.0594	1.53	3.75	7	1
0.5371	0.049	0.4138	1.75	3.4	5	1
0.4325	0.1618	0.4057	2.3	3	3.4	1
0.0179	0.9652	0.0169	2.2	3	3.6	2
0.1081	0.7163	0.1755	3.25	3	2.38	3
0.0032	0.0312	0.9656	5.5	3.5	1.67	3
0.131	0.0713	0.7978	3.8	3.1	2.1	3
0.9877	0.0045	0.0077	1.53	3.75	7	1
0.2856	0.5822	0.1322	2.38	3	3.25	2
0.0175	0.1184	0.8641	2.45	3	3.1	1
0.7229	0.0014	0.2757	1.53	3.6	7.5	1
0.192	0.7369	0.0711	1.91	3.2	4.33	2
0.1635	0.4188	0.4177	2.25	3	3.5	2
0.9468	0.053	0.0002	1.5	3.6	8	1
0.5258	0.0059	0.4683	2	3.1	4.1	3
0.0759	0.7285	0.1957	2.2	3.1	3.4	3
0.151	0.7707	0.0783	1.91	3.25	4.2	2
0.8262	0.1726	0.0012	2.05	3.1	4	1
0.163	0.7893	0.0478	1.67	3.5	5.5	2
0.3195	0.5196	0.1609	2.2	3.1	3.5	2
0.0009	0.9972	0.0019	3.5	3.1	2.2	2
0.0655	0.9319	0.0025	2.4	3	3.2	2
0.4091	0.0136	0.5774	1.53	3.75	7	1
0.2162	0.0797	0.7041	3.2	3	2.4	3
0.9696	0.007	0.0233	1.73	3.4	5.25	1
0.3664	0.312	0.3217	2	3.2	4	1
0.3493	0.5022	0.1485	1.7	3.4	5.5	1
0.2922	0.0001	0.7077	4	3.2	2	1
0.9789	0.0008	0.0203	1.6	3.6	6	1
0.0034	0.9934	0.0032	2.5	3	3	2
0.0034	0.128	0.8685	7.5	3.8	1.5	3
0.436	0.146	0.4179	3.2	3.1	2.3	2
0.0079	0.9845	0.0076	2.4	3	3.2	2
0.032	0.896	0.0721	2.05	3.1	3.9	2
0.8313	0.1649	0.0038	1.91	3.3	4.2	1
0.3804	0.4155	0.2041	2.1	3.2	3.6	1
0.0237	0.9524	0.0239	3.2	3.1	2.35	3
0.0565	0.9039	0.0396	2.05	3.1	3.9	2
0.9931	0.0049	0.0021	1.53	3.7	7	1
0.0128	0.5283	0.4589	2.4	3.1	3.1	3
0.0006	0.9955	0.0038	2.1	3.1	3.8	2
0.0276	0.9491	0.0234	2.4	3	3.2	2
0.3434	0.4166	0.24	1.53	3.75	7	2
0.8077	0.1378	0.0545	1.8	3.3	4.75	1
0.8343	0.1591	0.0066	1.36	4.5	9	1
0.3725	0.1463	0.4813	2.1	3.1	3.8	1
0.0283	0.9683	0.0035	2.1	3.25	3.6	2
0.0072	0.698	0.2948	2.7	3	2.75	2
0.0925	0.3576	0.5499	2.1	3.1	3.8	2
0.0026	0.9938	0.0037	3.25	3.1	2.3	2
0.0101	0.9873	0.0027	1.57	3.6	6.5	2
0.0011	0.9978	0.0011	3.8	3	2.15	2
0.1362	0.5363	0.3276	3	3	2.5	1
0.577	0.387	0.036	1.44	4.1	7.5	2
0.0214	0.9776	0.0011	1.53	3.75	7	2
0.4817	0.1731	0.3452	2.15	3	3.7	1
0.3759	0.3308	0.2934	3.5	3.1	2.2	1
0.5011	0.0025	0.4963	2.3	3	3.4	1
0.4094	0.3035	0.287	1.83	3.25	4.75	2
0.3029	0.6066	0.0905	1.91	3.2	4.33	3
0.5619	0.1811	0.257	2.5	3	3	1
0.9374	0.0384	0.0243	1.5	4	7	1
0.8795	0.1181	0.0024	1.91	3.2	4.33	1
0.0083	0.7718	0.2199	4.33	3.2	1.91	3
0.9466	0.0432	0.0103	1.5	4	7	1
0.9966	0.0025	0.0009	1.36	4.5	9	1
0.4567	0.3345	0.2088	2.1	3.2	3.6	1
0.0108	0.9883	0.0009	1.73	3.4	5	1
0.9774	0.0185	0.0041	1.4	4.2	8.5	1
0.9808	0.0159	0.0033	2.1	3.1	3.75	1
0.0067	0.0837	0.9096	7	4	1.5	3
0.139	0.7107	0.1503	2.4	3	3.2	1
0.9473	0.0514	0.0012	1.36	4.5	9	1
0.7203	0.275	0.0047	1.91	3.25	4.33	1
0.6112	0.2693	0.1195	2.4	3	3.2	1
0.7366	0.0104	0.2531	2.2	3	3.6	1
0.1621	0.4519	0.386	3.75	3.1	2.1	1
0.0574	0.9411	0.0014	1.67	3.5	5.5	1
0.0605	0.8769	0.0626	3.6	3	2.2	2
0.3246	0.2894	0.3861	2.25	3.1	3.4	3
0.97	0.0154	0.0145	2.1	3.25	3.5	1
0.2393	0.5203	0.2404	2.3	3.1	3.25	3
0.0243	0.9634	0.0123	2.1	3.25	3.5	2
0.9924	0.007	0.0006	1.2	6.5	13	1
0.1691	0.0269	0.804	2.1	3.25	3.5	3
0.092	0.023	0.885	2.2	3.1	3.4	1
0.8595	0.004	0.1365	2.5	3.1	2.9	1
0.2483	0.6682	0.0836	3.5	3.25	2.1	2
0.0965	0.8767	0.0268	1.73	3.5	5	2
0.9394	0.04	0.0206	1.9	3.25	4.33	1
0.0002	0.972	0.0279	4.75	3.3	1.8	2
0.6523	0.0127	0.335	1.57	3.6	6.5	3
0.5724	0.0345	0.3931	2.2	3	3.6	1
0.6324	0.3613	0.0064	2.25	3	3.5	1
0.3169	0.6829	0.0003	1.4	4.5	9	2
0.2861	0.1735	0.5404	3.4	3.2	2.2	3
0.0794	0.4725	0.4481	3.25	3	2.38	3
0.9471	0.0445	0.0084	1.5	3.8	7.5	1
0.9328	0.0641	0.0031	1.53	3.75	7	1
0.9334	0.0054	0.0613	2.15	3.1	3.6	1
0.9628	0.0358	0.0014	1.44	3.8	9.5	1
0.0545	0.9379	0.0077	1.36	4.33	9.5	2
0.8786	0.1146	0.0067	2.5	3	3	1
0.3191	0.469	0.2119	2.2	3.1	3.5	2
0.6229	0.0061	0.371	2	3.2	4	3
0.784	0.1515	0.0644	2.38	3	3.25	1
0.7738	0.1484	0.0778	1.55	3.6	7	1
0.3568	0.0537	0.5894	3.4	3	2.25	1
0.6388	0.0016	0.3596	3.75	3.1	2.1	3
0.2649	0.0368	0.6983	2.4	3	3.2	3
0.0014	0.9966	0.002	3.2	3	2.38	2
0.8374	0.1489	0.0136	1.75	3.3	5.25	1
0.0039	0.8729	0.1232	1.91	3.1	4.5	2
0.9668	0.0266	0.0065	1.73	3.5	5	1
0.0039	0.8068	0.1893	2.3	3	3.4	2
0.03	0.2644	0.7056	1.75	3.3	5.25	3
0.3485	0.2828	0.3686	2.1	3.1	3.75	2
0.0733	0.8771	0.0497	2.1	3.25	3.6	2
0.1595	0.0114	0.8292	3.75	3.2	2.05	3
0.9586	0.0025	0.0389	1.62	3.6	6	1
0.6824	0.0163	0.3013	3.25	3.1	2.3	1
0.6839	0.0508	0.2654	2.38	3.1	3.1	1
0.7156	0.2552	0.0292	1.8	3.3	4.75	2
0.4515	0.0045	0.544	2.3	3.1	3.2	3
0.0147	0.9335	0.0519	2.2	3.1	3.5	2
0.5535	0	0.4465	1.9	3.25	4.33	3
0.3929	0.59	0.0172	2.1	3.1	3.75	2
0.4017	0.0767	0.5216	2.75	3.1	2.63	3
0.7101	0.2883	0.0016	1.2	6	15	1
0.4357	0.0996	0.4648	2.1	3.25	3.6	3
0.2337	0.2762	0.4901	2.63	3	2.88	3
0.0033	0.9805	0.0162	4	3.2	2	2
0.0208	0.0595	0.9197	2.5	3	3	3
0.8258	0.0035	0.1707	2.1	3.2	3.6	1
0.7614	0.0065	0.2321	2.5	3	3	1
0.0465	0.1187	0.8349	3.6	3.25	2.1	3
0.6671	0.0032	0.3297	1.91	3.3	4.2	1
0.5289	0.317	0.1541	1.83	3.25	4.75	3
0.8272	0.1504	0.0224	1.44	4	8	1
0.0005	0.999	0.0004	1.7	3.4	5.5	2
0.8171	0.0115	0.1714	2.05	3.2	3.75	1
0.0021	0.0003	0.9976	4.33	3.2	1.91	3
0.809	0.1691	0.0219	2.05	3.2	3.8	2
0.1533	0.7334	0.1133	1.8	3.3	4.75	2
0.4836	0.0034	0.513	1.8	3.4	4.6	3
0.1751	0.4773	0.3476	1.8	3.25	5.25	2
0.2809	0.6396	0.0795	2.5	3	3	2
0.981	0.0045	0.0145	1.6	3.5	6.5	1
0.9109	0.0001	0.089	2	3.2	4	1
0.6374	0.0153	0.3473	2	3.1	4.1	3
0.0052	0.3787	0.6161	4.33	3.25	1.91	3
0.9755	0.0166	0.0079	1.3	4.75	12	1
0.33	0.3005	0.3695	2.7	2.9	2.88	2
0.0455	0.9426	0.0119	1.73	3.4	5.25	2
0.8883	0.0915	0.0202	1.7	3.4	5.5	2
0.6208	0.3777	0.0015	1.95	3.2	4.2	1
0.0207	0.266	0.7134	2.2	3	3.6	3
0.0251	0.0344	0.9405	3.8	3.2	2.05	3
0.0585	0.7746	0.1669	4.75	3.2	1.85	2
0.1901	0.3968	0.4131	2	3.2	4	2
0.0302	0.9493	0.0205	2.1	3.1	3.75	2
0.2423	0.7573	0.0004	1.29	5	12	2
0.2833	0.0002	0.7165	3.25	3	2.38	1
0.3426	0.0009	0.6565	3.5	3.1	2.2	3
0.3408	0.479	0.1803	1.85	3.3	4.5	2
0.3573	0.0665	0.5762	3.75	3.2	2.05	1
0.0042	0.9785	0.0173	1.91	3.25	4.2	2
0.9408	0.0568	0.0024	1.33	4.5	11	1
0.5393	0.4502	0.0105	1.44	4	8	2
0.668	0.3011	0.0309	1.73	3.3	5.5	2
0.0016	0.8521	0.1462	2	3.1	4.1	2
0.0446	0.9515	0.0039	1.62	3.6	5.75	2
0.2717	0.3634	0.3649	2.5	3	3	1
0.4802	0.175	0.3449	1.91	3.1	4.5	3
0.394	0.3981	0.2079	1.95	3.2	4.1	1
0.4835	0.3689	0.1475	1.95	3.2	4.1	1
0.245	0.0941	0.6609	2.1	3	3.9	3
0.0033	0.3652	0.6315	4	3.25	1.95	3
0.088	0.0008	0.9112	3.5	3	2.25	3
0.0604	0.9162	0.0234	2.55	3	2.9	1
0.0021	0.9809	0.017	2	3.1	4.2	2
0.1828	0.7931	0.0242	1.91	3.4	4	1
0.0361	0.2969	0.6671	3.25	3.1	2.3	2
0.2026	0.7791	0.0183	2.5	3	3	2
0.1186	0.8601	0.0213	3.25	3.1	2.3	2
0.5649	0.0043	0.4309	2.2	3	3.6	1
0.0041	0.9959	0	1.5	3.75	7.5	2
0.0102	0.9883	0.0015	2.05	3.1	4	2
0.8004	0.1806	0.019	1.4	4.33	8.5	1
0.9118	0.0674	0.0209	1.4	4.33	8.5	1
0.0052	0.2579	0.737	2.4	3	3.2	3
0.9369	0.0628	0.0003	1.14	7.5	17	1
0.3963	0.585	0.0187	1.5	3.8	7.5	1
0.0161	0.9502	0.0337	2.25	3.1	3.4	2
0.4076	0.4081	0.1844	2	3.3	3.8	1
0.3958	0.5058	0.0984	1.4	4.33	8.5	2
0.0043	0.9949	0.0007	1.95	3.2	4.2	2
0.1115	0.5801	0.3084	2.05	3.2	3.8	3
0.4254	0.5428	0.0318	2.1	3.1	3.75	2
0.3085	0.2851	0.4065	4.1	3.1	2	1
0.0028	0.0956	0.9016	4.2	3.25	1.91	3
0.45	0.5479	0.0021	2.2	3	3.6	1
0.5209	0.262	0.2171	1.75	3.4	5	3
0.0016	0.997	0.0014	2	3	4.33	2
0.0104	0.8999	0.0897	2.1	3.1	3.8	2
0.0009	0.9985	0.0006	2	3.2	4	2
0.2384	0.6982	0.0635	3.25	3	2.38	2
0.0229	0.0283	0.9488	4	3.2	2	3
0.3163	0.0725	0.6112	2.25	3.2	3.25	1
0.4556	0.3452	0.1992	2.4	3	3.2	1
0.0226	0.9591	0.0183	1.44	4.2	7.5	2
0.0677	0.4109	0.5214	3.6	3.2	2.1	3
0.4678	0.271	0.2612	3.4	3.2	2.2	1
0.2394	0.5449	0.2157	2.6	3.2	2.7	1
0.6173	0.3822	0.0005	1.36	4.5	9	1
0.5843	0.4085	0.0073	2.4	3	3.2	1
0.5613	0.4387	0.0001	1.4	4.33	8.5	1
0.0323	0.8267	0.141	1.85	3.4	4.33	2
0.5692	0.0012	0.4295	2.1	3.2	3.6	1
0.3063	0.4708	0.2229	2.05	3.25	3.75	2
0.3314	0.1281	0.5405	4.5	3.4	1.83	1
0.6074	0.3632	0.0294	2	3.3	3.75	1
0.0147	0.9568	0.0286	3.6	3.3	2.05	2
0.1369	0.8548	0.0082	1.83	3.4	4.5	2
0.3352	0.5669	0.0979	1.95	3.3	4	1
0.0972	0.2128	0.69	2.25	3	3.5	3
0.0045	0.9931	0.0024	2.1	3	3.9	2
0.0011	0.887	0.1119	3.8	3.3	2	2
0.5309	0.0577	0.4113	2.75	3.2	2.6	1
0.5383	0.418	0.0438	1.36	4.5	9	1
0.0037	0.6303	0.3659	2.3	3	3.4	3
0.3927	0.0747	0.5325	1.62	3.5	5.25	3
0.2051	0.5926	0.2023	1.4	4.5	7.5	2
0.076	0.8509	0.0731	1.44	4.33	7	2
0.0082	0.3477	0.6441	3.1	3.25	2.3	3
0.762	0.0368	0.2012	1.75	3.4	5	1
0.057	0.9392	0.0039	2.2	3.25	3.25	2
0.1773	0.7001	0.1226	1.91	3.3	4.2	3
0.943	0.0141	0.0428	1.95	3.3	4	1
0.377	0.2462	0.3768	2.25	3.2	3.25	1
0.0026	0.0003	0.997	4.75	3.5	1.75	3
0.9282	0.0059	0.0659	1.91	3.3	4.1	1
0.0074	0.3502	0.6424	2	3.1	4.1	3
0.1629	0.5835	0.2536	2.1	3.25	3.5	2
0.9806	0.0173	0.0021	1.8	3.4	4.6	1
0.0003	0.9826	0.0171	2.4	3	3.2	3
0.0606	0.4717	0.4677	3	3.2	2.4	3
0.5804	0.3423	0.0773	1.4	4.2	9	1
0.0511	0.7011	0.2478	4.75	3.5	1.75	2
0.6037	0.3699	0.0264	1.91	3.1	4.5	1
0.0012	0.0001	0.9987	2.63	3	2.88	3
0	0.9998	0.0001	2.3	3	3.4	2
0.3346	0.4301	0.2353	2.3	3	3.4	1
0.124	0.6371	0.2389	1.53	3.8	6.75	2
0.1404	0.3836	0.476	2.1	3.1	3.8	1
0.0608	0.6478	0.2913	3.5	3.1	2.2	2
0.0732	0.0048	0.922	4	3.2	2	3
0.2851	0.0769	0.638	1.53	3.8	6.75	3
0.5131	0.0414	0.4455	1.91	3.25	4.33	3
0.0021	0.0001	0.9978	2.88	3	2.63	3
0.0325	0.9126	0.0549	2.4	3.2	3	2
0.0018	0.9982	0	1.3	5	11	2
0.0394	0.9571	0.0035	2.7	3.1	2.7	2
0.4617	0.0548	0.4835	2	3.2	4	3
0.4754	0.366	0.1586	2	3.2	4	1
0.9973	0.0024	0.0002	1.6	3.5	6.5	1
0.0775	0.8838	0.0387	1.91	3.3	4.2	2
0.1343	0.8455	0.0202	3.6	3.2	2.1	2
0.9997	0.0002	0.0002	2.2	3.2	3.4	1
0.8123	0.0005	0.1873	1.62	3.6	6	3
0.0001	0.9998	0.0001	2.38	3.1	3.1	2
0.4111	0.2517	0.3372	1.83	3.25	4.75	2
0.0003	0.9948	0.0049	3.75	3.25	2.05	2
0.1579	0.4397	0.4025	3.6	3.25	2.1	3
0.9933	0	0.0067	2.8	3.1	2.63	1
0.2596	0.6371	0.1033	2.6	3	2.88	2
0.2358	0.6432	0.1211	1.53	3.75	7	2
0.7391	0.0006	0.2603	2.6	3	2.9	1
0.1452	0.2578	0.597	2.25	3.1	3.4	3
0.2021	0.7652	0.0328	1.5	4	7	1
0.8865	0.1129	0.0006	1.8	3.3	4.75	1
0.0115	0.0001	0.9884	1.91	3.25	4.33	3
0.3178	0.4392	0.243	1.91	3.2	4.33	1
0.9268	0.0023	0.0709	1.5	4	7	1
0.0003	0.9993	0.0004	2.2	3.1	3.6	2
0.2982	0.3801	0.3217	2.6	3	2.9	3
0.9709	0.0065	0.0226	2.25	3.2	3.25	1
0.0558	0.8497	0.0945	1.73	3.4	5.25	1
0.7151	0.0084	0.2765	2.2	3.2	3.4	1
0.5283	0.1366	0.3351	3	3	2.5	3
0.8756	0.1064	0.018	2.5	3	3	1
0.0002	0.9997	0.0001	1.85	3.3	4.5	2
0.2752	0.2688	0.456	2.6	3	2.9	3
0.0039	0.0002	0.9959	4.75	3.4	1.8	3
0.2594	0.1265	0.6141	1.73	3.5	5	3
0.6319	0.255	0.1131	2.25	3.2	3.2	2
0.0182	0.2469	0.7349	3.1	3.1	2.4	3
0.9966	0.002	0.0014	1.73	3.5	5	1
0.1172	0.7987	0.084	2.3	3.1	3.25	2
0.6337	0.3611	0.0051	1.4	4.33	8.5	1
0.0803	0.815	0.1048	2	3.2	4	2
0.0002	0.999	0.0009	2.63	3	2.88	2
0.1908	0.664	0.1453	1.44	4	8	2
0.7686	0.1268	0.1046	2	3.2	4	1
0.9261	0.0732	0.0007	2	3.1	4.2	1
0.7427	0.0058	0.2515	2.5	3	3	1
0.9827	0.0005	0.0168	1.85	3.3	4.5	1
0.0003	0.9993	0.0004	3.8	3.1	2.1	2
0.0865	0.8415	0.0719	1.67	3.4	6	2
0.0096	0.9874	0.003	2.75	3.1	2.63	2
0.0038	0.0057	0.9904	3.5	3.1	2.2	3
0.9925	0.0017	0.0059	2.4	3.1	3.1	1
0.0025	0.9158	0.0817	2.2	3.2	3.4	2
0.0414	0.9473	0.0114	2.4	3.1	3.1	2
0.9607	0.0032	0.036	1.36	4.5	9	1
0.5419	0.0016	0.4564	2.38	3.2	3	3
0.1014	0.6037	0.2949	2.4	3.1	3.1	2
0.0033	0.0339	0.9629	2.1	3.2	3.6	3
0.0582	0.8161	0.1257	1.57	3.6	6.5	2
0.3629	0.1514	0.4857	2.6	3.2	2.7	3
0.0004	0.9986	0.001	1.95	3.3	4	2
0.9828	0.0145	0.0027	1.73	3.4	5.25	1
0.3397	0.4353	0.225	2.05	3.25	3.75	1
0.0003	0.9997	0.0001	1.91	3.25	4.2	2
0.1895	0.7191	0.0913	1.8	3.4	4.75	2
0.0339	0.9508	0.0153	2.1	3.25	3.5	2
0.4316	0.5237	0.0447	2.1	3.2	3.6	2
0.0007	0.9988	0.0004	1.91	3.25	4.2	2
0.7253	0.2438	0.0309	2	3.2	4	1
0.0002	0.9998	0.0001	2.2	3.1	3.5	2
0.3787	0.0825	0.5388	2.4	3.1	3.1	1
0.0006	0.9991	0.0003	2.4	3.1	3.1	2
0.8364	0.0638	0.0998	1.75	3.4	5	1
0.2347	0.4858	0.2795	3.2	3.2	2.3	3
0.0136	0.9795	0.0069	2.2	3.1	3.5	2
0.005	0.0266	0.9684	2.4	3.1	3.1	3
0.9995	0.0002	0.0003	1.44	4	8	1
0.2125	0.5983	0.1892	2.8	3.1	2.6	1
0.0022	0.0215	0.9764	6	3.6	1.62	3
0.3558	0.4537	0.1905	2	3.2	4	1
0.2465	0.6088	0.1448	2.05	3.2	3.75	1
0.0012	0.9979	0.0009	1.75	3.4	5	2
0.35	0.2301	0.4199	2.7	3.1	2.7	3
0.0113	0.9728	0.0159	2.2	3.1	3.5	2
0.4137	0.165	0.4214	2.4	3	3.2	1
0.0001	0.9996	0.0002	1.95	3.3	4	2
0.4465	0.385	0.1685	2.1	3.25	3.5	1
0.4804	0.005	0.5146	2.4	3.2	3	3
0.9996	0.0001	0.0003	1.25	5.5	12	1
0.008	0.0004	0.9916	3.6	3.1	2.15	3
0.0602	0.8689	0.0709	2.6	3	2.9	1
0.6398	0.3422	0.018	2.6	3.1	2.8	1
0.9772	0.0038	0.0189	1.57	3.75	6.25	1
0.994	0.0008	0.0052	1.33	4.5	10.5	1
0.0158	0.9195	0.0647	2.2	3.2	3.4	2
0.3802	0.0348	0.585	2.5	3	3	1
0.0663	0.73	0.2036	3.2	3.2	2.3	2
0.0016	0.9983	0	1.36	4.5	9	2
0.3588	0.2663	0.3749	2.4	3	3.2	1
0.0305	0.9534	0.016	3.4	3	2.3	2
0.99	0.0086	0.0014	1.83	3.25	4.75	1
0.9503	0.0493	0.0004	1.44	4	8	1
0.1207	0.1616	0.7177	2.3	3.1	3.25	1
0.3149	0.6345	0.0506	1.8	3.25	5	2
0.0794	0.8808	0.0398	2.5	3.1	2.9	2
0.0161	0.9777	0.0062	3	3	2.5	2
0.0003	0.9994	0.0003	3.2	3	2.4	2
0.9936	0.0002	0.0063	3.1	3.1	2.4	1
0.9417	0.054	0.0042	2.75	3	2.75	1
0.6174	0.1157	0.2668	2.4	3	3.2	3
0.1525	0.8226	0.0248	2.25	3	3.5	1
0.8986	0.0277	0.0737	1.3	5	11	3
0.227	0.7647	0.0083	2.25	3.1	3.4	1
0.1258	0.7677	0.1065	1.91	3.2	4.33	1
0.9531	0.0457	0.0012	1.4	4.33	8.5	1
0.0493	0.0228	0.9278	1.8	3.3	4.75	3
0.6172	0.3821	0.0007	1.73	3.5	5	1
0.0035	0.1459	0.8506	2.7	3.1	2.7	3
0.8827	0.117	0.0003	1.5	4	7	1
0.6138	0.3329	0.0532	2.2	3.1	3.5	1
0.856	0.0863	0.0577	1.62	3.6	6	1
0.1684	0.1869	0.6447	4	3.2	2	3
0.0031	0.032	0.965	6	3.75	1.57	3
0.159	0.7203	0.1207	2.4	3	3.2	2
0.0028	0.9965	0.0007	2.25	3.2	3.25	2
0.9958	0.0002	0.0041	2.25	3.1	3.4	1
0.9905	0.0075	0.002	1.8	3.4	4.6	1
0.0464	0.0806	0.8729	3	3	2.5	1
0.766	0.0039	0.2301	1.67	3.5	5.5	1
0.8787	0.0046	0.1167	1.73	3.4	5.25	1
0.9801	0.0049	0.015	1.5	3.75	7.5	1
0.3875	0.5964	0.0161	1.73	3.4	5.25	2
0.0035	0.9963	0.0002	1.73	3.3	5.5	2
0.0326	0.957	0.0104	1.62	3.6	6	2
0.0409	0.0594	0.8997	4	3.3	1.95	3
0.7853	0.2053	0.0094	1.8	3.3	4.75	1
0.7339	0.2653	0.0008	1.73	3.3	5.5	1
0.0908	0.6475	0.2617	2.5	3	3	1
0.6501	0.0002	0.3496	1.95	3.1	4.33	1
0.9978	0.0018	0.0004	1.29	5	12	1
0.165	0.0043	0.8307	3	3	2.5	3
0.9028	0.0961	0.0012	2.1	3	4	1
0.0015	0.0069	0.9916	2.9	3.1	2.5	3
0.998	0.0007	0.0013	1.36	4.33	10	1
0.966	0.0295	0.0045	1.53	3.75	7	1
0.7843	0.2077	0.008	1.83	3.25	4.75	2
0.7973	0.0169	0.1858	2.3	3	3.4	1
0.9937	0.0004	0.0059	5	3.5	1.73	1
0.7895	0.2043	0.0062	1.57	3.75	6	1
0.12	0.8604	0.0196	2.2	3.2	3.4	2
0.0024	0.9904	0.0072	1.8	3.25	5	2
0.9333	0.0001	0.0666	3.2	3	2.38	1
0.1399	0.8589	0.0012	1.36	4.33	10	2
0.3586	0.2903	0.3511	2.2	3.1	3.5	1
0.0022	0.0053	0.9925	1.62	3.6	6	3
0.2457	0.2071	0.5473	3.5	3.1	2.2	3
0.373	0.6251	0.0019	1.85	3.2	4.75	2
0.3512	0.0228	0.626	3.1	3.1	2.4	1
0.9253	0.0013	0.0734	2.8	3.1	2.6	1
0.95	0.0352	0.0148	1.8	3.3	4.75	1
0.5549	0.4399	0.0052	1.95	3.2	4.2	1
0.9728	0.0058	0.0215	2.25	3.2	3.25	1
0.7145	0.0005	0.2851	2.7	3.1	2.7	1
0.7204	0.0872	0.1923	1.57	3.75	6	1
0.8533	0.1337	0.013	1.67	3.5	5.5	1
0.4799	0.2796	0.2405	2.2	3.1	3.5	1
0.0304	0.0696	0.8999	4	3.2	2	3
0.6012	0.2087	0.1901	1.55	3.75	6.5	1
0.0423	0.9279	0.0298	1.7	3.4	5.5	2
0.9994	0.0001	0.0004	1.36	4.5	9	1
0.0033	0.0061	0.9905	3	3	2.5	3
0.0015	0.9751	0.0234	2.8	3	2.7	2
0.1182	0.0718	0.8101	2.8	3	2.7	3
0.0025	0.0043	0.9933	1.53	3.75	7	3
0.0268	0.8578	0.1154	2.4	3.1	3.1	2
0.8967	0.0001	0.1032	2	3.1	4.2	1
0.0207	0.0004	0.9789	2.63	3	2.88	3
0.3454	0.6538	0.0008	1.57	3.6	6.5	1
0.9112	0.0844	0.0044	1.33	4.75	10	1
0.1149	0.8823	0.0028	2.4	3.2	3	2
0.0264	0.3037	0.6699	1.91	3.25	4.33	2
0.9969	0.0015	0.0016	1.3	5	10	1
0.8995	0.0892	0.0113	1.44	4	8	1
0.2398	0.4742	0.286	1.62	3.75	5.5	3
0.3298	0.0754	0.5948	4	3.2	2	2
0.3247	0.1731	0.5022	2.1	3	4	3
0.0148	0.9843	0.0009	2.6	3.1	2.8	2
0.2833	0.6378	0.0789	2.38	3.2	3	1
0.2038	0.6739	0.1223	3.25	3.2	2.25	3
0.323	0.5221	0.1549	1.44	4	8	2
0.0326	0.486	0.4814	2.4	3.1	3.1	2
0.9784	0.0024	0.0193	2.5	3.1	2.9	1
0.1043	0.86	0.0357	1.8	3.3	4.75	2
0.6461	0.042	0.312	2.3	3.1	3.25	1
0.0059	0.1952	0.799	5	3.5	1.73	3
0.9418	0.0091	0.0491	2	3.2	4	1
0.5106	0.483	0.0064	2.3	3.25	3.1	1
0.0307	0.9551	0.0142	2.63	3.1	2.75	2
0.0746	0.7666	0.1588	2.3	3.25	3.1	2
0.3957	0.3938	0.2105	1.91	3.3	4.2	1
0.9758	0.0123	0.0118	2	3.2	4	1
0.5309	0.1282	0.3409	4	3.2	2	1
0.0462	0.6962	0.2576	2.6	3.1	2.8	2
0.9835	0.0053	0.0113	1.53	3.8	6.5	1
0.9385	0.0046	0.0569	1.57	3.6	6.5	3
0.0199	0.4032	0.5769	3.8	3.2	2.05	2
0.4367	0.4845	0.0788	1.4	4.2	9	2
0.1255	0.6752	0.1993	1.57	3.6	6.5	3
0.0345	0.8035	0.162	2.9	3.1	2.5	2
0.4807	0.0002	0.5191	1.62	3.6	6	3
0.0217	0.0241	0.9541	2.63	3.1	2.75	3
0.9577	0.0108	0.0315	1.25	5.5	12	1
0.6311	0.0006	0.3682	3.25	3.2	2.25	1
0.8007	0.0022	0.1971	4	3.2	2	1
0.2787	0.0861	0.6352	3	3	2.5	3
0.147	0.3891	0.4639	1.83	3.4	4.5	3
0.3584	0.2715	0.3701	2.5	3.1	2.9	1
0.0722	0.9242	0.0036	1.73	3.25	5.5	2
0.4096	0.003	0.5873	2.2	3.1	3.5	3
0.0036	0.0451	0.9512	4.5	3.4	1.83	3
0.2122	0.7566	0.0312	1.57	3.5	7	2
0.0022	0.0127	0.985	2.25	3.1	3.4	3
0.5019	0.372	0.1261	1.4	4.2	9	2
0.0521	0.8933	0.0546	4.5	3.5	1.8	2
0.0798	0.8139	0.1062	2	3.1	4.2	1
0.237	0.1121	0.6509	1.4	4.5	8	3
0.3347	0.3828	0.2825	3.4	3.2	2.2	1
0.2126	0.0104	0.777	2.6	3	2.88	3
0.2503	0.5379	0.2118	1.57	3.6	6.5	1
0.3963	0.0127	0.591	2	3.2	4	3
0.3711	0.5294	0.0995	2.38	3	3.25	1
0.0092	0.9898	0.001	2.6	3.1	2.8	2
0.3062	0.0038	0.69	2.2	3	3.6	3
0.024	0.3259	0.6501	3.75	3.3	2	3
0.9729	0.0055	0.0217	1.33	4.75	9.5	1
0.7607	0.0033	0.2359	1.73	3.5	5	1
0.3764	0.1935	0.4301	3.1	3.1	2.4	2
0.6877	0.0084	0.3039	2.5	3.1	2.9	1
0.6841	0.0005	0.3155	2.3	3.2	3.1	1
0.1311	0.6564	0.2125	1.67	3.5	5.5	2
0.8011	0.1867	0.0122	1.73	3.5	5	1
0.1393	0.6725	0.1881	2.4	2.88	3.3	1
0.0176	0.661	0.3214	1.57	3.6	6.5	2
0.0015	0.004	0.9946	1.91	3.25	4.33	3
0.1342	0.8071	0.0587	4.2	3.25	1.91	1
0.5969	0.3687	0.0344	2	3.1	4.2	1
0.0427	0.001	0.9563	1.8	3.25	5	3
0.0003	0.9996	0.0001	1.83	3.4	4.5	2
0.5469	0.1124	0.3407	1.73	3.4	5.25	1
0.0327	0.9545	0.0129	2.5	3	3	2
0.0211	0.9374	0.0415	3	3	2.5	2
0.161	0.0078	0.8312	5	3.25	1.8	1
0.5482	0.0049	0.4469	2.3	3.1	3.25	3
0.0192	0.0001	0.9806	2.75	3.2	2.6	3
0.8485	0.1398	0.0117	1.4	4.5	8	1
0.9994	0.0001	0.0005	1.45	4.2	7.5	1
0.5869	0.0001	0.413	2.55	3.1	2.88	1
0.4096	0.2107	0.3797	3	3	2.5	1
0.7175	0.264	0.0185	2.2	3	3.6	1
0.9525	0.0403	0.0072	1.83	3.4	4.5	1
0.2215	0.1081	0.6704	3	3.25	2.4	3
0.0885	0.8543	0.0572	3.5	3.25	2.1	2
0.9591	0.0404	0.0005	1.3	5	11	1
0.1672	0.0127	0.8201	3.75	3.1	2.1	1
0.3789	0.3085	0.3126	2.63	3	2.88	2
0.5972	0.3665	0.0362	1.95	3.3	4	1
0.6936	0.0456	0.2608	1.75	3.2	5.5	1
0.0046	0.0002	0.9953	2	3.1	4.2	3
0.5062	0.1245	0.3693	1.67	3.4	6	1
0.3297	0.2193	0.451	1.7	3.5	5.25	2
0.4816	0.1093	0.4091	2.63	3	2.88	1
0.3647	0.6067	0.0286	2.4	3.1	3.1	1
0.236	0.0003	0.7637	3.1	3.1	2.38	3
0.1921	0.492	0.3159	2.6	3	2.88	3
0.0064	0.0045	0.9891	5	3.5	1.73	3
0.5621	0	0.4378	2.5	3.1	2.9	1
0.9863	0.0026	0.0111	1.44	4.2	7.5	1
0.8014	0.1747	0.0239	2	3.25	3.9	1
0.0006	0.9985	0.0009	2.5	3	3	2
0.8801	0.1133	0.0066	1.44	4.33	7	1
0.9766	0.0112	0.0122	1.36	4.5	9.5	1
0.8165	0.0144	0.1691	2.38	3.2	3	1
0.1334	0.1517	0.715	2.7	3.1	2.7	3
0.6189	0.1788	0.2023	2.1	3.1	3.75	1
0.1359	0.8243	0.0398	2.2	3.3	3.25	1
0.5868	0.2606	0.1526	1.5	4	7	1
0.0991	0.2795	0.6214	2.5	3.1	2.9	3
0.9976	0.0002	0.0023	1.62	3.6	6	1
0.4225	0	0.5775	2	3.2	4	1
0.2902	0.012	0.6978	1.36	4.33	9.5	2
0.9583	0.0035	0.0382	2.25	3.2	3.25	1
0.7681	0.0224	0.2095	2.3	3.1	3.3	1
0.0369	0.2618	0.7012	2.88	3	2.6	2
0.1282	0.8509	0.0209	2.3	3.1	3.25	1
0.9207	0.0687	0.0106	1.53	3.75	7	1
0.611	0.1927	0.1964	1.73	3.5	5	1
0.065	0.733	0.202	4.75	3.3	1.8	3
0.7868	0.1661	0.0472	1.67	3.6	5.25	1
0.0206	0.0315	0.948	2.3	3.1	3.3	3
0.9348	0.0458	0.0194	2	3.3	3.8	1
0.7302	0.269	0.0008	1.4	4.33	8.5	2
0.1471	0.0169	0.8361	4.2	3.6	1.83	3
0.1558	0.1507	0.6935	2.4	3.2	3	3
0.9856	0.0043	0.0101	1.33	4.75	10	1
0.0087	0.4774	0.5139	1.83	3.4	4.5	2
0.3605	0.0006	0.6389	2.5	3	3	3
0.7583	0.025	0.2167	2.2	3.2	3.4	1
0.0893	0.6703	0.2404	2.1	3.4	3.4	2
0.1851	0.673	0.1419	1.67	3.6	5.25	2
0.0108	0.0001	0.9891	3.25	3.3	2.2	3
0	0.9992	0.0008	3.25	3.25	2.25	2
0.9065	0.084	0.0095	1.73	3.5	5	1
0.7539	0.0102	0.2359	2.1	3.1	3.75	1
0.4316	0.0732	0.4952	2.25	3.1	3.4	3
0.0171	0.5986	0.3843	2.55	3.1	2.88	2
0.4949	0.0973	0.4078	1.85	3.4	4.33	1
0.5826	0.0009	0.4165	2.38	3.3	2.9	1
0.5382	0.2761	0.1857	2.8	3.1	2.6	1
0.0015	0.6671	0.3315	2	3.3	3.75	2
0.5731	0.0237	0.4031	1.57	3.8	6	1
0.2403	0.0101	0.7496	7	3.75	1.53	3
0.0432	0.0736	0.8832	2.5	3.25	2.8	3
0.9936	0.0019	0.0045	1.33	4.75	9.5	1
0.2511	0.1189	0.63	4.5	3.75	1.75	3
0.561	0.1779	0.2611	1.8	3.5	4.5	3
0.9668	0.0326	0.0006	1.73	3.6	4.75	1
0.8958	0.0005	0.1037	2.2	3.2	3.4	1
0.1006	0.1964	0.7029	2.4	3.3	2.9	3
0.2699	0.0122	0.7179	2.3	3.25	3.1	3
0.7897	0.0058	0.2045	2.1	3.2	3.6	1
0.3941	0.6057	0.0002	1.83	3.4	4.5	2
0.0116	0.0935	0.8949	2.75	3.2	2.6	3
0.9189	0.0046	0.0765	2.1	3.2	3.6	1
0.3627	0.0515	0.5857	1.91	3.25	4.33	3
0.8448	0.146	0.0093	1.33	4.75	10	2
0.3949	0.1514	0.4537	2.5	3	3	3
0.0027	0	0.9972	2.2	3.2	3.4	3
0.0243	0.0154	0.9603	3	3	2.5	3
0.0027	0.0002	0.9972	2.4	3.1	3.1	3
0.0019	0.0001	0.998	3.5	3.1	2.2	3
0.8374	0.1597	0.0029	1.44	4	8	2
0.9999	0.0001	0	1.7	3.5	5.25	1
0.6545	0.3182	0.0273	2.38	3	3.2	1
0.2213	0.0084	0.7703	2.7	3	2.75	1
0.9989	0.001	0.0001	1.44	4.2	7.5	1
0.4395	0.1827	0.3778	2.15	3	3.75	1
0.3708	0.2521	0.3771	1.91	3.25	4.33	2
0.0022	0.9838	0.014	6	3.6	1.62	2
0.969	0.0178	0.0132	2.1	3.1	3.75	1
0.7892	0.0015	0.2093	1.44	4	8	1
0.0069	0.2444	0.7487	3.6	3.2	2.1	2
0.0279	0.5973	0.3748	2.38	3.1	3.1	3
0.0102	0.7018	0.288	4	3.2	2	2
0.9576	0	0.0424	2.15	3.2	3.5	1
0.8089	0	0.191	1.83	3.4	4.5	1
0.0041	0.9955	0.0004	2.6	3	2.9	2
0.3515	0.001	0.6474	1.83	3.25	4.75	1
0.4159	0.0317	0.5525	2.3	3.1	3.2	3
0.0233	0.8412	0.1355	1.57	3.6	6.5	2
0.5529	0.0381	0.409	1.7	3.5	5.25	1
0.1595	0.8052	0.0353	2.4	3.2	3	1
0.0118	0	0.9882	2.4	3.1	3.1	3
0.9988	0.0006	0.0006	2.15	3	3.75	1
0.6664	0.2797	0.0539	2	3.2	4	1
0.9048	0.0166	0.0786	1.62	3.75	5.5	1
0.0034	0.0002	0.9964	3.6	3.1	2.15	3
0.001	0.9965	0.0026	1.67	3.5	5.5	2
0.5812	0.4136	0.0052	1.62	3.6	6	2
0.1791	0.4982	0.3228	2.7	3.25	2.6	3
0.9755	0.0141	0.0104	1.91	3.25	4.2	1
0.269	0.6356	0.0954	1.4	4.2	9	1
0.9558	0	0.0442	3.4	3	2.3	1
0.9833	0.0004	0.0164	2.3	3.2	3.2	1
0.093	0.6993	0.2077	2	3.2	4	1
0.469	0.0025	0.5285	1.5	3.8	7.5	3
0.0001	0.9994	0.0005	4	3.2	2	2
0.119	0.713	0.168	2.63	3	2.88	2
0.5875	0.3215	0.091	1.44	4.2	7.5	1
0.0088	0.0091	0.982	3.4	3.1	2.25	3
0.4253	0.0044	0.5702	1.83	3.25	4.75	3
0.3062	0.4297	0.2641	2	3.2	4	2
0.002	0.0001	0.9979	5.25	3.6	1.67	3
0.9881	0.0039	0.008	2.7	3	2.75	1
0.1082	0.6942	0.1976	1.91	3.3	4.2	2
0.9997	0.0001	0.0001	2.3	3	3.4	1
0.9991	0	0.0009	2.2	3.2	3.4	1
0.4103	0.5653	0.0244	2.1	3.25	3.6	2
0.1744	0.8134	0.0121	1.57	3.4	7.5	2
0.0647	0.8689	0.0664	2.1	3.3	3.5	2
0.9886	0.0017	0.0097	1.4	4.5	8	1
0.2092	0.0244	0.7664	2.5	3.1	2.9	1
0.5841	0.3972	0.0187	1.91	3.2	4.33	1
0.444	0.5536	0.0024	2.5	3.1	2.9	2
0.2912	0.0001	0.7087	3.2	3	2.4	3
0.0011	0.9987	0.0002	2.2	3	3.6	2
0.9735	0.0036	0.0228	1.2	6	15	1
0.0026	0.0632	0.9342	3	3	2.5	3
0.3055	0.0289	0.6656	2	3.2	4	3
0.0005	0.9863	0.0132	1.62	3.6	6	2
0.3433	0.1352	0.5215	3.3	3.1	2.3	1
0.6279	0.2695	0.1026	1.62	3.5	6.5	1
0.9995	0	0.0005	1.75	3.4	5	1
0.8991	0.0211	0.0798	1.4	4.33	8.5	1
0.0132	0.2362	0.7506	1.67	3.5	5.5	3
0.9942	0.004	0.0018	2.2	3.1	3.5	1
0.3795	0.0007	0.6197	3.1	3.1	2.38	3
0.3863	0.4376	0.1761	1.83	3.25	4.75	2
0.0477	0.8973	0.055	3.75	3	2.15	2
0.0125	0.9108	0.0767	2.8	3.1	2.6	2
0.1718	0.5089	0.3192	3	3.2	2.4	2
0.01	0.988	0.002	2.25	3	3.5	2
0.1389	0.008	0.853	2.63	3.1	2.8	3
0.0962	0.3198	0.584	1.91	3.2	4.33	2
0.4221	0.4604	0.1175	2.8	3.1	2.6	2
0.8764	0.1221	0.0015	1.2	6.5	13	1
0.5747	0	0.4252	2.2	3.25	3.3	1
0.1332	0.8154	0.0513	2.1	3.2	3.6	1
0.0003	0.9995	0.0002	2.3	3.2	3.2	2
0.9708	0.0149	0.0143	1.33	5	9	1
0.9811	0.0008	0.0181	5	3.5	1.73	1
0.4311	0.1957	0.3733	2.05	3.1	4	1
0.4307	0.3073	0.262	1.57	3.6	6.5	1
0.4717	0.5238	0.0046	1.7	3.5	5.25	1
0.3404	0.306	0.3536	7.5	3.75	1.5	3
0.1588	0.8403	0.0008	1.75	3.4	5	2
0.9148	0.0847	0.0005	1.5	3.75	7.5	1
0.9828	0.0052	0.0119	2.8	3.1	2.6	1
0.0023	0.997	0.0007	1.75	3.4	5	2
0.1117	0.278	0.6103	3.1	3.1	2.4	1
0.0044	0.5911	0.4044	3.6	3.2	2.1	3
0.8933	0.0965	0.0101	2	3.2	4	1
0.4437	0.3469	0.2094	1.44	4.2	7.5	3
0.9913	0.0026	0.0061	1.62	3.6	6	1
0.0015	0.9962	0.0022	3.5	3.2	2.15	2
0.727	0.2486	0.0244	1.57	3.75	6	1
0.3427	0.0017	0.6556	3.6	3.2	2.1	3
0.571	0.0011	0.4279	2.1	3.2	3.6	1
0.9755	0.0021	0.0224	1.53	4	6	1
0.9833	0.0004	0.0163	2.5	3.2	2.88	1
0.0362	0.4498	0.5141	3.25	3.1	2.3	3
0.0029	0.0001	0.997	2.3	3.4	3	3
0.9918	0.0005	0.0076	1.33	4.75	10	1
0.0551	0.0006	0.9444	2.2	3.1	3.5	3
0.9921	0.0071	0.0007	1.4	4.33	8.5	1
0.2874	0.3534	0.3592	1.57	3.6	6.5	3
0.1467	0.3948	0.4585	2.4	3.1	3.1	3
0.6098	0.387	0.0032	1.4	4.33	8.5	2
0.0084	0.9202	0.0714	3.25	3.25	2.25	2
0.1158	0.3496	0.5346	4.5	3.4	1.83	2
0.0067	0.9878	0.0055	3.1	3.1	2.4	1
0.4669	0.0081	0.525	1.83	3.25	4.75	3
0.9648	0.0349	0.0003	2.5	3.1	2.9	1
0.1755	0.6754	0.1491	3.6	3.2	2.1	2
0.169	0.0067	0.8243	1.55	3.8	6.5	3
0.0031	0.9952	0.0017	2.38	3	3.25	2
0.1303	0.5568	0.3129	2.1	3.25	3.6	2
0.4684	0.3278	0.2037	2.3	3.1	3.25	1
0.9629	0.0036	0.0335	1.4	4.33	8.5	1
0.8178	0.1385	0.0437	2.63	3	2.88	1
0.5724	0.1091	0.3185	1.8	3.5	4.5	1
0.9963	0.0002	0.0035	2.4	3.3	2.9	1
0.0005	0.9992	0.0003	2.3	3.1	3.3	2
0.9996	0.0001	0.0003	1.18	6.5	15	1
0.0046	0.9805	0.0149	2.1	3.1	3.75	2
0.6493	0	0.3507	1.67	3.6	5.5	3
0.4066	0.2837	0.3097	2.38	3.1	3.1	3
0.4062	0.0661	0.5277	2.3	3.1	3.3	1
0.3574	0.3153	0.3273	2.4	3	3.2	1
0.2122	0.575	0.2128	2.5	3.1	2.9	1
0.0012	0.992	0.0068	3.1	3.1	2.4	2
0.3409	0.597	0.0621	1.44	4.2	7.5	2
0.0381	0.9605	0.0014	2.1	3.2	3.6	2
0.0004	0.9995	0.0001	1.4	4.5	8	2
0.9385	0.0033	0.0582	1.83	3.4	4.5	1
0.2028	0.6401	0.1571	4.75	3.4	1.8	1
0.9902	0.0087	0.0011	1.62	3.75	5.5	1
0.395	0.057	0.548	3.25	3.2	2.25	3
0.4709	0.3471	0.1819	2.4	3.2	3	1
0.003	0.0019	0.9951	3.6	3.2	2.1	3
0.0006	0.9993	0.0001	1.65	3.6	5.5	2
0.9684	0.0308	0.0008	1.62	3.6	6	1
0.1038	0.8747	0.0216	2.8	3.1	2.6	2
0.982	0.0007	0.0173	1.22	6	13	1
0.7194	0.2733	0.0073	1.62	3.5	6.5	2
0.1307	0.6142	0.2551	4.2	3.2	1.95	2
0.0003	0.9991	0.0007	2.8	3	2.7	2
0.435	0.2204	0.3446	1.62	3.6	6	3
0.0001	0.9994	0.0005	3.4	3.1	2.25	2
0.1463	0.0425	0.8112	2.05	3.2	3.75	3
0.9481	0.0499	0.002	1.73	3.4	5.25	1
0.5348	0.0516	0.4136	2.3	3.1	3.25	1
0.1315	0.3836	0.4849	4.33	3.5	1.83	3
0.9973	0.0016	0.0011	1.8	3.3	4.75	1
0.0121	0	0.9879	3.5	3.2	2.15	3
0.0107	0.4109	0.5784	3	3	2.5	3
0.9558	0.0366	0.0076	1.83	3.4	4.5	1
0.2301	0.5576	0.2123	1.67	3.5	5.5	1
0.9393	0.0569	0.0037	1.4	4.5	8	2
0.0188	0.979	0.0022	2	3.2	4	2
0.6176	0.1995	0.1828	2	3.3	3.8	1
0.9257	0.0718	0.0024	1.62	3.75	5.5	1
0.986	0.0025	0.0115	1.91	3.3	4.2	1
0.0004	0.9994	0.0002	4.75	3.25	1.83	2
0.2707	0.3983	0.3311	2.2	3.1	3.5	3
0.0702	0.295	0.6347	2.63	3.1	2.75	3
0.8064	0.1782	0.0153	2.4	3.1	3.1	1
0.0701	0.6931	0.2368	3.3	3.2	2.25	2
0.5415	0.0162	0.4423	1.62	3.75	5.5	1
0.4527	0.0001	0.5472	1.73	3.3	5.5	3
0.0124	0.0024	0.9852	7.5	4.1	1.44	3
0.3259	0.0007	0.6734	2.88	3	2.63	3
0.9944	0.0037	0.0019	2.5	3.1	2.9	1
0.0014	0.9985	0.0001	1.4	4.33	8.5	2
0.3244	0.0725	0.6031	2	3.2	4	1
0.2394	0.76	0.0006	1.5	3.75	7.5	2
0.5456	0.2669	0.1874	1.62	3.6	6	1
0.5484	0.4365	0.0151	1.83	3.4	4.5	1
0.4815	0.0066	0.5119	1.62	3.5	6.5	1
0.4938	0.001	0.5052	1.8	3.5	4.5	1
0.6243	0.3668	0.0089	1.14	7.5	17	2
0.5522	0.2179	0.2299	2	3.2	4	2
0.0063	0.3056	0.6882	1.83	3.4	4.5	3
0.8466	0.0118	0.1417	1.85	3.4	4.33	1
0.0016	0.9806	0.0178	4	3.2	2	2
0.2523	0.3402	0.4076	2.3	3.1	3.3	3
0.0035	0.0012	0.9953	4.33	3.25	1.91	3
0.9792	0.0026	0.0182	2	3.3	3.75	1
0.0049	0.0726	0.9226	2.25	3.1	3.4	3
0.3991	0.0023	0.5986	4.75	3.25	1.83	1
0.7041	0.2923	0.0036	1.36	4.75	8.5	2
0.2695	0.5068	0.2237	2.6	3.1	2.8	2
0.1723	0.0191	0.8086	3.4	3.2	2.2	3
0.8566	0.1427	0.0007	1.57	3.75	6	1
0.5697	0.0001	0.4302	1.85	3.4	4.33	1
0.9766	0.007	0.0164	2.1	3.25	3.5	1
0.8891	0.1094	0.0015	1.57	3.8	6	1
0.0151	0	0.9849	3	3.2	2.4	3
0.3165	0.5293	0.1543	4	3.2	2	3
0.1536	0.7224	0.124	1.67	3.5	5.5	3
0.1343	0.0063	0.8594	3.1	3.2	2.3	3
0.0083	0.9855	0.0063	2	3.2	4	2
0.9983	0.0011	0.0006	1.44	4	8	1
0.4736	0.1564	0.3701	2.63	3	2.88	1
0.0001	0.9995	0.0004	3.2	3	2.38	2
0.1149	0.3617	0.5234	2.6	3.1	2.8	2
0.33	0.0988	0.5711	2	3.2	4	1
0.5397	0.0541	0.4062	2.38	3	3.2	3
0.6934	0.302	0.0046	1.5	4	7	1
0.9041	0.0872	0.0086	1.53	3.8	6.5	1
0.2019	0.0019	0.7962	5	3.25	1.8	3
0.0021	0.7293	0.2687	2.75	3.1	2.63	2
0.1935	0.7489	0.0575	1.75	3.4	5	1
0.036	0.0177	0.9464	3.4	3	2.3	3
0.0019	0.9968	0.0013	1.4	4.5	8	2
0.4224	0.2287	0.3489	2.4	3.2	3	2
0.2582	0.1437	0.5981	3.6	3.1	2.15	3
0.4184	0.1727	0.4089	3.75	3.3	2	1
0.8862	0.0021	0.1117	1.44	4.2	7.5	3
0.972	0.0004	0.0275	1.44	4.1	8	1
0.9949	0.0049	0.0002	1.17	7	15	1
0.2979	0.4867	0.2154	3.2	3	2.4	1
0.0168	0.0247	0.9584	1.91	3.3	4.2	3
0.6786	0.0952	0.2262	2	3.2	4	2
0.6941	0.0126	0.2933	2	3.2	4	1
0.0225	0.6465	0.331	1.95	3.2	4.2	2
0.4528	0.0026	0.5446	1.62	3.75	5.5	1
0.157	0.6441	0.1989	3.5	3.2	2.15	2
0.2068	0.7313	0.0619	2	3.3	3.8	3
0.5322	0.443	0.0248	2.1	3.2	3.6	1
0.5716	0.1695	0.2589	1.91	3.2	4.5	1
0.0041	0.1642	0.8317	2.5	3.1	2.9	3
0.0007	0.9259	0.0733	2.5	3	3	2
0.6879	0.2956	0.0165	1.83	3.4	4.5	1
0.9676	0.011	0.0213	1.57	3.8	6	1
0.9766	0.0016	0.0218	1.5	4	7	1
0.3258	0.67	0.0041	1.73	3.5	5	2
0.603	0.0043	0.3927	2.3	3	3.4	3
0.0001	0.9998	0.0001	4	3.1	2.05	2
0.0689	0.0003	0.9309	7.5	4.2	1.44	1
0.9778	0.0044	0.0178	1.62	3.6	6	1
0.009	0.087	0.904	3.5	3.1	2.2	3
0.3437	0.0183	0.638	2.9	3.1	2.5	3
0.0114	0.1243	0.8643	3.5	3.1	2.2	3
0.5864	0.2684	0.1453	1.62	3.6	6	2
0.1318	0.4122	0.456	2	3.25	3.9	2
0.072	0.8207	0.1073	2.3	3.1	3.3	2
0.3859	0.0095	0.6046	1.44	4	8	3
0.5727	0.3174	0.11	1.67	3.5	5.5	1
0.6363	0.1127	0.2511	1.5	3.8	7.5	1
0.9279	0.0003	0.0718	2	3.2	4	1
0.3334	0.6323	0.0343	2.25	3.2	3.3	1
0.0729	0.8872	0.0399	1.91	3.2	4.33	2
0.5255	0.0025	0.4721	7	4	1.5	1
0.6138	0.0008	0.3853	2.05	3.2	3.8	3
0.3726	0.004	0.6234	1.75	3.4	5	1
0.4053	0.5832	0.0115	1.8	3.4	4.75	2
0.0058	0.4773	0.5169	4.5	3.3	1.85	2
0.4497	0.3282	0.2221	1.91	3.1	4.6	1
0.9128	0.006	0.0812	1.44	4.1	8	1
0.0418	0.8843	0.0739	2.75	3.2	2.6	2
0.559	0.3875	0.0535	2.88	3	2.63	1
0.005	0.4951	0.4999	2.88	3	2.6	3
0.11	0.6093	0.2808	2.1	3.2	3.6	1
0.9423	0.0372	0.0206	1.18	6.5	15	1
0.7435	0.2098	0.0467	2.05	3.2	3.75	1
0.1061	0.0705	0.8234	3.4	3.2	2.2	3
0.3423	0.0003	0.6574	1.44	4	8	1
0.322	0.0032	0.6748	2.5	3.1	2.9	1
0.0933	0.7836	0.1231	1.44	4	8	2
0.3731	0.004	0.6229	4	3.2	2	1
0.4032	0.4393	0.1574	1.44	4.1	8	3
0.8202	0.0019	0.1779	1.62	3.6	6	1
0.0177	0.9823	0	1.45	4	8	2
0.595	0.0252	0.3797	2.88	3	2.63	1
0.01	0.9249	0.0651	2.4	3.1	3.1	2
0.381	0.0027	0.6162	2.9	3	2.6	1
0.2969	0.452	0.2511	3	3	2.5	2
0.6112	0.0992	0.2896	2.4	3	3.2	2
0.9413	0.0223	0.0364	1.57	3.8	6	1
0.502	0.0024	0.4957	2.7	2.9	2.88	3
0.4269	0.2762	0.2969	1.85	3.2	4.75	2
0.1095	0.8448	0.0457	2	3.1	4.2	2
0.3681	0.1988	0.4331	1.73	3.5	5	3
0.0004	0.9761	0.0236	3.75	3.25	2.05	2
0.3923	0.0072	0.6005	1.91	3.2	4.5	3
0.015	0.0018	0.9832	4.75	3.3	1.8	3
0.3483	0.3733	0.2784	1.5	4	7	3
0.1705	0.3531	0.4765	2.8	3	2.7	3
0.561	0.3656	0.0734	1.85	3.3	4.5	1
0.9792	0.0002	0.0206	1.85	3.3	4.5	1
0.8938	0.1039	0.0023	1.57	3.6	6.5	1
0.9594	0.0391	0.0015	2.05	3.2	3.75	1
0.2685	0.1864	0.5451	3.3	3.2	2.25	3
0.0583	0.8209	0.1207	2.05	3.2	3.8	2
0.0295	0.0886	0.8819	2	3.2	4	3
0.6985	0.2718	0.0297	1.67	3.5	5.5	1
0.7782	0.0464	0.1754	3.8	3.3	2	1
0.7992	0.1924	0.0084	1.45	4.1	7.5	1