0.1085	0.105	0.7865	4	3.25	1.9	3
0.1006	0.2064	0.693	2.5	3.2	2.75	3
0.0083	0.8881	0.1036	2.8	3.25	2.4	2
0.6808	0.2221	0.0972	1.66	3.4	5.5	1
0.4517	0.0947	0.4536	2.37	3.25	2.87	3
0.2141	0.0248	0.7612	3.4	3.25	2.1	1
0.059	0.5792	0.3618	2	3.2	3.75	3
0.941	0.0488	0.0103	1.33	4.5	10	1
0.7187	0.1046	0.1767	1.2	6	13	1
0.3947	0.4595	0.1459	1.22	5.5	13	2
0.0811	0.0726	0.8463	1.8	3.4	4.33	3
0.7993	0.026	0.1747	2.3	3.25	3	2
0.4604	0.3297	0.2099	2.2	3.25	3.2	1
0.6944	0.126	0.1797	1.61	3.6	5.5	1
0.3927	0.4882	0.1191	5.5	3.6	1.61	2
0.1227	0.4036	0.4737	6.5	3.75	1.53	3
0.6013	0.278	0.1207	2.3	3.25	3	1
0.2754	0.016	0.7085	2.37	3.25	2.87	3
0.1046	0.5211	0.3744	2.1	3.25	3.4	3
0.3627	0.4766	0.1607	1.83	3.3	4.33	2
0.3121	0.3128	0.3751	1.83	3.3	4.33	1
0.799	0.1133	0.0877	2.5	3.25	2.7	1
0.3854	0.0078	0.6068	1.44	4	7.5	1
0.749	0.1231	0.1279	2.2	3.25	3.2	1
0.3009	0.3867	0.3124	3.1	3.2	2.25	2
0.5489	0.2906	0.1605	2.62	3.1	3.1	2
0.5721	0.1943	0.2336	4.5	3.25	1.83	1
0.5635	0.4039	0.0327	1.53	3.8	6	1
0.4624	0.4731	0.0645	1.8	3.4	4.5	1
0.7406	0.0417	0.2177	2.25	3.2	3	1
0.7737	0.1083	0.118	1.28	5	10	1
0.5016	0.1633	0.3351	2.37	3.25	2.87	3
0.4053	0.4843	0.1104	2.1	3.2	3.5	2
0.0704	0.0986	0.831	6	3.6	1.57	3
0.1436	0.4517	0.4047	1.9	3.25	4	2
0.8582	0.0598	0.082	1.5	4	6	1
0.2306	0.139	0.6304	2.6	3.2	2.62	2
0.2654	0.3119	0.4227	2.4	3.2	2.87	3
0.2107	0.4329	0.3564	3.1	3.2	2.25	2
0.7386	0.0864	0.175	1.16	6	19	1
0.836	0.1052	0.0588	1.16	6	19	1
0.4019	0.3929	0.2052	2	3.2	3.75	1
0.5157	0.4176	0.0667	1.72	3.5	4.75	1
0.1533	0.0716	0.7752	2.2	3.2	3.25	3
0.579	0.3957	0.0252	1.5	3.75	7	1
0.135	0.42	0.4449	5.5	3.6	1.61	1
0.6844	0.1806	0.135	2.2	3.2	3.25	1
0.2711	0.6349	0.094	2.37	3.25	3	1
0.4198	0.5348	0.0454	1.36	4.33	10	2
0.3119	0.0936	0.5945	4.5	3.5	1.8	3
0.0087	0.3863	0.605	5	3.5	1.72	2
0.3899	0.3454	0.2647	2.25	3.25	3.2	1
0.1424	0.2824	0.5752	2.8	3.2	2.5	3
0.8269	0.0969	0.0761	2	3.4	3.75	1
0.6967	0.2554	0.0479	2.1	3.25	3.6	2
0.5801	0.3667	0.0532	2.37	3.25	3	1
0.1932	0.4002	0.4066	4.33	3.25	1.9	1
0.9569	0.0136	0.0296	1.14	7	23	1
0.573	0.241	0.186	2.5	3.25	2.8	2
0.3375	0.6077	0.0547	1.22	5.25	17	2
0.28	0.5103	0.2097	2.1	3.2	3.6	2
0.4174	0.375	0.2076	2.1	3.2	3.6	1
0.5851	0.3552	0.0597	2.25	3.2	3.25	1
0.283	0.5899	0.1271	1.9	3.3	4.2	3
0.2649	0.2908	0.4442	2.8	3.25	2.5	2
0.5213	0.3198	0.1589	2.1	3.25	4	1
0.1398	0.5617	0.2985	2	3.4	3.75	1
0.0545	0.5042	0.4413	6.5	4	1.53	3
0.6236	0.311	0.0654	1.3	5	12	2
0.1546	0.7169	0.1285	2.7	3.25	2.62	2
0.5617	0.414	0.0243	2.25	3.25	3.3	1
0.5251	0.182	0.2928	1.72	3.4	5.5	1
0.4119	0.3517	0.2364	2.75	3.25	2.62	3
0.1493	0.2729	0.5777	4.5	3.5	1.83	3
0.0261	0.3427	0.6313	6.5	3.8	1.57	3
0.4619	0.3605	0.1776	1.8	3.5	4.75	1
0.3594	0.327	0.3136	1.9	3.25	4.33	2
0.7192	0.1452	0.1356	1.83	3.6	4.33	1
0.7485	0.238	0.0136	1.16	6.5	21	1
0.918	0.0759	0.0061	1.16	6.5	23	1
0.5375	0.4454	0.0171	1.66	3.75	5.5	1
0.4704	0.3863	0.1433	5	3.6	1.72	3
0.0595	0.7042	0.2362	2.62	3.25	2.75	3
0.3654	0.4605	0.1741	1.53	4	6.5	2
0.8527	0.0826	0.0647	1.66	3.6	5.5	1
0.4264	0.3282	0.2454	2.1	3.3	3.6	1
0.8299	0.0976	0.0725	1.72	3.6	5	1
0.7983	0.1732	0.0285	1.25	5.25	15	1
0.273	0.1592	0.5678	4.5	3.6	1.8	3
0.8614	0.1322	0.0064	1.7	3.5	5.5	1
0.1148	0.288	0.5972	3.6	3.3	2.1	3
0.1461	0.6311	0.2229	1.72	3.5	5.25	2
0.7706	0.1767	0.0527	1.57	3.6	7	1
0.5654	0.1066	0.328	6	3.75	1.61	3
0.0854	0.1931	0.7216	3.1	3.25	2.37	3
0.263	0.6661	0.0709	1.9	3.25	4.5	1
0.9154	0.0528	0.0319	2.37	3.3	3	1
0.7296	0.1857	0.0847	2.1	3.3	3.6	1
0.0452	0.5129	0.4419	1.5	4	7	1
0.6601	0.2716	0.0683	1.18	6.5	19	1
0.675	0.1557	0.1692	1.8	3.5	4.75	2
0.7662	0.1494	0.0844	2.75	3.25	2.5	1
0.3192	0.5262	0.1546	2.1	3.3	3.6	2
0.5185	0.4192	0.0623	2.7	3.3	2.62	2
0.4339	0.212	0.3541	3.6	3.3	2.1	3
0.2168	0.6483	0.1349	2.5	3.25	2.8	2
0.2879	0.036	0.6761	2.2	3.4	3.25	3
0.1661	0.4361	0.3978	2.5	3.1	3	2
0.705	0.2477	0.0473	1.4	4.33	9	1
0.1588	0.703	0.1381	3	3.3	2.37	2
0.3915	0.5658	0.0427	1.66	3.5	5.75	1
0.7218	0.1328	0.1454	2.2	3.25	3.4	1
0.4771	0.2567	0.2662	3	3.25	2.4	2
0.1918	0.0504	0.7578	2.1	3.3	3.6	3
0.0935	0.5969	0.3096	9	4.33	1.4	3
0.3775	0.4299	0.1926	1.9	3.3	4.33	2
0.5817	0.402	0.0163	1.61	3.75	6	1
0.4699	0.4818	0.0484	3.25	3.4	2.2	3
0.6804	0.1878	0.1318	1.22	5	13	1
0.5181	0.1133	0.3686	2.87	3.25	2.5	2
0.0786	0.3181	0.6033	2.7	3.2	2.7	3
0.316	0.365	0.319	2.1	3.4	3.5	2
0.4851	0.1951	0.3198	1.33	5	10	2
0.924	0.0438	0.0322	1.33	4.5	8.5	1
0.6846	0.1608	0.1545	2	3.4	3.8	2
0.5379	0.114	0.348	1.44	4.2	8	1
0.0853	0.2671	0.6476	7	4	1.5	3
0.924	0.0712	0.0048	1.16	7	17	1
0.4397	0.0572	0.5031	3.2	3.3	2.3	3
0.4664	0.1195	0.4141	9	4.33	1.4	1
0.124	0.1985	0.6775	15	6	1.22	3
0.6716	0.2506	0.0778	1.61	3.6	6.5	1
0.5917	0.4064	0.0018	1.57	3.75	6.5	1
0.149	0.3539	0.4971	2.75	3.25	2.6	3
0.0429	0.1309	0.8262	3.8	3.3	2	3
0.208	0.4965	0.2955	2.87	3.25	2.5	2
0.5783	0.2737	0.148	2.75	3.25	2.6	2
0.0588	0.3484	0.5928	2.2	3.25	3.4	3
0.0655	0.4565	0.478	4	3.3	2	3
0.7613	0.2093	0.0295	1.9	3.4	4.2	1
0.3387	0.5128	0.1485	1.25	5.5	13	1
0.1522	0.727	0.1208	2.2	3.25	3.4	2
0.4584	0.4	0.1416	2	3.3	4	2
0.5985	0.0204	0.3811	1.66	3.6	5.5	1
0.1602	0.2831	0.5567	3	3.25	2.4	2
0.9364	0.0179	0.0456	1.28	5	13	1
0.3562	0.2607	0.3831	1.44	4.2	8	3
0.8968	0.0545	0.0487	1.2	6	17	1
0.0915	0.2866	0.6219	6	3.75	1.61	2
0.5872	0.2498	0.163	2.1	3.3	3.6	3
0.7607	0.1803	0.059	1.16	6.5	21	1
0.4672	0.4952	0.0375	1.57	3.75	6.5	1
0.9127	0.0074	0.0799	1.11	8.5	26	1
0.0961	0.4852	0.4187	1.8	3.5	4.75	1
0.2986	0.1393	0.5621	5.5	3.6	1.66	1
0.272	0.4335	0.2946	1.83	3.5	4.5	3
0.5989	0.2889	0.1122	2	3.4	3.8	1
0.6503	0.2003	0.1494	7	3.8	1.53	1
0.1879	0.1457	0.6664	2	3.3	3.75	1
0.5345	0.337	0.1285	2.2	3.25	3.4	2
0.4264	0.1839	0.3897	3.1	3.25	2.37	3
0.6571	0.1416	0.2013	2.5	3.25	2.87	3
0.7322	0.2628	0.005	1.83	3.25	5	1
0.3524	0.2792	0.3684	2.2	3.25	3.4	3
0.3395	0.2298	0.4307	3.25	3.25	2.3	2
0.3544	0.3429	0.3027	2.5	3.25	2.87	3
0.7009	0.0676	0.2316	3.25	3.25	2.3	1
0.6905	0.0444	0.2652	2.5	3	3.1	1
0.5285	0.045	0.4266	2.62	3.1	2.87	3
0.5654	0.4156	0.019	1.5	4	7.5	1
0.5444	0.237	0.2186	2.1	3.3	3.6	2
0.5614	0.3939	0.0446	1.9	3.3	4.33	1
0.5724	0.356	0.0716	2.1	3.3	3.6	2
0.7418	0.1526	0.1056	1.5	4	7	1
0.3516	0.3853	0.2631	2.3	3.3	3.2	3
0.7865	0.1747	0.0388	1.9	3.3	4.33	1
0.1123	0.1831	0.7046	4.2	3.4	1.9	3
0.8771	0.0456	0.0774	1.36	4.75	9	1
0.1642	0.6593	0.1764	1.33	4.75	11	2
0.8564	0.0493	0.0943	2.25	3.3	3.25	1
0.3475	0.4262	0.2263	1.4	4.33	9	2
0.1777	0.0186	0.8037	13	5	1.28	3
0.7479	0.2295	0.0226	1.7	3.5	5.5	1
0.4431	0.4283	0.1286	4.5	3.5	1.83	2
0.3161	0.1783	0.5056	8.5	4.5	1.4	3
0.9278	0.0444	0.0278	1.44	4.2	8	1
0.4326	0.289	0.2784	1.9	3.3	4.33	2
0.5543	0.1689	0.2769	2.7	3.3	2.6	1
0.4247	0.4996	0.0757	2.1	3.3	3.6	2
0.5847	0.3055	0.1099	1.9	3.4	4.2	2
0.7552	0.2375	0.0073	1.4	4.33	9	1
0.7422	0.0192	0.2386	3.5	3.4	2.1	3
0.3404	0.1264	0.5332	1.66	3.6	5.5	3
0.2964	0.5939	0.1097	2.5	3.25	2.87	1
0.4553	0.2961	0.2487	1.5	4	7	1
0.3947	0.2676	0.3377	7	4	1.5	1
0.5161	0.1032	0.3807	3.25	3.3	2.25	3
0.1122	0.3067	0.5811	4	3.5	1.9	3
0.2466	0.4491	0.3043	3.6	3.3	2.1	2
0.8542	0.1358	0.01	1.33	5	10	1
0.623	0.234	0.1429	2.37	3.3	3	1
0.2561	0.2568	0.4871	7	4	1.5	3
0.7929	0.1832	0.0239	1.16	7	19	1
0.3087	0.4618	0.2296	3	3.25	2.4	3
0.529	0.1218	0.3491	2.87	3.3	2.5	3
0.4725	0.4848	0.0427	1.57	4	6	1
0.4669	0.3629	0.1701	1.53	4	6.5	1
0.5407	0.4323	0.0269	1.2	5.5	12	2
0.6868	0.2316	0.0816	2.25	3.3	3.25	3
0.9011	0.0956	0.0033	1.2	6	17	2
0.0946	0.645	0.2604	1.61	3.75	6	1
0.813	0.1803	0.0067	1.75	3.5	5	1
0.6848	0.2666	0.0487	2.87	3.25	2.5	3
0.4861	0.1784	0.3355	2.1	3.3	3.6	1
0.4005	0.1462	0.4533	1.25	5.5	13	1
0.0286	0.4904	0.481	5	3.6	1.72	2
0.8177	0.1387	0.0436	1.72	3.6	5	1
0.1778	0.1908	0.6314	2.4	3.25	3	3
0.1026	0.2283	0.6691	2.75	3.25	2.62	1
0.1635	0.122	0.7145	5.5	3.6	1.66	3
0.4467	0.4959	0.0574	1.72	3.6	5	2
0.2304	0.1034	0.6662	7	3.8	1.53	3
0.5274	0.4604	0.0122	1.72	3.6	5	2
0.6989	0.2437	0.0574	1.44	4.2	8	1
0.067	0.1875	0.7455	8	4.5	1.4	3
0.8265	0.1074	0.0661	1.44	4.2	8	1
0.5129	0.1826	0.3045	2	3.4	3.8	2
0.389	0.018	0.593	3.25	3.25	2.25	3
0.0929	0.4128	0.4943	1.61	3.75	6	2
0.3853	0.5029	0.1119	1.9	3.4	4.2	2
0.746	0.1683	0.0857	1.28	5	13	1
0.2195	0.7148	0.0657	1.9	3.4	4.2	2
0.6102	0.1263	0.2635	1.9	3.3	4.33	1
0.2087	0.5703	0.2209	2.3	3.25	3.2	1
0.741	0.2252	0.0337	1.22	6	15	1
0.2708	0.3726	0.3566	5	3.6	1.72	2
0.6581	0.3131	0.0288	2.37	3.25	3.1	2
0.9101	0.0289	0.0611	1.25	5.5	13	1
0.2951	0.4587	0.2462	4	3.5	1.9	1
0.1334	0.6946	0.172	1.61	3.5	6.5	2
0.3818	0.2027	0.4155	2.37	3.2	3.1	2
0.8346	0.0437	0.1217	1.3	5	12	1
0.1564	0.6121	0.2314	4.5	3.6	1.8	3
0.3587	0.1793	0.4619	5.25	3.5	1.72	2
0.437	0.3967	0.1663	2.15	3.25	3.5	3
0.0289	0.1798	0.7913	4.5	3.5	1.83	2
0.5028	0.3734	0.1238	2.62	3.25	2.7	1
0.4122	0.0971	0.4907	3.25	3.25	2.25	1
0.1135	0.7631	0.1234	2	3.25	4	2
0.5741	0.3806	0.0452	1.83	3.5	4.5	1
0.4638	0.1961	0.3401	2.5	3.25	2.87	3
0.5615	0.1312	0.3073	6.5	4	1.53	3
0.5383	0.4508	0.0109	1.53	4	6.5	1
0.851	0.0881	0.0609	1.9	3.4	4.2	1
0.3076	0.5213	0.171	2.1	3.3	3.6	1
0.5817	0.174	0.2443	1.8	3.6	4.5	2
0.3905	0.5533	0.0562	1.9	3.2	4.5	2
0.8219	0.1341	0.044	1.28	5	13	3
0.7734	0.1179	0.1087	1.33	4.75	11	1
0.6749	0.2297	0.0954	7	4	1.5	2
0.2133	0.3878	0.3988	2.7	3.25	2.62	3
0.8302	0.1064	0.0634	1.4	4.2	9.5	1
0.5705	0.0348	0.3947	7	4	1.5	3
0.4276	0.5508	0.0216	1.61	3.75	6	1
0.6701	0.3135	0.0164	1.61	3.75	6	1
0.515	0.2063	0.2787	1.83	3.5	4.5	1
0.1844	0.1763	0.6393	3.1	3.25	2.37	3
0.1076	0.2641	0.6283	2.4	3.25	3	3
0.4306	0.5519	0.0174	1.57	3.8	6.5	2
0.3418	0.4875	0.1707	3.75	3.5	2	1
0.281	0.606	0.1131	3.25	3.3	2.25	2
0.08	0.0434	0.8767	10	5	1.33	3
0.3426	0.5193	0.1381	1.8	3.5	4.75	2
0.2462	0.1868	0.567	1.83	3.5	4.5	3
0.6026	0.115	0.2824	2.6	3.3	2.75	3
0.0528	0.3831	0.5641	4.5	3.5	1.83	3
0.0959	0.2607	0.6434	4.5	3.6	1.8	3
0.5347	0.3233	0.142	1.83	3.5	4.5	1
0.8354	0.1326	0.032	1.44	4.33	7.5	1
0.1227	0.6435	0.2337	1.53	4	6.5	2
0.5334	0.1543	0.3123	1.36	4.5	10	1
0.495	0.1834	0.3216	2.5	3.25	2.87	1
0.1584	0.0241	0.8174	3.5	3.4	2.1	3
0.4995	0.0329	0.4676	1.8	3.6	4.5	1
0.2363	0.1558	0.6078	6.5	3.8	1.57	2
0.387	0.4195	0.1935	1.61	3.75	6	2
0.8418	0.0081	0.1501	1.1	9	26	1
0.7021	0.2773	0.0206	1.83	3.5	4.5	1
0.4002	0.4818	0.1179	1.25	5.5	13	2
0.3092	0.1056	0.5852	17	7	1.16	3
0.9612	0.0332	0.0057	1.25	5.5	13	1
0.5934	0.3129	0.0936	2.37	3.25	3.1	1
0.1215	0.2106	0.6678	8	4.2	1.44	3
0.102	0.3882	0.5098	2.5	3.3	2.87	1
0.383	0.0967	0.5202	3.5	3.4	2.1	1
0.5349	0.0913	0.3738	2.6	3.3	2.7	1
0.1314	0.3816	0.487	2.25	3.3	3.25	1
0.2684	0.2267	0.5049	2.2	3.25	3.4	2
0.9338	0.0305	0.0356	1.16	7	17	1
0.1003	0.2322	0.6675	3.6	3.3	2.1	2
0.4968	0.069	0.4343	1.57	3.8	6.5	3
0.4973	0.138	0.3647	1.72	3.6	5	1
0.3465	0.5344	0.1191	2.37	3.3	3	2
0.5989	0.3702	0.0309	1.72	3.6	5	2
0.4996	0.4556	0.0448	1.44	4.2	8	1
0.7895	0.1458	0.0647	1.8	3.5	4.75	1
0.6709	0.1953	0.1338	2	3.5	3.75	1
0.3877	0.1701	0.4422	1.9	3.5	4	1
0.714	0.1636	0.1224	2.2	3.2	3.5	1
0.7487	0.045	0.2063	2	3.3	4	1
0.603	0.0824	0.3146	2.4	3.3	3	1
0.2054	0.1253	0.6693	5	3.6	1.72	3
0.315	0.6664	0.0186	3	3.3	2.4	2
0.6508	0.2968	0.0524	1.3	5	12	1
0.7962	0.1887	0.0151	1.8	3.6	4.5	1
0.5425	0.0519	0.4055	2.4	3.3	3	2
0.7634	0.1085	0.1281	2.25	3.3	3.25	1
0.9118	0.0798	0.0084	1.3	5	12	1
0.7476	0.1444	0.108	1.72	3.6	5	1
0.3891	0.1723	0.4385	1.66	3.6	5.5	3
0.6032	0.1041	0.2927	2.1	3.2	3.75	2
0.6802	0.1053	0.2146	1.66	3.6	5.5	1
0.4393	0.5468	0.0139	2.4	3.4	2.87	2
0.6396	0.1927	0.1677	2.3	3.3	3.2	3
0.2396	0.2241	0.5363	5	3.6	1.72	3
0.7278	0.1288	0.1434	1.8	3.6	4.5	1
0.6593	0.2102	0.1305	2.1	3.3	3.6	1
0.6373	0.3366	0.0261	1.25	5.5	13	1
0.1535	0.2699	0.5766	8.5	4.5	1.4	2
0.295	0.3051	0.3999	2.25	3.3	3.25	3
0.7097	0.0812	0.209	3	3.3	2.4	2
0.5166	0.2489	0.2344	2.1	3.4	3.5	1
0.204	0.3213	0.4747	6	4	1.57	3
0.7445	0.1844	0.0711	2.2	3.3	3.4	2
0.372	0.3723	0.2557	1.9	3.4	4.33	3
0.2323	0.1828	0.5849	2.2	3.3	3.4	3
0.5302	0.2917	0.1781	1.66	3.6	5.5	2
0.7051	0.2768	0.018	1.5	4	7	1
0.7272	0.1474	0.1254	1.83	3.5	4.5	1
0.7175	0.2446	0.0378	1.22	6	15	2
0.0826	0.3157	0.6017	3.8	3.4	2	3
0.8436	0.0082	0.1481	1.33	5	10	1
0.0664	0.6706	0.263	6	4	1.57	2
0.2671	0.2552	0.4777	3.4	3.25	2.2	3
0.2103	0.4916	0.2981	2.1	3.3	3.6	3
0.4863	0.3911	0.1226	1.36	5	8.5	1
0.1718	0.1961	0.6321	2.62	3.3	2.7	2
0.8401	0.1348	0.0251	1.8	3.3	5	1
0.4087	0.3747	0.2167	2.37	3.3	3	1
0.7302	0.0759	0.1939	1.83	3.5	4.5	1
0.0895	0.743	0.1675	2.75	3.25	2.6	2
0.5391	0.3687	0.0922	2.5	3.1	3	1
0.5378	0.3868	0.0754	1.83	3.5	4.5	3
0.4872	0.2391	0.2737	2.3	3.1	3.4	1
0.445	0.2772	0.2778	1.9	3.5	4	2
0.2614	0.327	0.4116	2.5	3.3	2.87	2
0.2656	0.6586	0.0759	2.1	3.2	3.75	2
0.1283	0.5541	0.3176	2.25	3.3	3.25	2
0.6875	0.2435	0.0689	2.1	3.3	3.6	3
0.0762	0.1492	0.7747	13	5.5	1.25	3
0.1085	0.4342	0.4574	1.53	3.8	7	3
0.8186	0.0584	0.123	1.25	5.5	13	1
0.4825	0.2489	0.2685	1.57	4	6	1
0.5668	0.0568	0.3765	2.2	3.4	3.25	1
0.7339	0.2485	0.0176	1.16	7	17	1
0.4772	0.1322	0.3906	2	3.5	3.75	1
0.1288	0.539	0.3321	2.2	3.4	3.25	3
0.504	0.1153	0.3807	1.66	3.6	5.5	1
0.7292	0.2422	0.0286	1.66	3.6	5.5	1
0.3604	0.0558	0.5837	6	4.2	1.53	3
0.5272	0.2071	0.2656	2	3.6	3.6	1
0.705	0.2529	0.0421	1.14	8	17	2
0.1051	0.2303	0.6646	5.5	4.2	1.57	3
0.4854	0.1166	0.3981	1.8	3.5	4.75	1
0.2803	0.4533	0.2664	2.1	3.3	3.6	1
0.0969	0.2937	0.6095	3.3	3.6	2.1	3
0.1747	0.149	0.6763	4.33	3.75	1.8	3
0.665	0.1805	0.1545	2.62	3.4	2.62	3
0.1361	0.5659	0.298	3.2	3.5	2.2	2
0.3277	0.2858	0.3865	12	6.5	1.22	3
0.8087	0.1683	0.0229	1.2	6.5	15	1
0.4344	0.4901	0.0754	1.83	3.5	4.5	1
0.654	0.1993	0.1466	2	3.3	4	3
0.917	0.003	0.08	2.6	3.2	2.8	1
0.616	0.0526	0.3315	3.2	3.4	2.25	1
0.3154	0.042	0.6427	5.5	3.6	1.67	3
0.5942	0.1392	0.2666	1.91	3.4	4.2	1
0.5181	0.4003	0.0817	1.91	3.4	4.33	1
0.6072	0.151	0.2418	1.33	5	10	1
0.33	0.5153	0.1547	1.29	5.5	11	2
0.2518	0.7247	0.0234	1.57	3.75	7	2
0.5783	0.1496	0.272	6.5	3.75	1.57	1
0.4663	0.5074	0.0263	1.36	4.5	10	1
0.6081	0.0433	0.3486	1.8	3.5	4.75	1
0.5926	0.1018	0.3056	5	3.6	1.73	1
0.1911	0.1791	0.6298	1.5	4	7	3
0.3304	0.3598	0.3098	2.88	3.25	2.5	3
0.9185	0.0329	0.0486	2.3	3.25	3.2	1
0.0619	0.1083	0.8298	8.5	4.5	1.4	3
0.1697	0.6226	0.2077	4.8	3.4	1.8	3
0.7449	0.1915	0.0636	1.44	4	9	1
0.7271	0.2398	0.0331	1.83	3.5	4.5	2
0.1835	0.1422	0.6743	2.1	3.3	3.75	3
0.2478	0.0957	0.6565	2.5	3.25	2.88	3
0.898	0.0134	0.0886	1.57	3.6	7	1
0.3726	0.4201	0.2073	2.5	3.25	2.88	1
0.0599	0.5082	0.4319	3	3.25	2.4	2
0.1246	0.1922	0.6833	1.4	4.33	9	2
0.284	0.0934	0.6226	2.2	3.3	3.4	3
0.1514	0.3925	0.456	4.5	3.5	1.83	3
0.6358	0.339	0.0251	2.25	3.3	3.3	1
0.788	0.2026	0.0094	3	3	2.6	1
0.146	0.1468	0.7072	4.33	3.3	1.91	3
0.4815	0.1237	0.3948	1.62	3.75	5.75	3
0.7366	0.0863	0.1771	2	3.5	3.75	1
0.4798	0.0766	0.4436	2.4	3.25	3	1
0.7483	0.1659	0.0857	2.05	3.3	4	2
0.7701	0.0381	0.1919	3.4	3.4	2.2	3
0.235	0.2264	0.5386	2.1	3.3	3.6	3
0.0729	0.672	0.2551	2.1	3.3	3.6	1
0.0096	0.2775	0.7129	6.5	3.75	1.57	3
0.24	0.7432	0.0168	1.2	6.5	15	2
0.6616	0.0594	0.279	2.38	3.1	3.2	1
0.4342	0.483	0.0828	2.1	3.3	3.6	1
0.5494	0.335	0.1156	2.2	3.1	3.6	2
0.0946	0.4539	0.4516	3.1	3.4	2.3	2
0.3016	0.1696	0.5288	2	3.3	4	1
0.2922	0.5318	0.176	1.73	3.6	5	2
0.2597	0.4632	0.2771	3.25	3.3	2.25	3
0.5463	0.4352	0.0185	1.2	6	17	3
0.3669	0.5749	0.0582	1.57	3.75	6.5	1
0.1395	0.1458	0.7147	3.75	3.25	2.1	3
0.4614	0.0368	0.5018	2.3	3.25	3.2	3
0.779	0.1496	0.0714	1.22	6	15	1
0.6737	0.0707	0.2556	1.8	3.4	5	3
0.2751	0.196	0.5289	2.6	3.3	2.75	3
0.0364	0.1084	0.8552	9	4.75	1.36	3
0.658	0.2393	0.1027	2.5	3.25	3	1
0.7309	0.1492	0.1199	3	3.3	2.38	1
0.112	0.3348	0.5533	6	3.75	1.62	3
0.287	0.025	0.6879	6	3.75	1.62	2
0.5157	0.0156	0.4687	2.25	3.25	3.25	1
0.1349	0.5964	0.2687	2.1	3.3	3.6	3
0.5824	0.2629	0.1548	1.5	4	7	1
0.1142	0.5645	0.3213	1.73	3.6	5	2
0.5646	0.012	0.4234	3.2	3.3	2.25	3
0.6767	0.2955	0.0278	1.67	3.4	6	1
0.4479	0.0205	0.5316	1.73	3.75	4.75	3
0.6905	0.0847	0.2249	1.83	3.4	4.75	3
0.7563	0.2322	0.0115	1.36	4.5	10	1
0.4876	0.2942	0.2181	1.83	3.25	5	2
0.0702	0.4445	0.4853	2.4	3.25	3	2
0.3467	0.3796	0.2738	2.25	3.25	3.3	2
0.8071	0.1706	0.0223	1.4	4.33	9	1
0.9617	0.0224	0.0159	1.2	6.5	15	1
0.1278	0.0543	0.8179	6	3.7	1.62	3
0.5338	0.2715	0.1947	2.62	3.25	2.75	1
0.0577	0.5219	0.4204	3.25	3.3	2.25	1
0.118	0.2192	0.6628	3	3.25	2.4	2
0.1333	0.5036	0.3632	2.1	3.25	3.75	2
0.5513	0.1385	0.3102	7.5	4	1.5	2
0.5072	0.4381	0.0547	2.2	3.3	3.4	1
0.4043	0.0174	0.5783	2.2	3.3	3.4	3
0.4216	0.1541	0.4244	1.91	3.25	4.5	3
0.7009	0.1938	0.1052	1.44	4.33	7.5	1
0.471	0.4798	0.0492	1.83	3.5	4.5	2
0.74	0.1164	0.1435	2.05	3.3	4	1
0.1033	0.3712	0.5255	6	3.75	1.62	3
0.1997	0.4732	0.3271	2.6	3.3	2.75	3
0.5978	0.0948	0.3073	1.83	3.5	4.5	1
0.8656	0.0456	0.0888	1.44	4.5	7.5	2
0.3995	0.2716	0.3288	1.67	3.75	5.5	1
0.5625	0.3596	0.0779	2.6	3.3	2.75	3
0.4609	0.1896	0.3495	2.38	3.3	3	1
0.1465	0.4084	0.4451	8	4.33	1.44	3
0.3454	0.5326	0.1219	1.33	5	10	1
0.7969	0.0469	0.1562	1.2	6	19	1
0.6962	0.0917	0.2122	2.88	3.3	2.5	1
0.4277	0.3909	0.1814	2.6	3.3	2.75	1
0.7791	0.1048	0.1161	1.17	6.5	21	1
0.6396	0.189	0.1714	1.67	3.75	5.5	1
0.7732	0.0804	0.1465	1.17	7	17	1
0.4196	0.4331	0.1473	2	3.3	4	2
0.7633	0.1786	0.0581	1.91	3.4	4.2	3
0.0596	0.4743	0.4661	8	4.5	1.4	1
0.779	0.0133	0.2076	3.5	3.3	2.1	1
0.3065	0.5309	0.1626	2.5	3.3	2.88	2
0.5271	0.1382	0.3346	3	3.3	2.38	1
0.4205	0.0761	0.5034	3	3.3	2.38	1
0.5008	0.0555	0.4437	3.25	3.25	2.3	1
0.6708	0.1095	0.2196	2.25	3.25	3.4	3
0.748	0.1526	0.0995	1.2	6	19	1
0.3048	0.3954	0.2998	2.38	3.3	3	3
0.1054	0.2536	0.6411	2.6	3.25	2.8	3
0.2335	0.6603	0.1062	1.8	3.4	5	2
0.6831	0.1697	0.1473	1.7	3.8	5	3
0.0261	0.3532	0.6206	8	4.33	1.44	3
0.689	0.2913	0.0197	2.38	3.25	3.1	1
0.3525	0.3587	0.2888	2.25	3.3	3.3	3
0.5694	0.2294	0.2012	1.5	4	7	3
0.1826	0.5616	0.2558	2	3.4	3.8	3
0.0237	0.2393	0.737	6	3.75	1.62	3
0.8613	0.1121	0.0266	3.3	3.3	2.25	1
0.7324	0.0028	0.2648	1.14	7.5	23	1
0.6499	0.3062	0.0439	2.1	3.3	3.6	2
0.0908	0.1697	0.7395	12	5	1.3	3
0.3041	0.4532	0.2427	2.5	3.25	2.88	2
0.4828	0.3588	0.1584	1.83	3.5	4.5	2
0.632	0.3262	0.0418	2.88	3.25	2.5	2
0.6918	0.015	0.2932	5	3.6	1.73	2
0.4216	0.4518	0.1265	1.2	6	19	2
0.9119	0.0704	0.0178	1.25	5.5	15	2
0.694	0.032	0.274	3.25	3.4	2.2	1
0.3805	0.115	0.5046	1.91	3.4	4.33	3
0.577	0.3878	0.0352	1.8	3.6	4.5	2
0.7042	0.2601	0.0357	2.2	3.3	3.4	1
0.3959	0.2731	0.331	2.1	3.4	3.5	3
0.6188	0.2765	0.1048	1.73	3.75	4.75	1
0.7962	0.0506	0.1532	2.5	3.3	2.88	1
0.3871	0.4757	0.1371	1.57	3.8	6.5	2
0.1577	0.7776	0.0647	2.2	3.3	3.4	2
0.2946	0.6317	0.0737	2.4	3.4	2.88	2
0.0744	0.4527	0.4729	2.25	3.3	3.3	3
0.3356	0.5897	0.0748	1.73	3.6	5	1
0.7665	0.0767	0.1568	1.8	3.4	5	3
0.1305	0.0638	0.8057	4.33	3.6	1.83	3
0.3341	0.3853	0.2806	2.1	3.3	3.6	1
0.442	0.3491	0.2088	1.91	3.5	4	3
0.8188	0.1262	0.055	1.3	5	12	2
0.4562	0.3955	0.1483	1.33	4.75	11	1
0.0587	0.2669	0.6744	5.5	3.5	1.73	3
0.4336	0.0848	0.4816	7	3.8	1.53	3
0.1094	0.7729	0.1177	2.6	3.2	2.8	2
0.7752	0.1654	0.0594	2.38	3.25	3.1	1
0.9148	0.0797	0.0055	1.14	7.5	23	1
0.032	0.6774	0.2906	1.8	3.5	4.75	2
0.0597	0.3537	0.5866	2.62	3.25	2.75	3
0.2533	0.413	0.3337	2.62	3.25	2.75	2
0.6146	0.157	0.2284	2.75	3.25	2.62	3
0.3478	0.0846	0.5675	1.67	3.6	5.5	1
0.3848	0.4542	0.161	1.33	5	10	2
0.5775	0.1569	0.2655	2	3.4	3.8	3
0.2701	0.4181	0.3118	4.5	3.6	1.8	2
0.4206	0.481	0.0984	2.5	3.25	2.88	2
0.7569	0.0921	0.151	2	3.4	3.8	1
0.1587	0.1371	0.7043	4.5	3.5	1.83	2
0.3681	0.3737	0.2582	2.1	3.3	3.6	1
0.6767	0.1562	0.1671	1.25	5.5	15	2
0.5025	0.3359	0.1615	2.05	3.2	3.4	3
0.5535	0.4194	0.0271	1.83	3.5	4.5	1
0.7758	0.0609	0.1633	2.2	3.25	3.4	1
0.6478	0.3044	0.0478	2.2	3.25	3.5	1
0.4468	0.2296	0.3236	2.1	3.25	3.75	3
0.6633	0.114	0.2227	3	3.4	2.37	3
0.1411	0.6107	0.2481	2.4	3.25	3	2
0.6645	0.2512	0.0843	2.37	3.4	3	1
0.5697	0.1263	0.304	3.25	3.3	2.25	1
0.1097	0.4083	0.482	5	3.6	1.73	2
0.1798	0.6172	0.203	2.5	3.3	2.87	2
0.7063	0.1125	0.1812	1.14	7.5	21	1
0.6922	0.2821	0.0257	1.33	4.5	12	1
0.4913	0.3844	0.1243	1.8	3.6	4.5	1
0.2938	0.1765	0.5298	2.5	3.3	2.87	3
0.1789	0.3216	0.4995	2.2	3.25	3.4	3
0.1552	0.1078	0.737	12	5	1.3	3
0.4754	0.4036	0.1209	2.25	3.25	3.3	2
0.1	0.5135	0.3865	1.72	3.6	5	2
0.7897	0.0236	0.1867	2.25	3.3	3.25	1
0.1882	0.6499	0.1619	1.4	4.5	10	1
0.3258	0.4056	0.2686	2.62	3.3	2.87	2
0.3637	0.3834	0.2529	2.3	3.25	3.4	3
0.2307	0.4319	0.3374	1.8	3.6	5	1
0.3881	0.2848	0.3271	6.5	3.75	1.61	2
0.2232	0.2488	0.528	5	3.6	1.8	3
0.2385	0.467	0.2945	3.5	3.4	2.2	1
0.5096	0.4668	0.0236	1.72	3.6	5.5	1
0.82	0.161	0.0189	1.2	6.5	19	1
0.0381	0.1789	0.783	4.33	3.6	1.91	3
0.8234	0.0996	0.077	1.36	4.33	11	1
0.9371	0.0297	0.0331	1.4	4.33	9	1
0.5461	0.2474	0.2065	1.62	3.75	6	1
0.318	0.3368	0.3452	2.25	3.2	3.4	2
0.1345	0.3762	0.4893	2.2	3.3	3.4	2
0.1941	0.6199	0.1861	10	4.5	1.36	2
0.3272	0.4432	0.2296	2.2	3.2	3.5	1
0.604	0.3865	0.0096	2.5	3.25	2.88	1
0.8803	0.0637	0.056	1.2	6	15	1
0.7574	0.0709	0.1717	2	3.4	3.8	1
0.5641	0.0479	0.388	8	3.8	1.5	3
0.7236	0.1956	0.0809	1.2	6.5	15	1
0.2463	0.0714	0.6823	5.5	4	1.62	3
0.5854	0.093	0.3216	2	3.4	3.75	1
0.4059	0.0468	0.5473	3.25	3.25	2.25	3
0.7607	0.0697	0.1696	2.38	3.3	3	1
0.5037	0.4491	0.0473	1.73	3.6	5	2
0.5195	0.2353	0.2452	2.1	3.3	3.6	1
0.3972	0.1621	0.4407	1.62	3.75	6	2
0.2313	0.0176	0.7511	3.25	3.4	2.3	3
0.4985	0.3783	0.1232	2.25	3.3	3.5	1
0.418	0.5634	0.0186	1.61	3.8	6.5	1
0.1072	0.1011	0.7918	10	5	1.36	3
0.074	0.3486	0.5774	2	3.25	4.5	2
0.9339	0.0573	0.0088	1.25	6	15	1
0.4237	0.3821	0.1943	3	3.3	2.5	2
0.4654	0.4482	0.0864	1.75	3.75	5	1
0.264	0.6627	0.0733	1.83	3.6	4.75	1
0.1255	0.4832	0.3913	5	3.5	1.83	2
0.6197	0.3638	0.0165	1.5	4.2	7	2
0.4746	0.3224	0.203	1.61	3.7	6	2
0.8006	0.1708	0.0286	2.75	3.3	2.62	1
0.3773	0.409	0.2137	2	3.3	4	1
0.2208	0.6495	0.1296	2.2	3.2	3.5	2
0.7892	0.1538	0.057	1.36	4.5	10	1
0.074	0.8389	0.087	2.5	3.3	2.87	2
0.5461	0.3273	0.1266	3.25	3.3	2.25	1
0.7523	0.153	0.0947	2.5	3.1	3.1	1
0.0953	0.3736	0.5311	2.6	3.2	2.8	2
0.6522	0.0134	0.3344	2.87	3.3	2.5	3
0.6233	0.3132	0.0635	1.2	6	19	2
0.7019	0.2696	0.0286	1.72	3.4	5.5	1
0.9313	0.0414	0.0273	1.61	3.75	6	1
0.3806	0.0814	0.538	5	3.3	1.8	3
0.6832	0.3017	0.0151	1.83	3.5	4.5	1
0.4281	0.238	0.3339	2.25	3.3	3.25	3
0.5434	0.4223	0.0343	2	3.4	3.8	2
0.2121	0.3043	0.4836	3	3.3	2.4	2
0.1559	0.2666	0.5775	6.5	3.75	1.57	3
0.2116	0.5862	0.2022	2.87	3.25	2.5	1
0.9151	0.0731	0.0119	1.25	5.5	13	1
0.337	0.5638	0.0993	1.4	4.33	9	2
0.1235	0.4756	0.4009	3.3	3.3	2.25	3
0.273	0.3216	0.4054	2.3	3.3	3.1	1
0.8467	0.1275	0.0258	1.25	5.5	13	1
0.7353	0.2129	0.0519	2.4	3.25	3	2
0.1494	0.5049	0.3457	2.5	3.25	2.87	2
0.688	0.2376	0.0744	1.8	3.5	4.75	1
0.6181	0.3093	0.0726	1.57	3.75	7	2
0.3146	0.2899	0.3955	2.87	3.25	2.5	2
0.6953	0.0763	0.2284	3	3.3	2.37	3
0.724	0.236	0.04	1.4	4.33	9	2
0.5798	0.2995	0.1207	1.28	5	13	1
0.7464	0.0972	0.1564	1.5	4	7.5	1
0.2963	0.532	0.1717	5.5	3.5	1.72	1
0.6957	0.2802	0.0241	1.4	4	10	2
0.6889	0.1318	0.1793	2	3.3	4	1
0.0685	0.6695	0.2621	2.87	3.25	2.5	3
0.6854	0.2267	0.0878	2.5	3.25	2.87	1
0.8771	0.0583	0.0646	1.4	4.33	9.5	1
0.4684	0.0817	0.4499	6.5	3.75	1.57	3
0.4124	0.1757	0.412	6.5	3.75	1.57	3
0.1071	0.7623	0.1306	2.5	3.25	2.9	2
0.3383	0.5628	0.0989	1.66	3.6	5.75	3
0.662	0.0469	0.2911	2.5	3.3	2.87	1
0.2169	0.2125	0.5706	7.5	4	1.5	3
0.7452	0.1022	0.1525	2.5	3.25	2.9	1
0.7485	0.1506	0.1009	1.83	3.5	4.5	1
0.2383	0.2473	0.5144	2.2	3.3	3.4	3
0.2184	0.3394	0.4422	2.87	3.3	2.5	2
0.4672	0.3596	0.1731	2.25	3.2	3.4	3
0.2027	0.334	0.4633	1.44	4.33	8	1
0.0834	0.42	0.4966	2.1	3.25	3.75	3
0.8615	0.1199	0.0186	1.5	4	7.5	1
0.1818	0.652	0.1662	2.62	3.25	2.75	2
0.655	0.1835	0.1615	1.91	3.3	4.5	3
0.6204	0.3393	0.0403	2.2	3.2	3.5	2
0.532	0.2458	0.2222	2.2	3.2	3.5	3
0.268	0.2229	0.5092	2	3.3	4	3
0.7746	0.2083	0.0171	1.4	4.5	9	1
0.534	0.3595	0.1065	1.67	3.6	5.75	2
0.6688	0.0847	0.2465	1.9	3.4	4.33	2
0.5516	0.0239	0.4244	8	4.2	1.44	1
0.2181	0.2887	0.4932	5	3.6	1.72	3
0.2466	0.2792	0.4743	2.75	3.2	2.62	1
0.6047	0.1077	0.2876	2.25	3.3	3.3	1
0.5037	0.0446	0.4517	4.5	3.5	1.83	1
0.1112	0.7615	0.1273	2.4	3.3	3	2
0.804	0.1698	0.0262	1.44	4.2	8	1
0.6414	0.1711	0.1875	1.66	3.6	5.5	1
0.6221	0.0201	0.3578	1.72	3.6	5	1
0.6122	0.0978	0.29	1.53	3.75	7.5	1
0.4443	0.3421	0.2136	2.62	3.25	2.75	1
0.5339	0.1032	0.3628	2.1	3.3	3.6	1
0.4288	0.2126	0.3586	6	3.75	1.61	3
0.065	0.8725	0.0626	2.62	3.25	2.75	2
0.2787	0.1285	0.5927	5	3.6	1.72	3
0.5316	0.262	0.2064	2.2	3.25	3.4	3
0.2789	0.6525	0.0686	2.1	3.2	3.75	1
0.7079	0.1965	0.0956	1.72	3.4	5.5	1
0.6195	0.2188	0.1617	1.4	4.33	9	1
0.1289	0.6728	0.1983	1.25	5.5	15	1
0.9174	0.0491	0.0335	1.33	4.75	11	1
0.5906	0.0626	0.3468	2.1	3.3	3.75	1
0.4518	0.4196	0.1287	1.73	3.5	5.5	2
0.0819	0.7906	0.1275	2.5	3.25	2.88	2
0.1364	0.1317	0.7319	7.5	4	1.5	3
0.1051	0.3925	0.5024	1.73	3.5	5.5	1
0.5105	0.2169	0.2726	5.25	3.5	1.73	3
0.3887	0.5887	0.0226	2.2	3.25	3.5	2
0.6134	0.1125	0.2741	1.91	3.4	4.33	3
0.0194	0.5033	0.4773	1.67	3.6	5.5	2
0.0412	0.2916	0.6672	2.25	3.25	3.3	2
0.1869	0.4937	0.3194	2.1	3.3	3.6	1
0.5239	0.2783	0.1977	2.4	3.25	3	1
0.7034	0.2279	0.0687	1.91	3.4	4.2	1
0.5843	0.3226	0.0931	1.57	3.8	6.5	1
0.7213	0.1388	0.1399	1.67	3.6	5.5	1
0.9404	0.0495	0.0101	1.72	3.6	5	2
0.2446	0.6311	0.1242	1.44	4.2	8.5	2
0.8552	0.0443	0.1005	1.25	5.5	13	1
0.5978	0.0551	0.3471	3.1	3.3	2.37	2
0.6425	0.0852	0.2723	1.83	3.5	4.5	3
0.4906	0.4521	0.0573	1.75	3.5	5	1
0.0629	0.5467	0.3904	10	4.5	1.36	3
0.8979	0.0546	0.0475	1.44	4	9	1
0.7441	0.0973	0.1586	2.5	3.3	2.87	1
0.4233	0.1681	0.4087	4.75	3.3	1.85	3
0.7329	0.0992	0.1679	1.5	4.2	7.5	1
0.4106	0.0896	0.4998	1.9	3.4	4.2	1
0.6897	0.2047	0.1056	2	3.5	3.75	2
0.5795	0.3529	0.0676	1.53	3.8	7	1
0.8022	0.1242	0.0736	2	3.3	4	1
0.1826	0.1465	0.671	6.5	3.8	1.57	3
0.1651	0.6222	0.2127	3.2	3.3	2.3	3
0.4782	0.2731	0.2487	2.37	3.25	3.1	3
0.9286	0.0569	0.0146	1.5	4	7	1
0.4545	0.4781	0.0673	2.1	3.25	3.75	2
0.9346	0.0151	0.0503	1.25	5.5	13	1
0.1642	0.2398	0.5961	2.5	3.25	2.9	3
0.6857	0.1773	0.1371	1.53	3.8	7	1
0.3678	0.2022	0.4301	2	3.25	4	1
0.3995	0.3497	0.2508	2.2	3.25	3.5	2
0.3758	0.3022	0.322	2.3	3.3	3.2	2
0.223	0.3302	0.4468	2.62	3.25	2.75	1
0.0609	0.6662	0.2729	2.1	3.3	3.6	3
0.4184	0.0706	0.511	2.4	3.4	2.9	1
0.3462	0.2266	0.4272	6.5	3.8	1.57	3
0.8156	0.039	0.1454	2.6	3.25	2.8	3
0.8841	0.0828	0.0331	1.36	4.75	9.5	1
0.4574	0.4972	0.0454	2	3.4	3.8	1
0.1356	0.1211	0.7433	12	5	1.3	3
0.3476	0.2227	0.4296	2.2	3.3	3.4	2
0.7236	0.1353	0.1411	1.73	3.6	5	1
0.4641	0.3781	0.1578	1.67	3.5	6	2
0.5335	0.2685	0.1979	2.5	3.4	2.75	2
0.3387	0.408	0.2534	1.91	3.5	4	3
0.8797	0.1038	0.0165	2.2	3.25	3.4	1
0.662	0.2882	0.0498	1.83	3.5	4.5	1
0.7081	0.2255	0.0664	1.3	5	11	1
0.3311	0.056	0.6129	7	5	1.4	3
0.5115	0.2367	0.2519	2.1	3.2	3.75	1
0.6423	0.1995	0.1582	1.33	5	10	1
0.6267	0.2641	0.1092	2.3	3.4	3.1	1
0.2584	0.416	0.3256	1.83	3.5	4.5	2
0.3708	0.3629	0.2662	2.1	3.3	3.6	3
0.3032	0.0836	0.6132	3	3.5	2.3	3
0.7814	0.026	0.1926	1.53	4	6.5	1
0.7053	0.1108	0.184	1.73	3.6	5	1
0.2045	0.0873	0.7082	4	3.6	1.91	3
0.8095	0.1743	0.0162	2.25	3.4	3.2	1
0.7258	0.1911	0.0831	2.1	3.4	3.5	1
0.771	0.1893	0.0396	1.67	3.6	5.5	3
0.2647	0.4133	0.322	3.6	3.25	2.1	3
0.2394	0.1328	0.6278	2.25	3.25	3.25	3
0.7513	0.1754	0.0734	1.17	6.5	21	1
0.3729	0.225	0.4021	3.2	3.25	2.3	3
0.2908	0.1193	0.5899	2.63	3.2	2.75	3
0.6339	0.2495	0.1166	1.91	3.3	4.33	1
0.3485	0.0573	0.5942	2.63	3.3	2.7	3
0.923	0.0535	0.0235	1.2	6	17	1
0.835	0.0344	0.1306	3.2	3.25	2.3	1
0.1852	0.0528	0.7619	6.5	4	1.53	3
0.3179	0.0304	0.6516	1.73	3.6	5.25	3
0.1325	0.178	0.6895	2	3.3	4	1
0.1499	0.036	0.814	9.5	5	1.33	1
0.4049	0.0239	0.5711	3.75	3.5	2	3
0.7695	0.0712	0.1592	1.25	5.5	13	1
0.8963	0.0562	0.0475	1.17	7	19	1
0.5012	0.4395	0.0593	2.3	3.2	3.25	2
0.5445	0.1605	0.295	2.6	3.25	2.8	1
0.2894	0.2458	0.4647	1.33	4.5	12	1
0.5533	0.193	0.2538	2.1	3.25	3.75	1
0.2654	0.048	0.6866	6.5	4	1.53	3
0.3343	0.4101	0.2556	3.4	3.3	2.2	1
0.1455	0.053	0.8015	6.5	3.8	1.57	3
0.0517	0.0769	0.8714	3.1	3.25	2.38	3
0.5786	0.0067	0.4146	1.44	4.2	8	3
0.228	0.0506	0.7213	2.2	3.3	3.5	2
0.0978	0.1366	0.7657	7	4	1.53	3
0.8601	0.0968	0.0431	1.14	8	21	1
0.1084	0.651	0.2407	2.2	3.3	3.5	1
0.7083	0.071	0.2206	2.38	3.25	3.2	1
0.9412	0.038	0.0208	1.36	4.75	9	1
0.2446	0.655	0.1003	2.1	3.3	3.6	2
0.6307	0.2283	0.141	1.73	3.6	5.25	1
0.382	0.175	0.443	1.73	3.6	5.25	1
0.2017	0.1715	0.6268	6.5	3.8	1.57	3
0.7853	0.0313	0.1834	1.83	3.5	4.5	1
0.7222	0.0301	0.2477	1.2	6.5	15	1
0.317	0.6036	0.0794	2.88	3.25	2.5	1
0.1662	0.412	0.4218	2.6	3.2	2.8	3
0.0658	0.1927	0.7415	9	4.5	1.4	3
0.4624	0.2916	0.246	1.75	3.5	5	1
0.4156	0.2858	0.2986	3.1	3.4	2.3	3
0.7583	0.076	0.1656	2.3	3.25	3.25	1
0.2408	0.1229	0.6363	3.4	3.25	2.25	3
0.381	0.3212	0.2978	2.6	3.2	2.8	1
0.7389	0.0387	0.2224	1.25	5.5	13	1
0.9042	0.0858	0.01	1.4	4.2	10	1
0.5586	0.079	0.3623	2.1	3.25	3.75	2
0.3941	0.5744	0.0315	2.88	3.25	2.5	1
0.3108	0.4959	0.1932	2.4	3.25	3	3
0.1129	0.0201	0.8671	6.5	4	1.53	3
0.8362	0.0422	0.1216	1.5	4	7	1
0.5557	0.0267	0.4176	1.8	3.3	5	1
0.533	0.3982	0.0687	1.57	4	6	1
0.8217	0.1602	0.0181	2.5	3.25	2.88	1
0.3264	0.2326	0.441	2.2	3.25	3.4	3
0.5847	0.0742	0.3411	3.1	3.25	2.38	1
0.1174	0.2532	0.6294	6.5	4	1.53	3
0.6715	0.042	0.2865	1.14	7.5	23	1
0.16	0.15	0.6901	4.2	3.4	1.91	3
0.0991	0.0691	0.8318	8.5	4.5	1.4	3
0.7575	0.0277	0.2149	1.33	5	10	1
0.5871	0.2423	0.1707	10	5	1.33	1
0.5311	0.1948	0.2741	1.73	3.6	5	1
0.8415	0.0186	0.14	1.44	4.33	7.5	1
0.6461	0.0628	0.291	3.8	3.6	1.95	2
0.4727	0.5019	0.0254	2.3	3.25	3.2	1
0.6255	0.1214	0.2531	2.88	3.3	2.5	1
0.6502	0.2784	0.0713	1.2	6.5	15	2
0.092	0.1546	0.7534	2	3.4	3.8	3
0.8918	0.0311	0.0771	1.2	6.5	15	1
0.7524	0.02	0.2276	2.1	3.3	3.6	1
0.5031	0.3451	0.1519	1.57	4	6	2
0.7198	0.1524	0.1278	2.2	3.25	3.4	2
0.3133	0.5972	0.0895	2.75	3.25	2.63	2
0.8279	0.0761	0.096	1.17	7	19	1
0.0882	0.3181	0.5937	4.5	3.6	1.8	1
0.6465	0.187	0.1665	1.44	4.2	6.5	2
0.918	0.0681	0.014	1.2	5.5	13	1
0.2967	0.0644	0.6389	4.5	3.5	1.83	3
0.2271	0.5682	0.2047	2.1	3.3	3.6	1
0.373	0.2318	0.3952	4.2	3.4	1.91	1
0.8057	0.0666	0.1277	1.73	3.6	5	1
0.1939	0.6518	0.1543	5	3.6	1.73	2
0.0929	0.5777	0.3294	1.67	3.6	5.5	1
0.6007	0.1775	0.2218	2.9	3.25	2.5	1
0.7417	0.2166	0.0417	2.5	3.3	2.88	3
0.9247	0.0558	0.0195	1.2	6.5	15	1
0.2451	0.6943	0.0606	2.6	3.2	2.8	2
0.7128	0.0667	0.2204	1.44	4.33	7.5	3
0.1559	0.7222	0.122	3.5	3.2	2.2	2
0.3215	0.3627	0.3157	2.63	3.25	2.75	1
0.408	0.0213	0.5706	3	3.25	2.4	1
0.7146	0.243	0.0424	1.44	4.2	8	2
0.1999	0.5512	0.2489	7	4.2	1.5	2
0.7139	0.1324	0.1537	1.57	4	6	1
0.3147	0.0644	0.6209	9	4.33	1.4	3
0.532	0.4656	0.0024	1.91	3.4	4.2	1
0.2248	0.2616	0.5136	2.5	3.25	2.88	2
0.6621	0.0851	0.2529	4.2	3.4	1.91	1
0.8993	0.0977	0.0031	1.17	7	19	1
0.7635	0.0308	0.2057	2.38	3.3	3	1
0.1124	0.642	0.2456	1.91	3.4	4.2	2
0.5755	0.4089	0.0156	2	3.3	4	2
0.0981	0.2209	0.681	4.33	3.6	1.83	2
0.1509	0.6935	0.1556	2.75	3.3	2.63	1
0.516	0.2537	0.2303	1.8	3.5	4.75	1
0.5428	0.1505	0.3067	2.1	3.4	3.6	1
0.0934	0.8412	0.0654	1.33	4.75	11	2
0.7752	0.1732	0.0516	1.57	3.75	6.5	1
0.1795	0.3072	0.5133	9	4.75	1.36	3
0.7978	0.007	0.1952	2	3.25	4	1
0.706	0.1043	0.1897	2.75	3.3	2.6	1
0.5335	0.1613	0.3053	2.4	3.3	3	3
0.3339	0.6106	0.0556	2.25	3.2	3.4	2
0.8201	0.0869	0.093	1.36	4.5	10	2
0.3494	0.6061	0.0445	2.5	3.2	2.9	1
0.3185	0.4424	0.2391	3.4	3.3	2.2	2
0.7835	0.1741	0.0424	1.17	7	19	1
0.3522	0.4458	0.202	2.88	3.25	2.5	2
0.4112	0.0807	0.5082	1.91	3.4	4.2	2
0.8426	0.1117	0.0457	1.4	4.5	9	1
0.2361	0.2935	0.4704	6	3.75	1.62	1
0.0939	0.5907	0.3154	2.25	3.2	3.4	3
0.5367	0.167	0.2962	2.1	3.4	3.5	1
0.5624	0.4	0.0376	1.44	4.33	8	1
0.5759	0.2065	0.2176	2.1	3.3	3.6	1
0.5221	0.3535	0.1243	3.5	3.3	2.15	1
0.6481	0.1763	0.1756	2.5	3.25	2.88	2
0.3419	0.5393	0.1188	1.91	3.4	4.2	2
0.5821	0.2694	0.1485	1.91	3.5	4.2	2
0.1404	0.7211	0.1385	1.29	5.5	11	2
0.3325	0.0226	0.6449	10	4.5	1.36	3
0.6858	0.1468	0.1674	1.8	3.6	4.5	1
0.491	0.2355	0.2735	2.4	3.4	2.9	1
0.4554	0.0099	0.5347	2.7	3.2	2.7	3
0.4901	0.0256	0.4843	3.5	3.4	2.1	3
0.6694	0.2424	0.0882	2.4	3.2	3.1	3
0.8957	0.0721	0.0322	1.29	5	13	1
0.8916	0.076	0.0323	1.44	4.33	7.5	1
0.0515	0.2262	0.7223	5.25	3.8	1.67	2
0.0512	0.6616	0.2872	4.2	3.4	1.91	1
0.6627	0.12	0.2173	1.91	3.4	4.2	1
0.0416	0.1675	0.791	8	4.2	1.44	3
0.4598	0.4097	0.1305	2.1	3.3	3.6	3
0.4626	0.4067	0.1306	2.38	3.25	3.1	1
0.0038	0.6386	0.3576	2.88	3.25	2.5	2
0.6983	0.2252	0.0765	2.1	3.3	3.6	1
0.525	0.4362	0.0387	2.1	3.3	3.6	1
0.2043	0.3151	0.4807	4.5	3.6	1.8	2
0.0986	0.7824	0.1191	2.63	3.25	2.75	2
0.6481	0.3278	0.0241	1.25	5.5	15	2
0.287	0.4756	0.2375	2.8	3.25	2.6	2
0.4791	0.3374	0.1835	1.5	4.2	7	3
0.1254	0.6122	0.2624	2.1	3.3	3.6	2
0.3874	0.2044	0.4083	1.8	3.5	4.75	2
0.5928	0.1229	0.2843	1.25	5.75	13	3
0.2186	0.4874	0.294	2.2	3.3	3.4	3
0.7351	0.1523	0.1126	2.2	3.25	3.4	1
0.5684	0.0539	0.3777	2.25	3.3	3.25	1
0.7431	0.1764	0.0806	1.17	7	19	1
0.1566	0.4279	0.4155	2.88	3.3	2.5	3
0.1989	0.6987	0.1024	7	4.2	1.5	2
0.9058	0.0597	0.0345	1.14	8	19	1
0.5184	0.4163	0.0653	1.33	4.75	11	1
0.5798	0.1418	0.2784	2.25	3.3	3.25	1
0.8164	0.1661	0.0175	1.22	6	15	1
0.5063	0.3356	0.1581	1.4	4.33	9	1
0.2969	0.433	0.2702	3.3	3.4	2.2	3
0.0378	0.4652	0.497	6.5	4	1.57	1
0.6555	0.2219	0.1226	1.53	4	7	1
0.3272	0.2551	0.4177	5.5	4	1.62	1
0.4504	0.2116	0.338	1.83	3.5	4.5	2
0.0754	0.1734	0.7512	8.5	4.5	1.4	2
0.4914	0.2745	0.234	2.1	3.3	3.6	1
0.0686	0.596	0.3354	6.5	3.8	1.57	2
0.569	0.3945	0.0364	2.38	3.3	3	2
0.0565	0.4216	0.5218	2.8	3.4	2.5	2
0.6494	0.344	0.0067	1.29	5.5	11	1
0.4936	0.1945	0.3119	1.44	4.33	7.5	1
0.593	0.3813	0.0257	2.38	3.3	3	2
0.2095	0.6192	0.1714	2.1	3.3	3.6	1
0.5161	0.237	0.2469	2.3	3.25	3.2	2
0.627	0.052	0.321	1.73	3.5	5	1
0.5109	0.2072	0.2819	8	4.2	1.4	3
0.646	0.2553	0.0987	2.1	3.3	3.6	2
0.842	0.0779	0.08	1.36	4.5	10	1
0.3032	0.5149	0.1819	1.57	3.8	6.5	1
0.1576	0.1308	0.7116	2.4	3.25	3	3
0.5788	0.399	0.0222	1.44	4.2	8	1
0.0831	0.3221	0.5948	4.5	3.6	1.8	3
0.4646	0.2901	0.2452	2.8	3.25	2.6	3
0.3804	0.3429	0.2767	1.8	3.6	4.75	2
0.642	0.2965	0.0614	1.2	6.5	15	1
0.0663	0.0918	0.8419	6.5	4	1.53	3
0.3379	0.6134	0.0487	2.63	3.25	2.75	1
0.5804	0.2835	0.136	1.4	4.5	8.5	2
0.125	0.4655	0.4095	6.5	3.6	1.62	2
0.2539	0.5195	0.2266	1.44	4.33	8	1
0.6738	0.315	0.0112	1.22	6	15	1
0.4139	0.4293	0.1569	2.88	3.25	2.5	1
0.8433	0.1207	0.0359	1.17	7	17	1
0.1044	0.6526	0.243	3.5	3.2	2.2	2
0.3595	0.5994	0.0411	1.25	6	11	2
0.3224	0.0775	0.6001	2.3	3.25	3.2	3
0.5082	0.4435	0.0483	1.53	3.8	7	2
0.5999	0.3551	0.045	2.4	3.25	3	1
0.0774	0.2645	0.6581	6.5	4	1.53	3
0.8909	0.0669	0.0423	1.22	5.5	17	1
0.1991	0.5962	0.2047	2.4	3.25	3	1
0.9079	0.0383	0.0538	1.14	6.5	15	1
0.723	0.0655	0.2115	1.8	3.6	4.5	1
0.4307	0.4378	0.1315	2.5	3.25	2.88	2
0.6014	0.3132	0.0854	1.57	3.75	6.5	1
0.1751	0.4698	0.355	5.5	3.6	1.67	2
0.206	0.404	0.39	3.2	3.25	2.3	2
0.6468	0.024	0.3292	1.95	3.4	4	1
0.95	0.0224	0.0277	1.22	6	15	1
0.7409	0.2132	0.0458	1.67	3.6	5.5	1
0.3402	0.3519	0.3079	3.1	3.25	2.38	2
0.1788	0.0657	0.7555	13	5	1.29	3
0.5035	0.4342	0.0623	2.7	3.2	2.7	3
0.0322	0.6949	0.273	2.25	3.25	3.25	2
0.7434	0.2396	0.017	1.44	4.33	7.5	1
0.288	0.5904	0.1216	2.1	3.3	3.6	2
0.0982	0.2675	0.6342	3	3.3	2.38	3
0.1886	0.3365	0.4749	2.6	3.25	2.8	3
0.9163	0.0715	0.0122	1.29	5	13	1
0.2879	0.5527	0.1594	2	3.4	3.8	2
0.0563	0.7804	0.1633	13	5	1.29	2
0.5018	0.1686	0.3297	1.67	3.5	6	1
0.6988	0.0385	0.2627	2.25	3.3	3.25	2
0.5645	0.0837	0.3518	2.6	3.25	2.8	1
0.1874	0.2493	0.5633	5.5	3.4	1.73	1
0.3247	0.0749	0.6004	1.83	3.5	4.33	1
0.97	0.0171	0.0129	1.13	8.5	23	1
0.5604	0.3587	0.0809	2.3	3.1	3.4	1
0.4802	0.0559	0.4639	2	3.4	3.8	2
0.349	0.594	0.0569	2.1	3.3	3.6	2
0.879	0.0772	0.0437	1.8	3.4	5	1
0.6524	0.2428	0.1048	1.8	3.6	4.5	1
0.773	0.2109	0.0162	1.73	3.5	5.25	1
0.8934	0.0714	0.0352	1.44	4.2	8	1
0.5692	0.2789	0.1519	2.4	3.25	3	2
0.1267	0.6656	0.2077	2.2	3.3	3.4	2
0.1669	0.62	0.2131	2.1	3.3	3.6	1
0.5184	0.4127	0.0689	4.2	3.5	1.91	2
0.3679	0.5488	0.0833	1.83	3.5	4.5	1
0.8677	0.0244	0.1079	5	3.6	1.73	1
0.3625	0.2559	0.3816	2.25	3.3	3.25	1
0.3782	0.2558	0.366	4.2	3.4	1.91	1
0.5554	0.2804	0.1642	3.1	3.2	2.38	2
0.3226	0.5611	0.1163	2.3	3.25	3.2	2
0.1417	0.5388	0.3195	1.22	6	15	1
0.103	0.3913	0.5057	4.5	3.6	1.8	1
0.2407	0.6134	0.1459	2.38	3.25	3.1	3
0.5188	0.3366	0.1447	1.75	3.6	4.75	1
0.1609	0.1003	0.7388	12	5	1.3	3
0.4458	0.4648	0.0895	1.36	4.5	10	1
0.5881	0.2577	0.1542	1.95	3.25	4.33	1
0.7317	0.0245	0.2438	2.1	3.25	3.75	1
0.4283	0.401	0.1707	2.4	3.3	3	2
0.267	0.0974	0.6356	3.75	3.5	2	3
0.9117	0.0761	0.0122	1.2	6.5	15	1
0.6244	0.0212	0.3544	1.91	3.3	4.33	1
0.5674	0.3683	0.0644	2	3.3	4	1
0.1724	0.4689	0.3587	2	3.4	3.8	3
0.5129	0.055	0.4321	1.44	4.33	7.5	3
0.5844	0.0572	0.3584	5	3.6	1.73	3
0.4545	0.4467	0.0987	1.36	4.75	9	1
0.1658	0.5997	0.2345	2.2	3.2	3.5	2
0.8425	0.0541	0.1034	2	3.4	4	1
0.9096	0.0499	0.0405	1.14	7.5	21	1
0.5095	0.048	0.4425	1.8	3.5	4.5	3
0.075	0.2646	0.6604	10	5	1.33	3
0.8662	0.1037	0.0301	1.36	4.5	10	1
0.6335	0.2441	0.1224	6.5	3.8	1.57	1
0.6706	0.0897	0.2397	2.38	3.25	3.1	3
0.5796	0.0685	0.3519	2.1	3.25	3.75	1
0.2506	0.275	0.4744	2.5	3.3	2.88	2
0.5048	0.4129	0.0823	3	3.25	2.4	2
0.8298	0.0806	0.0896	2.1	3.3	3.6	1
0.3756	0.536	0.0884	2.25	3.3	3.3	3
0.7139	0.2391	0.0469	1.22	6	15	1
0.1169	0.4	0.4832	7.5	4.5	1.4	3
0.3076	0.3337	0.3587	3.3	3.25	2.25	2
0.7112	0.2596	0.0292	1.44	4.33	7.5	1
0.9214	0.0448	0.0337	1.22	6	15	1
0.5972	0.1614	0.2413	3.6	3.4	2.1	2
0.8349	0.1506	0.0145	1.25	5.5	13	1
0.0842	0.3887	0.5271	3.6	3.3	2.1	3
0.9116	0.0435	0.0448	1.25	5.75	13	1
0.037	0.8978	0.0652	1.4	4.33	9	2
0.7725	0.0804	0.1472	1.53	3.8	7	1
0.7572	0.0885	0.1543	2.2	3.2	3.5	1
0.2943	0.4024	0.3033	3.6	3.3	2.1	3
0.598	0.2372	0.1647	2.2	3.2	3.5	1
0.4721	0.455	0.0729	1.73	3.6	5	1
0.2004	0.1711	0.6284	7.5	4.33	1.44	2
0.4543	0.0654	0.4804	3.1	3.25	2.38	3
0.9333	0.0466	0.0201	1.67	3.75	5.5	1
0.702	0.203	0.095	1.8	3.6	4.5	3
0.5471	0.4175	0.0354	1.53	3.8	7	2
0.6837	0.1335	0.1828	2	3.25	4	1
0.2108	0.2011	0.5881	1.83	3.5	4.33	3
0.1685	0.0458	0.7857	12	5	1.3	3
0.1163	0.4378	0.4459	7	4.2	1.5	2
0.2729	0.0893	0.6379	8.5	4.5	1.4	3
0.6157	0.2894	0.0949	1.4	4.75	8	1
0.0997	0.4688	0.4315	2.4	3.25	3	1
0.9255	0.0633	0.0112	1.2	6	17	1
0.5734	0.0986	0.328	2.1	3.3	3.6	3
0.0979	0.7399	0.1622	3.8	3.4	2	2
0.5871	0.1421	0.2707	2.5	3.25	2.88	3
0.8473	0.1235	0.0292	1.3	5.25	11	1
0.5413	0.1804	0.2783	1.33	4.75	11	1
0.9786	0.0126	0.0088	1.22	6	15	1
0.6903	0.0509	0.2588	2.88	3.25	2.5	3
0.5229	0.2	0.2771	5	3.8	1.7	3
0.0815	0.5211	0.3974	2.63	3.2	2.75	3
0.2349	0.4694	0.2957	3.3	3.3	2.25	2
0.56	0.4285	0.0114	1.8	3.5	4.5	1
0.1142	0.2465	0.6393	3.6	3.3	2.1	1
0.0767	0.7168	0.2065	4.5	3.5	1.83	2
0.5061	0.3862	0.1077	1.44	4.33	7.5	2
0.5302	0.3961	0.0736	2	3.4	3.8	1
0.0507	0.5811	0.3682	1.73	3.6	5	3
0.6842	0.2299	0.0859	2	3.4	3.8	1
0.1417	0.2775	0.5808	6.5	4	1.53	2
0.7065	0.1943	0.0991	1.29	5	13	2
0.7808	0.0702	0.149	1.4	4.5	8.5	1
0.1966	0.6784	0.1249	2.3	3.25	3.2	2
0.6665	0.0119	0.3215	1.14	8	19	1
0.0776	0.8757	0.0468	2.25	3.3	3.3	2
0.353	0.3879	0.2591	3.25	3.3	2.25	1
0.4251	0.5119	0.063	1.57	3.8	6.5	2
0.7258	0.1552	0.1189	1.73	3.6	5	2
0.202	0.5756	0.2224	2.8	3.25	2.6	3
0.3781	0.5702	0.0517	2.1	3.25	3.75	2
0.4455	0.2838	0.2707	2.88	3.5	2.4	3
0.6309	0.1933	0.1758	2.1	3.25	3.75	3
0.6112	0.2529	0.1359	1.62	3.75	6	1
0.2804	0.3388	0.3808	4	3.6	1.91	1
0.3529	0.1262	0.5208	5.5	3.75	1.67	3
0.3199	0.0134	0.6667	6.5	4	1.53	1
0.6388	0.2979	0.0633	1.33	5	10	1
0.1212	0.1391	0.7398	3.5	3.4	2.1	3
0.0506	0.6058	0.3437	2	3.5	3.75	2
0.6487	0.3206	0.0307	1.53	4	6.5	2
0.1886	0.1793	0.6321	2.38	3.4	3	3
0.5899	0.2494	0.1606	1.5	4.2	7	1
0.709	0.0315	0.2595	1.83	3.6	4.33	1
0.6446	0.2333	0.1222	2.2	3.25	3.4	2
0.4941	0.3605	0.1453	1.62	3.75	6	1
0.6582	0.0618	0.28	5.5	4	1.62	3
0.8213	0.051	0.1278	1.14	8	21	1
0.6114	0.3412	0.0475	1.36	4.5	10	1
0.8042	0.042	0.1537	1.5	4.2	7	1
0.6777	0.0462	0.2761	1.83	3.6	4.33	1
0.5866	0.1693	0.2441	2.38	3.25	3.1	1
0.0247	0.5695	0.4058	3.6	3.3	2.1	2
0.7506	0.1673	0.0821	1.29	5.5	10	1
0.7919	0.1751	0.033	2.38	3.25	3.1	1
0.0889	0.305	0.6061	4	3.8	1.83	3
0.2549	0.1118	0.6333	9.5	4.75	1.36	3
0.394	0.1203	0.4858	3.5	3.4	2.1	1
0.2543	0.2606	0.4851	1.8	3.6	4.5	2
0.3683	0.1519	0.4798	2.1	3.3	3.6	3
0.2093	0.1081	0.6825	2	3.4	3.8	3
0.754	0.2172	0.0288	1.2	7	13	1
0.4616	0.1228	0.4157	1.57	4	6	3
0.7732	0.0158	0.211	2.25	3.3	3.3	1
0.1107	0.1303	0.7589	7	4.2	1.5	1
0.9395	0.0299	0.0305	1.1	10	23	1
0.7668	0.1372	0.0961	1.29	5.5	11	1
0.1616	0.3959	0.4424	6.5	3.8	1.57	2
0.7703	0.1117	0.118	1.13	8	23	1
0.2167	0.1723	0.6111	4	3.6	1.91	2
0.5164	0.0259	0.4578	2.25	3.4	3.25	1
0.5922	0.261	0.1468	2	3.3	4	1
0.6096	0.0986	0.2918	2.88	3.25	2.5	1
0.5301	0.2696	0.2002	2.2	3.3	3.4	2
0.9155	0.0008	0.0837	1.17	7	17	1
0.2118	0.4707	0.3176	2.1	3.3	3.6	2
0.8206	0.1328	0.0466	2.4	3.3	3	2
0.1914	0.0111	0.7974	1.83	3.5	4.5	3
0.3099	0.5247	0.1654	2.3	3.25	3.2	1
0.1639	0.4795	0.3565	2.5	3.25	2.88	2
0.8829	0.0276	0.0895	1.25	5.5	15	1
0.438	0.1359	0.4261	1.17	7	19	1
0.4754	0.2018	0.3227	2.2	3.25	3.4	1
0.2114	0.5594	0.2292	1.5	4	7	2
0.1615	0.3757	0.4629	3.4	3.3	2.2	3
0.5729	0.3252	0.1019	2.5	3.25	2.88	1
0.4225	0.0949	0.4826	2.25	3.3	3.25	3
0.0065	0.4765	0.5169	15	6	1.22	3
0.2414	0.3233	0.4353	6	4	1.57	2
0.6655	0.0381	0.2964	3.2	3.25	2.3	1
0.3064	0.5091	0.1845	2.38	3.25	3.1	1
0.0234	0.3793	0.5973	6	4	1.57	3
0.0318	0.8906	0.0776	3.2	3.25	2.3	2
0.7793	0.0006	0.2202	1.11	9	23	1
0.8595	0.0961	0.0444	1.14	8	19	1
0.4434	0.2779	0.2787	1.25	5.75	13	3
0.4892	0.454	0.0568	2.4	3.2	3.1	2
0.5455	0.4141	0.0404	2.5	3.25	2.88	1
0.2545	0.5816	0.1639	2.1	3.3	3.6	2
0.7037	0.0917	0.2046	1.22	6	15	1
0.138	0.2775	0.5845	4.5	3.5	1.83	1
0.6736	0.1754	0.151	1.25	5.5	13	1
0.0336	0.3875	0.5789	4.2	3.4	1.91	2
0.4066	0.5187	0.0747	1.83	3.5	4.5	1
0.5041	0.4081	0.0878	1.33	5	10	2
0.2529	0.2707	0.4764	1.57	4	6	3
0.0493	0.409	0.5417	3.75	3.25	2.1	2
0.0947	0.3294	0.5759	10	5	1.33	3
0.1469	0.326	0.5271	2.5	3.25	2.88	2
0.2909	0.6578	0.0513	3.1	3.2	2.4	2
0.7505	0.1707	0.0788	2.5	3.25	2.88	1
0.4913	0.4568	0.052	1.8	3.6	4.5	2
0.2439	0.2504	0.5057	2	3.3	4	2
0.1399	0.3862	0.4739	1.62	3.75	6	3
0.134	0.489	0.377	1.91	3.4	4.2	2
0.0353	0.4545	0.5102	5.5	3.7	1.67	2
0.6382	0.3517	0.0101	1.4	4.5	8.5	1
0.1833	0.5572	0.2595	2.25	3.3	3.25	1
0.8419	0.0264	0.1316	1.1	9	26	1
0.7596	0.1097	0.1307	1.7	3.5	5.5	1
0.1454	0.459	0.3957	5	3.6	1.73	3
0.6715	0.2504	0.0781	1.22	6	15	3
0.6586	0.2579	0.0835	1.83	3.5	4.5	2
0.67	0.0968	0.2332	3.2	3.25	2.3	3
0.1504	0.2712	0.5784	2.75	3.2	2.63	2
0.5969	0.2154	0.1877	1.44	4.33	7.5	2
0.401	0.2279	0.3711	3.6	3.3	2.1	1
0.4058	0.0836	0.5106	3.5	3.4	2.1	1
0.2002	0.5663	0.2335	7.5	4	1.5	2
0.483	0.2613	0.2557	1.91	3.4	4.2	3
0.3203	0.3339	0.3459	2.88	3.25	2.5	3
0.2484	0.5957	0.1559	2.88	3.1	2.63	3
0.3228	0.4757	0.2015	2.25	3.2	3.4	1
0.3626	0.5489	0.0886	5	3.5	1.75	2
0.4719	0.1768	0.3513	1.91	3.5	4	1
0.3676	0.6126	0.0198	2.1	3.25	3.75	2
0.2593	0.3183	0.4224	2.25	3.25	3.3	2
0.2165	0.6315	0.152	2.25	3.25	3.3	1
0.8279	0.124	0.0481	1.73	3.6	5	1
0.6	0.1743	0.2257	1.33	5	10	3
0.553	0.2297	0.2173	1.44	4	8.5	1
0.8908	0.0386	0.0706	1.29	5.5	11	1
0.1846	0.397	0.4184	5	3.6	1.73	2
0.5768	0.2655	0.1577	2.2	3.2	3.5	1
0.1872	0.4112	0.4016	2.88	3.25	2.5	3
0.6357	0.1666	0.1976	1.25	5.75	12	2
0.2885	0.3096	0.4019	1.83	3.5	4.5	2
0.3186	0.4415	0.2399	2.25	3.2	3.4	2
0.1646	0.3361	0.4993	5.5	4	1.62	3
0.5329	0.2799	0.1872	2.4	3.25	3	1
0.2591	0.5605	0.1804	2.1	3.3	3.6	2
0.759	0.0772	0.1638	1.83	3.6	4.33	1
0.9443	0.0487	0.007	1.13	8.5	19	1
0.4465	0.3173	0.2361	2.4	3.25	3	1
0.4698	0.5022	0.0281	2.1	3.25	3.75	2
0.6684	0.2366	0.095	2.2	3.25	3.4	1
0.3434	0.3975	0.2591	2.38	3.25	3.1	3
0.2956	0.5614	0.1429	2.38	3.25	3.1	2
0.4212	0.1799	0.3989	1.67	3.6	5.5	1
0.4581	0.2094	0.3324	2.5	3.2	2.9	3
0.098	0.4823	0.4196	5.5	3.75	1.67	3
0.3641	0.6116	0.0243	1.17	7	17	1
0.1314	0.424	0.4446	7.5	4.33	1.44	3
0.3147	0.446	0.2393	1.57	3.75	6.5	1
0.1561	0.6716	0.1723	1.91	3.4	4.2	1
0.7215	0.2326	0.0459	1.57	4	6	1
0.6648	0.0746	0.2606	5.5	3.4	1.73	1
0.5466	0.3495	0.1039	1.8	3.6	4.5	2
0.2831	0.0804	0.6365	3.4	3.25	2.2	3
0.4116	0.3483	0.2401	2.2	3.2	3.5	1
0.0919	0.2518	0.6563	2.9	3.25	2.5	1
0.2276	0.5233	0.2491	1.91	3.4	4.2	2
0.6207	0.2015	0.1778	1.8	3.6	4.5	1
0.1437	0.7449	0.1114	4.5	3.6	1.8	2
0.3277	0.2554	0.4169	3	3.3	2.4	1
0.264	0.5064	0.2297	2.2	3.25	3.4	2
0.891	0.0906	0.0184	1.22	6	15	1
0.3141	0.3944	0.2914	2.1	3.2	3.75	1
0.3142	0.5436	0.1422	1.29	5.5	11	3
0.137	0.2236	0.6394	3.8	3.4	2	1
0.7988	0.1425	0.0587	3.6	3.3	2.1	3
0.3419	0.5285	0.1296	2.1	3.2	3.75	1
0.7585	0.1261	0.1154	1.53	4	6.5	2
0.6579	0.1705	0.1716	1.62	3.75	6	1
0.9302	0.0659	0.0039	1.2	6.5	15	1
0.0799	0.5435	0.3766	1.62	3.75	6	2
0.1991	0.1562	0.6447	2.63	3.25	2.75	2
0.71	0.2043	0.0857	1.91	3.4	4.2	3
0.6522	0.2307	0.1171	2.3	3.25	3.2	2
0.2789	0.345	0.3761	4.75	3.6	1.75	2
0.0772	0.2167	0.7061	5.5	3.6	1.67	3
0.3073	0.5397	0.153	4.5	3.6	1.8	2
0.4275	0.4775	0.095	1.4	4.5	8.5	2
0.698	0.1952	0.1069	1.91	3.4	4.2	2
0.2028	0.335	0.4621	3.75	3.25	2.1	1
0.432	0.4815	0.0866	1.57	3.8	6.5	1
0.0856	0.8049	0.1095	1.91	3.6	4	2
0.7448	0.0341	0.2211	2.5	3.25	2.88	1
0.1571	0.1134	0.7294	2.4	3.1	3.2	3
0.8675	0.0975	0.035	1.22	5.75	15	3
0.2433	0.0982	0.6585	3.4	3.3	2.2	3
0.6245	0.1458	0.2297	1.62	4	5.5	3
0.6634	0.0931	0.2435	5	3.6	1.73	1
0.3388	0.5091	0.1521	2.5	3.3	2.88	1
0.5569	0.3353	0.1078	2.1	3.3	3.6	1
0.4128	0.2517	0.3356	1.57	3.8	6.5	1
0.7855	0.1825	0.0319	1.22	6	15	1
0.4571	0.1407	0.4022	2.2	3.2	3.5	3
0.3954	0.2184	0.3862	2.3	3.25	3.25	1
0.322	0.2254	0.4526	3.2	3.1	2.4	3
0.2507	0.3061	0.4432	2.6	3.2	2.8	2
0.0336	0.2495	0.7169	3.4	3.3	2.2	3
0.2202	0.7255	0.0544	1.57	4.2	5.5	2
0.7655	0.0679	0.1666	1.57	3.8	6.5	3
0.6167	0.2884	0.0949	2	3.3	4	2
0.8653	0.1263	0.0083	1.25	5.5	13	1
0.1174	0.4738	0.4088	3.4	3.25	2.2	2
0.5464	0.3223	0.1313	2	3.5	3.75	1
0.0703	0.2301	0.6996	2.6	3.2	2.8	1
0.5784	0.0196	0.402	5	3.6	1.73	2
0.6531	0.1292	0.2177	2	3.4	3.8	1
0.7736	0.0899	0.1365	1.29	5.25	12	1
0.1797	0.3779	0.4424	3.5	3.4	2.1	2
0.4266	0.4982	0.0753	1.73	3.6	5	1
0.2207	0.6778	0.1014	1.36	4.75	9	2
0.6019	0.367	0.031	1.53	4	6.5	1
0.1482	0.3216	0.5302	2.75	3.2	2.63	2
0.8831	0.048	0.0689	1.83	3.5	4.5	1
0.5363	0.1919	0.2718	2.25	3.3	3.25	1
0.497	0.1466	0.3564	1.62	3.75	6	1
0.498	0.2274	0.2746	2.1	3.3	3.6	1
0.5809	0.1922	0.2268	1.4	4.5	9	2
0.3087	0.4436	0.2477	2.2	3.25	3.4	2
0.2261	0.4759	0.298	3.8	3.4	2	1
0.5321	0.388	0.0799	1.62	4	5.5	3
0.1727	0.0871	0.7402	4.5	3.6	1.8	3
0.5767	0.3616	0.0617	2	3.3	4	1
0.1074	0.6203	0.2722	2.8	3.25	2.6	2
0.4208	0.4438	0.1354	2.4	3.25	3	1
0.5077	0.2529	0.2394	2	3.4	3.8	1
0.4162	0.5725	0.0114	1.8	3.6	4.5	2
0.4022	0.5031	0.0947	2.2	3.2	3.5	1
0.6006	0.161	0.2384	1.73	3.6	5	3
0.0481	0.2458	0.706	3.2	3.3	2.3	3
0.4174	0.5322	0.0504	2.3	3.2	3.2	3
0.5889	0.4039	0.0072	2.1	3.25	3.75	1
0.4513	0.3144	0.2342	1.91	3.4	4.2	3
0.9058	0.0819	0.0123	1.29	5.5	11	1
0.222	0.2533	0.5247	3.25	3.25	2.25	3
0.415	0.1406	0.4444	2.1	3.3	3.6	3
0.555	0.0648	0.3802	2.63	3.2	2.75	1
0.2626	0.5718	0.1656	6.5	4.33	1.5	2
0.82	0.0818	0.0982	1.44	4.2	8	1
0.1324	0.5536	0.3141	1.83	3.4	4.75	3
0.449	0.4188	0.1323	1.62	3.75	6	3
0.7411	0.2371	0.0218	1.53	4	6.5	1
0.5455	0.0448	0.4097	1.83	3.5	4.5	3
0.3823	0.208	0.4098	3.4	3.2	2.25	2
0.8646	0.0814	0.054	1.29	5.5	11	1
0.5903	0.2891	0.1206	1.33	5	10	3
0.4701	0.3333	0.1966	6.5	4.2	1.5	2
0.3824	0.4187	0.1988	5.5	3.6	1.67	3
0.1539	0.3867	0.4593	1.7	3.75	5	1
0.8819	0.0616	0.0565	1.29	5.5	10	1
0.3834	0.4882	0.1284	2.63	3.2	2.75	1
0.6177	0.3622	0.0201	1.83	3.5	4.5	1
0.7575	0.2027	0.0399	1.4	4.5	8.5	1
0.2142	0.204	0.5818	6	4.2	1.53	3
0.0976	0.629	0.2734	2	3.4	3.8	1
0.7289	0.156	0.1151	1.25	5.5	13	2
0.1288	0.4063	0.4649	2.5	3.2	2.9	3
0.8101	0.1727	0.0172	2.3	3.25	3.25	3
0.7216	0.1194	0.159	2.2	3.25	3.4	1
0.8163	0.1208	0.0629	1.25	5.75	12	1
0.2528	0.4117	0.3354	1.91	3.6	4	2
0.5562	0.1217	0.3221	2.2	3.25	3.4	3
0.5987	0.0817	0.3195	3.4	3.25	2.2	1
0.8	0.1188	0.0812	1.73	3.6	5	2
0.5004	0.3051	0.1946	2.63	3.25	2.75	1
0.674	0.1455	0.1805	1.83	3.6	4.33	1
0.1022	0.1426	0.7553	8	4.2	1.44	1
0.6456	0.1789	0.1755	3.8	3.75	1.91	1
0.7994	0.0502	0.1504	1.29	5.5	11	1
0.7436	0.2094	0.047	1.33	5	10	1
0.7696	0.1888	0.0416	2.1	3.25	3.75	1
0.4104	0.1637	0.426	1.8	3.6	4.5	1
0.062	0.518	0.42	6	4	1.57	3
0.0842	0.4894	0.4263	2.5	3.25	2.88	2
0.2735	0.428	0.2986	2.4	3.2	3.1	2
0.1125	0.458	0.4294	2.2	3.2	3.5	2
0.4691	0.2997	0.2313	2.2	3.25	3.4	2
0.0784	0.4846	0.437	2.88	3.3	2.5	2
0.6959	0.191	0.1131	1.2	6.5	15	1
0.68	0.0385	0.2815	3.5	3.4	2.1	1
0.3063	0.2088	0.4848	2.5	3.25	2.88	3
0.5385	0.4233	0.0382	1.5	4	7.5	2
0.3344	0.4646	0.201	2.2	3.2	3.5	1
0.5973	0.2848	0.1179	1.2	6.5	15	1
0.1883	0.3884	0.4233	3.5	3.4	2.1	2
0.3393	0.0543	0.6064	3.4	3.2	2.25	3
0.7292	0.0514	0.2194	2.25	3.3	3.25	1
0.1211	0.1903	0.6887	6	3.75	1.62	3
0.1546	0.0824	0.7629	8	5	1.36	3
0.298	0.6102	0.0918	3.2	3.25	2.3	3
0.5857	0.287	0.1273	1.53	3.8	7	1
0.924	0.0515	0.0245	1.4	4.5	8.5	1
0.7005	0.2722	0.0273	1.33	5	9.5	1
0.1772	0.0621	0.7607	5.5	3.6	1.67	3
0.3762	0.4728	0.151	1.73	3.6	5	2
0.1613	0.1637	0.675	4.5	3.5	1.83	2
0.375	0.1894	0.4356	3.25	3.4	2.2	3
0.4536	0.3653	0.1812	2.38	3.3	3	3
0.6319	0.3345	0.0336	1.83	3.5	4.5	1
0.3799	0.4036	0.2165	2.1	3.3	3.6	1
0.8545	0.0996	0.0458	1.62	3.75	6	1
0.4959	0.3188	0.1853	1.91	3.4	4.2	2
0.4984	0.4753	0.0263	1.44	4.5	7	1
0.8775	0.0612	0.0612	1.4	4.5	8.5	1
0.2588	0.122	0.6192	5	4	1.67	2
0.3954	0.1746	0.43	2.1	3.2	3.75	1
0.5637	0.328	0.1084	1.57	4	6	1
0.6051	0.2582	0.1367	2.5	3.25	2.9	1
0.0526	0.1277	0.8197	8.5	4.5	1.4	1
0.194	0.3592	0.4467	1.62	4	5.5	3
0.4302	0.1648	0.405	2	3.5	3.75	3
0.979	0.0133	0.0077	1.22	6	15	1
0.7504	0.1581	0.0916	2.5	3.2	2.9	1
0.4121	0.4032	0.1847	2.1	3.4	3.5	2
0.1583	0.4882	0.3535	3.25	3.4	2.2	2
0.5533	0.2355	0.2113	1.36	4.75	9	2
0.3854	0.4401	0.1746	1.73	3.6	5	1
0.0914	0.0919	0.8167	2.75	3.25	2.6	3
0.0504	0.8648	0.0847	1.91	3.6	4	2
0.5974	0.3014	0.1012	2.75	3.25	2.6	1
0.0109	0.3947	0.5944	5	3.6	1.73	2
0.3235	0.3556	0.3208	2.6	3.2	2.8	3
0.0686	0.8563	0.0751	1.85	3.4	4.5	2
0.1021	0.2098	0.6881	4	3.6	1.91	1
0.6073	0.2334	0.1593	1.3	5.25	10	1
0.2302	0.3958	0.3739	1.73	3.6	5	1
0.7707	0.0683	0.161	1.73	3.6	5	1
0.3256	0.3221	0.3523	2.1	3.25	3.75	2
0.0565	0.1802	0.7633	6.5	4	1.53	3
0.8532	0.0599	0.0869	1.83	3.6	4.33	1
0.835	0.0792	0.0858	1.5	4	7.5	2
0.545	0.0918	0.3631	3.4	3.3	2.2	1
0.4596	0.1808	0.3595	1.91	3.4	4.2	2
0.4405	0.1869	0.3726	2.2	3.2	3.6	1
0.4891	0.4342	0.0767	1.44	4.33	7.5	2
0.4403	0.0158	0.5439	2.38	3.2	3.1	3
0.757	0.1756	0.0674	2.25	3.4	3.2	1
0.3789	0.5536	0.0675	1.73	3.6	5	1
0.9176	0.0562	0.0261	1.36	4.75	9	1
0.2056	0.5172	0.2772	2.6	3.2	2.8	3
0.689	0.0275	0.2835	2.25	3.3	3.25	1
0.3113	0.3536	0.3351	2.8	3.2	2.6	1
0.3897	0.071	0.5393	3	3.3	2.38	2
0.051	0.1871	0.7619	10	5.5	1.3	3
0.408	0.4682	0.1238	1.53	4	6.5	2
0.455	0.4885	0.0565	1.83	3.5	4.5	3
0.7945	0.1765	0.029	1.8	3.6	4.5	2
0.4396	0.4075	0.153	2	3.25	4	1
0.5449	0.0693	0.3858	1.36	4.75	9	1
0.7801	0.1396	0.0804	2.2	3.25	3.4	1
0.443	0.5191	0.0379	1.57	4	6	2
0.4011	0.5078	0.0911	5	3.6	1.73	2
0.4946	0.2662	0.2392	2.1	3.3	3.6	1
0.7594	0.0984	0.1422	1.62	3.75	6	1
0.2168	0.1163	0.6669	2.63	3.2	2.75	3
0.5498	0.4485	0.0016	1.25	6	11	2
0.3088	0.4069	0.2843	2.5	3.25	2.88	1
0.5286	0.3979	0.0735	1.83	3.6	4.33	2
0.1166	0.8467	0.0367	1.95	3.4	4	1
0.0625	0.2977	0.6398	5.5	3.6	1.67	2
0.8289	0.0603	0.1108	3	3.3	2.38	1
0.1003	0.0885	0.8112	4.5	3.6	1.8	3
0.2019	0.1643	0.6338	3	3.25	2.4	2
0.5575	0.3334	0.1091	1.53	4.2	6	1
0.578	0.3454	0.0766	1.5	4	7	1
0.5188	0.3744	0.1068	2	3.3	4	2
0.6678	0.2974	0.0348	2.2	3.25	3.4	1
0.937	0.0484	0.0146	1.2	6	17	1
0.7825	0.2007	0.0168	1.44	4.33	7.5	1
0.137	0.1055	0.7574	2.2	3.2	3.5	3
0.7364	0.2128	0.0508	1.73	3.6	5	1
0.1614	0.4318	0.4068	2.6	3.25	2.8	3
0.6544	0.0595	0.2861	1.83	3.6	4.33	1
0.0791	0.1129	0.808	8.5	5	1.36	3
0.6682	0.1162	0.2156	2.6	3.2	2.8	1
0.6323	0.1499	0.2178	2.25	3.2	3.4	1
0.6409	0.21	0.1492	2.3	3.5	3	3
0.798	0.0945	0.1075	1.67	3.75	5.5	1
0.4557	0.1624	0.3819	5.5	3.6	1.7	3
0.266	0.4699	0.2641	2.25	3.3	3.25	3
0.244	0.3915	0.3646	1.73	3.6	5	2
0.0989	0.3413	0.5598	5.5	3.6	1.67	2
0.7575	0.2215	0.021	1.2	6.5	15	1
0.2103	0.3905	0.3993	2.88	3.4	2.4	2
0.6216	0.1809	0.1975	1.8	3.6	4.5	2
0.1952	0.1844	0.6204	2.88	3.5	2.38	2
0.9268	0.0598	0.0134	1.2	6.5	15	1
0.4029	0.534	0.063	1.44	4.33	7.5	1
0.8204	0.1562	0.0235	1.44	4.33	7.5	1
0.1648	0.7568	0.0784	2.1	3.25	3.75	1
0.0984	0.7726	0.129	1.57	4	6	2
0.1907	0.69	0.1192	2.5	3.25	2.88	2
0.3829	0.4867	0.1304	4.5	3.8	1.75	1
0.3495	0.3443	0.3062	3.6	3.3	2.1	3
0.3387	0.0886	0.5727	1.8	3.4	5	1
0.5131	0.4157	0.0713	1.8	3.5	4.75	1
0.4903	0.2787	0.231	1.91	3.5	4	1
0.4035	0.4204	0.176	2.63	3.4	2.63	2
0.3713	0.4629	0.1658	1.44	4.33	7.5	1
0.2093	0.4432	0.3475	2.6	3.2	2.8	3
0.2977	0.2716	0.4307	2.38	3.3	3	1
0.1982	0.2977	0.5041	2.8	3.25	2.6	2
0.6888	0.1714	0.1398	2.5	3.25	2.88	1
0.3209	0.5103	0.1688	2.1	3.3	3.6	2
0.3547	0.1045	0.5408	1.44	4.33	7.5	1
0.8006	0.0248	0.1747	1.4	4.5	9	1
0.413	0.5305	0.0565	1.8	3.6	4.5	2
0.2481	0.463	0.2889	1.83	3.5	4.5	3
0.6458	0.1317	0.2225	2.7	3.2	2.7	1
0.5277	0.4011	0.0711	1.91	3.4	4.2	1
0.5123	0.3193	0.1684	1.3	5.5	10	2
0.1299	0.7724	0.0978	1.95	3.6	3.8	2
0.376	0.2721	0.3519	2.38	3.25	3.1	1
0.4969	0.3261	0.177	5.5	3.75	1.67	1
0.0598	0.1503	0.7899	2.1	3.4	3.5	1
0.2319	0.3328	0.4353	2.88	3.25	2.5	3
0.1298	0.6334	0.2368	1.91	3.4	4.2	1
0.1707	0.1703	0.6589	5	3.6	1.73	2
0.4365	0.1785	0.385	2.2	3.4	3.25	1
0.4728	0.1993	0.3279	2.5	3.25	2.88	3
0.622	0.2162	0.1618	2.63	3.25	2.75	1
0.66	0.0608	0.2792	1.36	5	8.5	3
0.128	0.2424	0.6295	2.2	3.25	3.4	3
0.3871	0.3338	0.2791	1.25	6	11	2
0.1802	0.1873	0.6326	1.73	3.8	4.75	3
0.3301	0.2463	0.4236	2.1	3.4	3.5	1
0.5002	0.2385	0.2613	1.36	4.75	9	1
0.3202	0.5264	0.1534	3.2	3.4	2.25	1
0.3679	0.1508	0.4813	5	3.75	1.7	3
0.6183	0.3025	0.0793	3.1	3.25	2.38	1
0.4672	0.0789	0.4539	3.75	3.6	1.95	2
0.9011	0.0796	0.0193	1.6	4	5.5	1
0.1981	0.6688	0.1331	2	3.5	3.75	2
0.4417	0.4973	0.061	2.75	3.6	2.4	3
0.8594	0.0599	0.0807	1.53	4	6.5	1
0.7222	0.1405	0.1372	2	3.5	3.75	3
0.7229	0.1686	0.1085	2.2	3	3.75	3
0.8497	0.0678	0.0825	1.53	3.8	7	1
0.4748	0.1758	0.3494	2.2	3.2	3.5	3
0.5926	0.1942	0.2132	2.2	3.2	3.5	2
0.8176	0.0367	0.1457	1.57	3.6	7	2
0.0867	0.1816	0.7317	3.75	3.25	2.1	2
0.0694	0.1599	0.7708	2.4	3.25	3	3
0.2783	0.7035	0.0182	2.2	3.2	3.5	2
0.1878	0.4703	0.342	5.5	3.5	1.7	2
0.1034	0.1012	0.7954	6.5	4	1.53	3
0.9325	0.0051	0.0624	1.29	5	13	1
0.2412	0.489	0.2699	2.5	3.25	2.9	3
0.7857	0.0939	0.1204	1.73	3.4	5.5	1
0.6312	0.2905	0.0783	1.3	5.5	10	1
0.5226	0.0108	0.4667	1.53	3.8	7	3
0.1305	0.2977	0.5717	2.2	3.25	3.4	3
0.0608	0.9007	0.0385	2.1	3.3	3.6	2
0.342	0.0179	0.6401	4.75	3.5	1.8	3
0.038	0.6052	0.3567	2.6	3.3	2.75	2
0.3171	0.4007	0.2823	2.38	3.25	3.1	1
0.7325	0.0881	0.1793	1.67	3.75	5.5	1
0.4691	0.5063	0.0245	2.1	3.25	3.75	2
0.1714	0.2784	0.5502	3.3	3.25	2.25	3
0.8835	0.0691	0.0474	1.2	6.5	15	1
0.3856	0.4436	0.1708	1.4	4.5	8.5	1
0.1124	0.6622	0.2254	2.38	3.3	3	2
0.7787	0.063	0.1583	2.25	3.3	3.25	1
0.8954	0.0992	0.0053	1.5	4.33	6.5	1
0.714	0.1956	0.0904	2.1	3.25	3.75	1
0.1401	0.2363	0.6236	2.88	3.3	2.5	3
0.2576	0.2635	0.479	2.1	3.25	3.75	3
0.5427	0.0788	0.3785	1.36	4.75	9	1
0.0876	0.4244	0.488	9	4.5	1.4	3
0.4345	0.2493	0.3162	2	3.4	3.8	2
0.8718	0.1181	0.0102	1.17	7	17	1
0.0973	0.3675	0.5351	3.25	3.3	2.25	1
0.4542	0.0018	0.544	5	3.75	1.7	3
0.4193	0.2145	0.3663	3	3.25	2.4	3
0.3365	0.0663	0.5972	1.67	3.6	5.5	2
0.17	0.2899	0.5401	2.5	3.25	2.88	3
0.0924	0.7651	0.1426	2.4	3.25	3	2
0.2879	0.4476	0.2645	1.91	3.4	4.2	2
0.5068	0.2367	0.2565	4.2	3.4	1.91	1
0.1594	0.3609	0.4797	1.8	3.6	4.6	3
0.3047	0.4946	0.2007	1.5	4	7	1
0.6556	0.2059	0.1385	2.63	3.2	2.75	1
0.2405	0.2622	0.4973	1.91	3.4	4.2	3
0.0888	0.645	0.2662	6.5	3.8	1.57	2
0.9481	0.0107	0.0411	1.83	3.5	4.5	1
0.6737	0.2183	0.108	2.4	3.2	3.1	1
0.3431	0.0413	0.6156	2.63	3.4	2.63	1
0.4758	0.3275	0.1966	1.44	4.5	7	1
0.8404	0.0835	0.0762	1.2	6.5	15	1
0.452	0.1982	0.3499	1.36	4.5	10	1
0.9432	0.0122	0.0446	1.44	4.33	7.5	1
0.9101	0.0574	0.0325	1.83	3.5	4.5	1
0.167	0.3621	0.4709	6.5	4	1.53	2
0.1662	0.186	0.6478	2.3	3.25	3.25	2
0.0593	0.214	0.7267	4	3.5	1.91	3
0.0718	0.5956	0.3326	2.3	3.25	3.2	2
0.7675	0.0853	0.1471	2.5	3.4	2.8	1
0.5539	0.0695	0.3766	1.62	3.75	6	1
0.2436	0.3812	0.3751	6.5	3.75	1.57	3
0.6047	0.0563	0.339	3.1	3.2	2.4	3
0.9484	0.0199	0.0317	1.17	7	17	1
0.5657	0.2374	0.1968	2.25	3.4	3.2	2
0.0569	0.297	0.6462	2.5	3.25	2.88	3
0.3024	0.0465	0.6512	6.5	4	1.53	3
0.5875	0.1142	0.2983	2	3.3	4	1
0.7107	0.1133	0.176	2.63	3.25	2.75	1
0.5521	0.1856	0.2623	2.1	3.4	3.5	1
0.8614	0.05	0.0886	1.36	4.5	10	1
0.152	0.6386	0.2094	3	3.3	2.4	2
0.8828	0.0965	0.0207	1.33	5	10	1
0.747	0.183	0.07	2.2	3.3	3.4	1
0.2868	0.7026	0.0106	1.83	3.5	4.5	2
0.256	0.2136	0.5304	2.2	3.2	3.5	1
0.3497	0.2014	0.4488	2.3	3.3	3.2	3
0.4862	0.2763	0.2375	1.44	4.33	7.5	1
0.0784	0.4724	0.4493	3	3.3	2.4	2
0.7043	0.0315	0.2642	2	3.3	4	1
0.4736	0.3382	0.1881	2	3.3	4	3
0.2291	0.2341	0.5368	2.2	3.2	3.5	3
0.5184	0.4712	0.0103	1.29	5.5	11	2
0.8741	0.0356	0.0903	1.57	3.8	6.5	1
0.3337	0.4789	0.1874	2	3.4	3.8	2
0.596	0.1423	0.2616	1.53	4	6.5	1
0.0843	0.1149	0.8008	4	3.5	1.91	3
0.2344	0.0904	0.6752	2.25	3.25	3.3	3
0.1637	0.3192	0.5172	2	3.4	3.8	3
0.0818	0.6542	0.264	9.5	5	1.33	1
0.3872	0.0915	0.5213	1.62	4	5.5	3
0.3295	0.1213	0.5492	4.5	3.6	1.8	3
0.9418	0.0305	0.0277	1.17	7	19	1
0.0691	0.8868	0.0441	1.91	3.6	4	2
0.1869	0.5953	0.2178	2.1	3.3	3.6	2
0.5212	0.2203	0.2585	2.1	3.3	3.6	1
0.1267	0.1166	0.7568	4	3.3	2	3
0.1241	0.4449	0.431	2.88	3.25	2.5	3
0.7065	0.1479	0.1455	1.36	4.75	9	1
0.1287	0.2359	0.6353	2.1	3.2	3.8	3
0.8314	0.1416	0.027	1.4	4.5	8.5	1
0.4267	0.1801	0.3931	1.83	3.5	4.5	1
0.1417	0.0381	0.8203	7.5	4.33	1.44	3
0.3077	0.5546	0.1377	1.29	5.5	10	2
0.6588	0.3313	0.0098	1.25	5.5	13	1
0.634	0.3416	0.0244	2.25	3.25	3.3	1
0.0952	0.7214	0.1834	10	5	1.33	3
0.7014	0.0717	0.2269	2.4	3.3	3	1
0.2926	0.13	0.5773	3.25	3.3	2.25	3
0.4593	0.2107	0.3299	1.91	3.3	4.33	1
0.5294	0.0164	0.4542	1.57	3.75	6.5	1
0.7736	0.078	0.1484	1.3	5.5	10	1
0.1334	0.1523	0.7143	5.5	3.6	1.67	3
0.5892	0.1387	0.2721	1.83	3.5	4.5	3
0.3493	0.066	0.5847	2.3	3.25	3.2	2
0.0833	0.3863	0.5303	6.5	4.2	1.5	3
0.2514	0.4014	0.3473	2	3.4	3.8	1
0.4615	0.2634	0.2751	2.5	3.25	2.88	2
0.1474	0.3445	0.5081	1.83	3.5	4.5	3
0.6879	0.2739	0.0382	1.57	4	6	1
0.8781	0.0816	0.0403	1.44	4.2	8	2
0.4057	0.1105	0.4839	3.1	3.25	2.38	3
0.6059	0.3791	0.015	1.22	6	15	1
0.2763	0.6241	0.0996	1.4	4.5	8.5	2
0.3832	0.1442	0.4727	2.1	3.4	3.5	1
0.682	0.0823	0.2358	1.83	3.5	4.5	1
0.2544	0.1555	0.5901	1.67	3.6	5.5	3
0.337	0.1755	0.4874	4	3.6	1.91	3
0.1087	0.7808	0.1104	2.75	3.2	2.63	2
0.3031	0.4475	0.2494	2.2	3.25	3.4	2
0.1239	0.1724	0.7037	5	3.6	1.73	3
0.4383	0.2575	0.3042	2.1	3.4	3.5	1
0.5613	0.3622	0.0765	1.17	7	17	1
0.3788	0.4823	0.1389	3.5	3.4	2.1	3
0.2364	0.6633	0.1003	2.25	3.3	3.25	2
0.8993	0.0976	0.003	1.3	5	12	1
0.2788	0.2632	0.458	6	4	1.57	3
0.8256	0.0398	0.1346	1.67	3.6	5.5	3
0.7622	0.112	0.1258	2.4	3.3	3	1
0.7024	0.0108	0.2868	3.5	3.4	2.1	1
0.5744	0.2574	0.1683	1.53	4	6.5	1
0.5059	0.3075	0.1867	2.5	3.3	2.88	3
0.6698	0.1761	0.1541	1.33	5	10	1
0.8234	0.1622	0.0144	1.22	6	15	1
0.77	0.0257	0.2043	2.4	3.4	2.88	1
0.4019	0.2576	0.3405	2.63	3.25	2.75	1
0.7551	0.1208	0.1241	1.67	3.8	5.25	3
0.506	0.0486	0.4454	3.75	3.5	2	1
0.5728	0.3782	0.049	1.83	3.5	4.5	1
0.5351	0.1808	0.2841	2.4	3.3	3	1
0.3574	0.4244	0.2182	2.38	3.3	3	3
0.6606	0.295	0.0445	1.62	3.75	6	2
0.8261	0.0169	0.1569	1.62	3.75	6	1
0.2194	0.7413	0.0393	1.8	3.6	4.5	2
0.0986	0.2786	0.6228	9	4.75	1.36	2
0.3295	0.1773	0.4932	2.5	3.25	2.88	3
0.1728	0.0546	0.7726	4.2	3.4	1.91	3
0.792	0.1879	0.0201	1.73	3.75	4.5	1
0.1516	0.1178	0.7306	7.5	4.33	1.44	3
0.9698	0.0117	0.0185	1.36	4.75	9	1
0.2202	0.0825	0.6974	2.1	3.4	3.5	3
0.5326	0.2599	0.2075	2	3.5	3.75	2
0.0798	0.2182	0.7021	5	3.6	1.73	3
0.4598	0.4558	0.0844	1.57	3.75	6.5	1
0.3845	0.028	0.5875	5	3.6	1.73	3
0.9269	0.0405	0.0326	1.22	6	15	1
0.4396	0.2069	0.3535	2	3.5	3.75	3
0.5748	0.1526	0.2727	2.5	3.3	2.88	3
0.0659	0.5205	0.4136	7	4	1.5	2
0.6263	0.2586	0.1151	2.6	3.4	2.7	2
0.4327	0.0557	0.5115	2.5	3.4	2.8	3
0.2962	0.6205	0.0833	1.3	5	12	2
0.2837	0.1876	0.5287	1.25	5.5	13	2
0.9233	0.017	0.0597	1.14	7.5	21	1
0.2022	0.6715	0.1263	1.91	3.4	4.2	2
0.4753	0.0273	0.4974	2.4	3.25	3	2
0.0999	0.1581	0.742	7	4.5	1.44	2
0.714	0.2712	0.0148	1.22	6	15	2
0.0784	0.0591	0.8625	4.5	3.6	1.8	3
0.2288	0.4842	0.2869	2	3.4	3.8	2
0.6168	0.2242	0.159	1.53	4	6.5	1
0.788	0.1097	0.1022	1.25	5.5	13	1
0.5821	0.3121	0.1058	2.2	3.25	3.4	2
0.353	0.4855	0.1615	1.29	5	13	3
0.7423	0.1628	0.095	1.13	8	26	3
0.0605	0.8346	0.1049	2.6	3.25	2.75	2
0.465	0.2574	0.2777	1.67	3.6	5.5	2
0.155	0.6791	0.1659	5.5	3.6	1.67	2
0.1049	0.2587	0.6365	6.5	4	1.53	1
0.2606	0.2703	0.4692	2.6	3.25	2.75	3
0.3005	0.581	0.1185	1.83	3.4	4.75	3
0.5734	0.0859	0.3406	2.5	3.25	2.88	3
0.5879	0.1348	0.2774	4	3.5	1.91	1
0.4395	0.3846	0.1759	2.1	3.4	3.5	3
0.4659	0.4299	0.1042	6	4	1.57	3
0.8714	0.0914	0.0373	1.91	3.4	4.2	1
0.6715	0.2578	0.0706	1.33	5	10	1
0.359	0.3407	0.3003	2.63	3.25	2.75	3
0.503	0.3037	0.1932	1.5	4	7	3
0.3285	0.3236	0.348	5	3.6	1.73	1
0.2253	0.3991	0.3756	2.4	3.25	3	2
0.6605	0.2812	0.0583	3	3.3	2.38	1
0.6616	0.2576	0.0809	1.4	4.5	8.5	1
0.4586	0.506	0.0354	1.4	4.33	9	2
0.9062	0.0366	0.0572	1.14	8	17	1
0.7476	0.1951	0.0573	1.25	5.5	13	2
0.7866	0.09	0.1235	2	3.4	3.8	3
0.7523	0.2312	0.0166	1.73	3.6	5	1
0.564	0.0817	0.3543	4.75	3.5	1.8	1
0.3959	0.0131	0.5911	9	4.33	1.4	3
0.6824	0.0189	0.2987	6	3.75	1.62	1
0.6225	0.3414	0.0361	1.53	4	6.5	2
0.3687	0.2446	0.3867	2	3.4	3.8	1
0.5248	0.0212	0.454	5.5	4	1.62	2
0.5019	0.3915	0.1066	2	3.4	3.8	1
0.0595	0.2187	0.7218	1.91	3.4	4.2	3
0.4752	0.4638	0.061	1.91	3.4	4.2	1
0.4686	0.0918	0.4396	2.5	3.25	2.88	3
0.7069	0.0373	0.2558	2.8	3.4	2.5	3
0.5838	0.229	0.1873	1.91	3.6	4	1
0.1551	0.2708	0.5741	4.33	3.5	1.85	1
0.8233	0.141	0.0357	1.33	5	10	1
0.312	0.0951	0.5929	4	3.25	2	2
0.7258	0.0279	0.2463	1.22	6	15	1
0.454	0.0949	0.4512	5	3.8	1.7	3
0.2616	0.6755	0.0629	1.8	3.5	4.75	2
0.4928	0.1383	0.3689	2.63	3.3	2.7	3
0.0586	0.2955	0.6459	5	3.75	1.7	2
0.3538	0.2886	0.3576	1.83	3.5	4.5	2
0.5653	0.144	0.2907	1.91	3.5	4.2	1
0.5423	0.3089	0.1487	1.29	5.5	11	1
0.7345	0.2454	0.0201	1.3	5.5	10	1
0.6743	0.1145	0.2112	2	3.5	3.75	1
0.4066	0.0386	0.5548	1.91	3.6	4	3
0.0403	0.2234	0.7363	2.25	3.25	3.3	3
0.5574	0.2774	0.1651	2.1	3.3	3.6	3
0.3389	0.5219	0.1392	3.5	3.4	2.1	2
0.5122	0.2358	0.252	2.5	3.3	2.88	2
0.4296	0.2992	0.2712	2	3.4	3.8	1
0.5293	0.1036	0.3671	2	3.4	3.8	2
0.1535	0.7148	0.1318	2.38	3.3	3	1
0.4543	0.1724	0.3733	2	3.5	3.75	3
0.3076	0.3211	0.3713	3.25	3.3	2.25	1
0.6856	0.2477	0.0667	1.91	3.5	4	1
0.5314	0.319	0.1496	1.85	3.6	4.33	1
0.3132	0.5792	0.1075	3.5	3.4	2.1	3
0.3334	0.1593	0.5072	1.83	3.5	4.5	3
0.7607	0.1868	0.0525	1.44	4.33	7.5	1
0.3531	0.008	0.639	5.5	3.6	1.67	3
0.2314	0.3222	0.4464	2.5	3.25	2.88	3
0.6433	0.242	0.1147	1.29	5.5	11	1
0.8965	0.073	0.0304	1.17	7	17	1
0.6389	0.2764	0.0847	1.57	4	6	2
0.1143	0.1043	0.7813	2.63	3.25	2.75	3
0.6262	0.2107	0.1631	2.4	3.25	3	1
0.5259	0.1133	0.3608	2.75	3.25	2.63	2
0.2224	0.4519	0.3257	2.5	3.4	2.75	1
0.0783	0.3604	0.5613	6.5	4	1.53	3
0.3236	0.1778	0.4985	2.1	3.4	3.5	1
0.2356	0.3641	0.4003	2.38	3.4	3	2
0.1886	0.3183	0.493	2	3.5	3.75	3
0.9656	0.0246	0.0098	1.13	8.5	21	1
0.0971	0.4101	0.4928	3.1	3.25	2.38	2
0.606	0.1714	0.2226	1.83	3.5	4.5	1
0.5657	0.004	0.4303	4.2	3.4	1.91	1
0.0831	0.633	0.2839	2.5	3.25	2.88	3
0.5813	0.3282	0.0905	1.57	3.75	6.5	1
0.7178	0.2003	0.0819	2.1	3.4	3.5	2
0.5667	0.2051	0.2283	2.88	3.4	2.4	3
0.5101	0.4394	0.0504	2.5	3.25	2.88	1
0.4698	0.0267	0.5035	2.5	3.25	2.88	1
0.8303	0.0482	0.1216	1.4	4.5	8.5	1
0.2383	0.4445	0.3173	2.88	3.25	2.5	1
0.633	0.3201	0.0468	3.8	3.4	2	1
0.2359	0.2065	0.5576	2.38	3.3	3	3
0.3714	0.5546	0.074	1.29	5.5	11	1
0.2399	0.6625	0.0976	1.83	3.6	4.33	2
0.0305	0.0984	0.8711	6	3.75	1.62	1
0.6912	0.2203	0.0886	1.44	4.33	7.5	1
0.6049	0.0877	0.3074	1.73	3.4	5.5	1
0.2727	0.3858	0.3414	1.83	3.5	4.5	3
0.1236	0.4367	0.4397	2.75	3.3	2.6	2
0.8116	0.0528	0.1356	1.8	3.6	4.5	1
0.1574	0.1355	0.7071	9	5	1.33	3
0.5947	0.2972	0.108	2.4	3.4	2.88	1
0.1123	0.2566	0.6311	3	3.4	2.3	3
0.9038	0.0287	0.0675	1.91	3.6	4	1
0.385	0.1001	0.5149	5	3.6	1.73	1
0.5383	0.4059	0.0558	1.4	4.5	8.5	2
0.9507	0.028	0.0213	1.33	5	10	1
0.5337	0.3199	0.1464	2.4	3.4	2.9	1
0.1545	0.5443	0.3012	1.83	3.6	4.33	2
0.1273	0.5632	0.3095	1.29	5.5	11	3
0.6133	0.1973	0.1894	1.73	3.75	4.75	1
0.285	0.0086	0.7064	6	3.75	1.62	2
0.5337	0.3617	0.1046	2	3.4	3.8	1
0.043	0.446	0.511	2.2	3.25	3.4	3
0.2283	0.2083	0.5635	2.3	3.4	3.1	3
0.8639	0.1011	0.035	1.22	6	15	1
0.3969	0.0976	0.5055	4.5	3.5	1.83	3
0.8365	0.1443	0.0192	1.83	3.5	4.5	1
0.843	0.1462	0.0108	1.7	3.75	5	1
0.6461	0.3439	0.01	1.22	6.5	12	2
0.4281	0.1272	0.4447	5.5	4.2	1.57	1
0.5649	0.2591	0.176	2.63	3.25	2.75	1
0.0939	0.6919	0.2142	2.3	3.4	3.1	3
0.4568	0.1566	0.3866	2.88	3.4	2.4	1
0.8979	0.0889	0.0132	1.4	4.5	8.5	1
0.0181	0.2475	0.7344	9	4.75	1.36	3
0.311	0.2271	0.4619	2.4	3.4	2.88	3
0.2667	0.1185	0.6148	2.6	3.3	2.75	3
0.7839	0.0647	0.1515	1.25	6	12	1
0.5338	0.3483	0.1179	1.44	4.33	7.5	2
0.4522	0.3641	0.1837	3	3.3	2.4	2
0.3069	0.5216	0.1714	1.57	4	6	1
0.0988	0.4707	0.4305	3.3	3.4	2.2	2
0.7066	0.2588	0.0346	1.91	3.6	4	1
0.7052	0.1307	0.1641	2.4	3.4	2.88	1
0.9412	0.0495	0.0093	1.17	7.5	15	1
0.4785	0.4348	0.0868	2.2	3.3	3.4	2
0.1863	0.5895	0.2242	1.83	3.5	4.5	1
0.8357	0.0777	0.0866	3.5	3.4	2.1	2
0.6374	0.0727	0.2899	1.53	4.2	6	1
0.5008	0.1775	0.3217	1.29	5.5	11	3
0.5026	0.0554	0.442	3.5	3.4	2.1	3
0.7276	0.2353	0.0371	1.25	5.5	13	1
0.5217	0.3758	0.1025	2.1	3.4	3.5	1
0.5903	0.0741	0.3356	9	4.75	1.36	1
0.2667	0.3229	0.4104	7	4.5	1.44	3
0.0988	0.1374	0.7638	6	4.2	1.53	3
0.2928	0.6259	0.0813	1.5	4.2	6.5	2
0.3799	0.4352	0.185	1.91	3.5	4	1
0.5524	0.4374	0.0103	2.1	3.4	3.5	1
0.8952	0.0566	0.0482	1.22	6.5	13	1
0.8416	0.1034	0.0551	1.25	6	12	3
0.4623	0.4198	0.1179	2	3.6	3.6	2
0.5199	0.4129	0.0672	2.3	3.3	3.2	2
0.2219	0.4959	0.2822	2.1	3.4	3.5	1
0.3924	0.1928	0.4148	2.2	3.3	3.4	2
0.7571	0.2247	0.0182	1.91	3.6	4	1
0.9075	0.0698	0.0227	1.67	3.75	5.5	1
0.4822	0.0279	0.4899	4	3.6	1.91	1
0.5348	0.1764	0.2889	1.44	4.33	7.5	3
0.6151	0.3695	0.0154	1.3	5	11	2
0.2348	0.0361	0.7291	12	6.5	1.22	3
0.3518	0.1056	0.5426	1.91	3.5	4	3
0.7418	0.0926	0.1656	1.83	3.5	4.5	1
0.2117	0.5167	0.2716	3.8	3.4	2	3
0.1448	0.3919	0.4634	4.33	3.6	1.83	2
0.4616	0.2531	0.2854	2	3.5	3.75	2
0.3189	0.5414	0.1397	1.53	4	6.5	2
0.1916	0.6155	0.193	2.1	3.4	3.5	2
0.3732	0.2463	0.3805	2.8	3.4	2.5	1
0.9212	0.0354	0.0433	1.4	4.5	8.5	1
0.766	0.2245	0.0095	1.36	5	8	1
0.4296	0.2205	0.3499	2.1	3.5	3.4	1
0.4496	0.1449	0.4055	1.62	4	5.5	3
0.1434	0.7472	0.1094	2.75	3.25	2.6	2
0.3148	0.0209	0.6643	4	3.6	1.91	3
0.6796	0.1281	0.1923	1.5	4.33	6.5	3
0.6957	0.2729	0.0313	1.22	6.5	12	2
0.5989	0.1497	0.2514	4.2	3.75	1.83	2
0.4037	0.3788	0.2175	2	3.5	3.75	2
0.4988	0.2252	0.276	1.83	3.6	4.33	1
0.8963	0.0783	0.0254	1.17	7	17	1
0.1712	0.1408	0.6881	5	4	1.67	3
0.6512	0.0552	0.2936	1.83	3.75	4.2	1
0.3009	0.1757	0.5234	5	3.75	1.7	2
0.1277	0.463	0.4093	2.4	3.5	2.88	3
0.6507	0.0829	0.2664	2.1	3.5	3.4	1
0.8131	0.1764	0.0105	1.3	5.5	10	1
0.8689	0.0818	0.0493	2.2	3.5	3.2	1
0.9219	0.0253	0.0528	1.13	9	19	1
0.3594	0.1733	0.4673	2.2	3.4	3.25	1
0.5642	0.2899	0.1458	2.38	3.5	2.88	2
0.4389	0.1483	0.4128	7	4.5	1.44	3
0.6646	0.2594	0.0761	3.4	3.5	2.1	1
0.66	0.1939	0.1461	1.4	4.5	8.5	1
0.0714	0.4316	0.497	5	4	1.67	3
0.8549	0.07	0.0751	1.57	4	6	1
0.5447	0.263	0.1923	1.4	4.5	8.5	2
0.6316	0.3418	0.0266	1.8	3.6	4.5	1
0.8827	0.0857	0.0316	2.5	3.4	2.75	1
0.3912	0.1779	0.4309	2	3.4	3.8	3
0.502	0.253	0.245	2.38	3.25	3.1	2
0.4415	0.1445	0.414	4.2	3.5	1.91	1
0.8076	0.0628	0.1296	2.2	3.3	3.4	1
0.9502	0.0325	0.0173	1.17	7	17	1
0.0862	0.231	0.6828	6	3.75	1.62	3
0.7895	0.1016	0.1089	4.33	3.6	1.83	1
0.7412	0.2183	0.0405	1.25	5.5	13	1
0.0347	0.7619	0.2034	2.9	3.4	2.4	3
0.815	0.1515	0.0335	1.5	4.33	6.5	1
0.4874	0.1764	0.3362	1.29	5.5	11	1
0.1365	0.222	0.6414	2.25	3.4	3.2	2
0.3106	0.1288	0.5606	2.1	3.4	3.5	3
0.3368	0.1717	0.4916	2.1	3.3	3.6	1
0.0408	0.2097	0.7496	1.5	4.33	6.5	2
0.3475	0.1401	0.5124	3.1	3.4	2.3	2
0.2398	0.4279	0.3323	3.5	3.4	2.1	2
0.9092	0.0464	0.0444	1.18	7	15	1
0.6178	0.3646	0.0176	2.2	3.3	3.4	2
0.5307	0.3188	0.1505	1.36	5	8.5	2
0.5734	0.0879	0.3387	3	3.3	2.38	1
0.6759	0.2031	0.121	2.5	3.25	2.88	1
0.7157	0.0762	0.2081	2.25	3.25	3.3	2
0.2913	0.3434	0.3653	2	3.5	3.75	3
0.556	0.2605	0.1835	1.62	3.75	6	2
0.3011	0.0438	0.6551	6	4.2	1.53	3
0.1963	0.6636	0.1401	1.36	5	8.5	1
0.1372	0.7078	0.155	2.38	3.25	3.1	1
0.4378	0.0246	0.5376	2.1	3.4	3.5	1
0.8395	0.105	0.0555	1.25	6	12	1
0.0473	0.8392	0.1136	2.38	3.4	3	2
0.0992	0.1441	0.7568	4.5	3.5	1.83	2
0.2298	0.5497	0.2205	5	3.6	1.73	2
0.3258	0.3557	0.3185	3.4	3.3	2.2	2
0.5856	0.1299	0.2844	3.75	3.5	2	3
0.6387	0.3018	0.0595	1.73	3.6	5	2
0.6524	0.1941	0.1535	1.36	4.75	9	1
0.6346	0.1814	0.1839	2.4	3.3	3	1
0.5617	0.0626	0.3757	3	3.3	2.4	3
0.5864	0.4069	0.0067	1.73	3.75	4.75	1
0.8169	0.1402	0.0429	2.1	3.3	3.6	2
0.0986	0.0724	0.829	2.4	3.3	3	3
0.1831	0.163	0.6539	2.7	3.3	2.63	3
0.7279	0.1767	0.0953	1.75	3.6	4.75	2
0.5909	0.3784	0.0308	1.8	3.6	4.5	1
0.7785	0.2053	0.0162	1.44	4.33	7.5	1
0.0992	0.3048	0.596	2.1	3.4	3.5	3
0.8157	0.1748	0.0096	1.4	4.75	8	1
0.6054	0.1384	0.2562	4.33	3.6	1.83	3
0.8884	0.056	0.0556	1.57	4	6	3
0.3533	0.0323	0.6144	4.75	3.75	1.73	3
0.4309	0.1568	0.4123	2.88	3.3	2.5	2
0.7329	0.0748	0.1923	1.91	3.4	4.2	1
0.6204	0.1366	0.243	2	3.4	3.8	1
0.2383	0.2842	0.4776	2.4	3.3	3	2
0.1119	0.2316	0.6565	2.05	3.4	3.75	3
0.2909	0.6497	0.0593	1.22	6.5	12	1
0.7551	0.2312	0.0137	1.29	5.5	11	1
0.2685	0.6299	0.1017	1.91	3.6	4	2
0.7163	0.2609	0.0228	1.83	3.75	4.2	1
0.2868	0.5375	0.1757	4	3.6	1.91	3
0.0439	0.5668	0.3893	4.2	3.4	1.91	2
0.5683	0.339	0.0927	1.44	4.33	7.5	2
0.0984	0.443	0.4586	4.2	3.75	1.83	3
0.1449	0.4189	0.4362	2.75	3.3	2.6	2
0.8281	0.1151	0.0568	1.44	4.33	7.5	1
0.445	0.1299	0.4251	1.8	3.6	4.5	1
0.4346	0.5175	0.0479	1.33	5	10	1
0.8459	0.098	0.0561	1.29	5.5	11	1
0.3798	0.2536	0.3667	6	4.2	1.53	1
0.6972	0.0689	0.234	2.1	3.4	3.5	1
0.3922	0.1897	0.4181	2.5	3.4	2.75	3
0.0346	0.3981	0.5673	5	3.75	1.7	3
0.7136	0.2782	0.0082	1.83	3.75	4.2	1
0.1721	0.5351	0.2929	3.25	3.4	2.2	2
0.2849	0.6099	0.1052	2.5	3.3	2.88	2
0.2607	0.6994	0.0399	1.36	5	8.5	1
0.4017	0.4795	0.1187	2	3.5	3.75	2
0.9254	0.0297	0.0449	1.22	6	15	1
0.5192	0.0911	0.3898	2.75	3.4	2.5	2
0.6287	0.1462	0.2251	1.95	3.3	4.2	2
0.6683	0.0311	0.3005	2.25	3.4	3.2	1
0.409	0.4222	0.1688	2.4	3.4	2.9	3
0.7517	0.2011	0.0472	2.6	3.3	2.75	2
0.7076	0.1947	0.0977	2	3.5	3.75	1
0.1109	0.1085	0.7806	4.2	3.75	1.83	3
0.2069	0.2534	0.5397	2.75	3.4	2.5	2
0.7961	0.0742	0.1296	1.7	3.8	5	1
0.4446	0.3439	0.2115	2.6	3.3	2.75	1
0.3026	0.6054	0.092	2.1	3.3	3.6	3
0.1691	0.1594	0.6715	4.5	3.6	1.8	2
0.5913	0.0726	0.3361	1.5	4.33	6.5	3
0.0868	0.3827	0.5305	5	3.8	1.7	2
0.5959	0.2729	0.1312	1.57	4	6	2
0.0635	0.8296	0.1068	1.8	3.6	4.5	2
0.7605	0.2336	0.0059	1.73	3.75	4.75	1
0.1368	0.6523	0.211	1.53	4.2	6	2
0.4366	0.2774	0.286	7	4.5	1.44	3
0.7881	0.0871	0.1247	1.44	4.2	8	1
0.1666	0.8099	0.0235	2.25	3.4	3.2	2
0.1933	0.6225	0.1843	2.38	3.5	2.88	2
0.6465	0.2861	0.0673	1.91	3.4	4.2	1
0.5243	0.1461	0.3296	2.3	3.4	3.1	3
0.845	0.1364	0.0185	1.95	3.5	4	2
0.6197	0.362	0.0183	1.57	4	6	1
0.2563	0.5862	0.1575	1.95	3.6	3.8	3
0.8558	0.1041	0.0401	1.91	3.75	3.8	1
0.6953	0.2155	0.0893	1.44	4.33	7.5	1
0.8503	0.1395	0.0102	1.2	6.5	15	1
0.3817	0.4798	0.1385	1.91	3.6	4	3
0.3039	0.1526	0.5435	7	4.5	1.44	1
0.4792	0.4252	0.0956	1.91	3.6	4	3
0.5521	0.1891	0.2588	4.33	3.6	1.83	1
0.5989	0.3231	0.0781	3.75	3.5	2	1
0.296	0.2355	0.4686	1.67	3.75	5.25	3
0.5188	0.4215	0.0597	2	3.4	3.8	2
0.4942	0.2485	0.2573	4.75	3.75	1.73	2
0.3295	0.6563	0.0142	1.44	4.33	7.5	2
0.8575	0.1082	0.0342	1.17	7.5	15	1
0.3537	0.5093	0.137	2.2	3.3	3.4	1
0.0774	0.5986	0.324	2.5	3.3	2.88	3
0.6161	0.2235	0.1603	1.83	3.6	4.33	1
0.3382	0.3576	0.3043	2.5	3.5	2.7	2
0.6181	0.0211	0.3607	2.3	3.5	3	1
0.3402	0.6078	0.052	3.4	3.5	2.1	2
0.6342	0.1017	0.2641	1.67	3.75	5.5	1
0.6774	0.1537	0.1689	1.95	3.4	4	1
0.6464	0.0867	0.2669	2.25	3.25	3.3	2
0.0418	0.6911	0.2671	1.44	4.5	7	2
0.3827	0.1946	0.4227	2.5	3.4	2.75	2
0.7809	0.1274	0.0917	1.22	6.5	12	1
0.2945	0.6806	0.0249	2	3.4	3.8	2
0.1264	0.1145	0.7592	1.91	3.4	4.2	1
0.6378	0.2417	0.1205	2.3	3.4	3.1	1
0.7709	0.0573	0.1718	2.4	3.4	2.88	1
0.116	0.1469	0.7371	6	4.2	1.53	3
0.7306	0.2231	0.0463	1.44	4.5	7	3
0.105	0.2092	0.6858	2.88	3.3	2.5	3
0.743	0.1011	0.1559	1.4	4.5	8.5	1
0.5513	0.3251	0.1236	1.5	4	7	2
0.2247	0.7181	0.0572	1.95	3.5	4	2
0.0355	0.2403	0.7242	7.5	4.75	1.4	3
0.7256	0.1848	0.0895	2.1	3.25	3.75	3
0.5248	0.1856	0.2896	4	3.5	1.91	1
0.6675	0.2003	0.1322	2.1	3.3	3.6	1
0.6755	0.194	0.1305	2	3.4	3.75	1
0.6437	0.1193	0.237	1.5	4.33	6.5	1
0.4566	0.4551	0.0883	2.4	3.2	3.1	2
0.2012	0.338	0.4609	1.91	3.6	4	1
0.329	0.1048	0.5662	4.75	3.5	1.8	3
0.5191	0.1793	0.3017	1.8	3.6	4.5	3
0.1657	0.3027	0.5316	2.3	3.4	3.1	2
0.4828	0.2644	0.2528	2	3.5	3.75	1
0.1913	0.4565	0.3522	2.2	3.5	3.2	3
0.4247	0.0111	0.5642	3	3.3	2.38	3
0.4845	0.397	0.1185	1.91	3.6	4	1
0.5873	0.2691	0.1435	2	3.5	3.75	1
0.6225	0.1558	0.2217	1.36	4.75	9	3
0.8685	0.1282	0.0033	1.2	6.5	15	1
0.3435	0.015	0.6416	5.5	3.75	1.67	3
0.458	0.5223	0.0197	2.2	3.4	3.25	1
0.8219	0.0449	0.1332	2.4	3.4	2.88	1
0.4186	0.4564	0.125	3.1	3.2	2.4	2
0.7731	0.1293	0.0976	1.62	4	5.5	1
0.4512	0.5151	0.0337	2	3.5	3.75	2
0.2134	0.1625	0.6241	5.5	4	1.62	3
0.7743	0.1053	0.1205	1.53	4	6.5	1
0.9114	0.0584	0.0302	1.14	8	19	1
0.1909	0.4441	0.365	2.1	3.4	3.5	1
0.1417	0.3834	0.4749	2	3.5	3.75	3
0.6061	0.1473	0.2466	1.62	3.75	6	2
0.3882	0.2971	0.3147	1.91	3.6	4	1
0.1549	0.5317	0.3134	2.88	3.25	2.5	3
0.1047	0.299	0.5962	4.75	3.75	1.73	3
0.8286	0.0034	0.168	1.33	5.5	8.5	1
0.2432	0.2378	0.519	5	4	1.67	2
0.5079	0.3868	0.1053	3.75	3.5	2	3
0.6327	0.1846	0.1827	1.44	4.5	7	1
0.1673	0.7765	0.0562	1.85	3.6	4.2	2
0.8149	0.129	0.0561	1.22	6.5	13	1
0.04	0.283	0.677	6	3.75	1.62	3
0.6909	0.1211	0.1881	2.2	3.4	3.25	3
0.0464	0.5569	0.3967	2.9	3.4	2.38	2
0.2398	0.4554	0.3048	3.4	3.2	2.25	1
0.199	0.1289	0.6721	6.5	4	1.53	1
0.448	0.0656	0.4864	1.44	4.5	7	1
0.5069	0.1692	0.3239	2.4	3.25	3	3
0.4383	0.2031	0.3585	2.1	3.4	3.5	3
0.9116	0.0721	0.0163	1.3	5.5	10	1
0.0585	0.0494	0.8921	6	4	1.57	3
0.2332	0.1633	0.6035	2.88	3.25	2.5	1
0.087	0.8377	0.0754	1.8	3.5	4.75	2
0.1684	0.2412	0.5904	3.5	3.4	2.1	3
0.0218	0.5394	0.4388	2.88	3.3	2.5	3
0.1518	0.1156	0.7326	4	3.5	1.91	3
0.2821	0.5921	0.1258	1.29	5.5	11	1
0.1257	0.0713	0.803	5	3.75	1.7	2
0.2885	0.558	0.1535	1.57	4	6	2
0.9415	0.0236	0.0349	1.33	5	10	1
0.7334	0.0494	0.2173	2	3.5	3.75	3
0.3994	0.5476	0.0529	2.1	3.4	3.5	1
0.2079	0.0417	0.7504	6	4.2	1.53	3
0.7132	0.0459	0.2409	1.2	6.5	15	3
0.8701	0.0433	0.0865	1.4	4.5	8.5	1
0.2293	0.1428	0.6278	3	3.4	2.38	3
0.3448	0.1768	0.4784	2.55	3.5	2.9	3
0.4735	0.3405	0.186	1.57	4.2	6.5	2
0.4547	0.4853	0.06	2.05	3.5	4	2
0.2977	0.5393	0.163	2.2	3.6	3.4	2
0.6293	0.0221	0.3486	4.5	3.8	1.85	2
0.3998	0.2358	0.3644	3	3.4	2.5	1
0.0566	0.4516	0.4918	4.33	3.5	1.95	3
0.6431	0.2255	0.1313	2.38	3.3	3.3	1
0.1952	0.0843	0.7205	2.63	3.5	2.8	3
0.7391	0.1524	0.1085	1.91	3.8	4.2	1
0.2315	0.6563	0.1122	1.25	6.5	15	2
0.692	0.1791	0.129	1.33	5.5	10.5	1
0.6835	0.1171	0.1994	1.25	6.5	14	1
0.3848	0.5708	0.0444	1.75	4	5	3
0.5042	0.2284	0.2674	2.2	3.4	3.6	1
0.3408	0.5053	0.1539	1.75	4	5	2
0.7429	0.1965	0.0606	2.1	3.5	3.75	2
0.3897	0.2856	0.3247	2.15	3.4	3.8	3
0.9103	0.0565	0.0332	1.91	3.6	4	1
0.2806	0.3088	0.4106	2.9	3.6	2.5	2
0.8087	0.0912	0.1	3.6	3.5	2.05	2
0.6655	0.1299	0.2045	1.44	4.75	8	1
0.1797	0.2616	0.5586	2.9	3.4	2.6	3
0.6062	0.0688	0.325	7.5	4.5	1.5	2
0.2221	0.602	0.176	2.2	3.3	3.75	2
0.2208	0.4097	0.3695	2.5	3.4	3	2
0.0874	0.145	0.7676	2.4	3.5	3.1	2
0.4525	0.4288	0.1187	1.6	4.1	6.5	1
0.7172	0.0824	0.2003	2.2	3.5	3.5	1
0.9561	0.0378	0.0061	1.25	6.5	14	1
0.0619	0.3764	0.5617	4.75	3.75	1.83	2
0.2168	0.2855	0.4977	7.5	4.5	1.5	2
0.8114	0.0904	0.0983	1.44	4.5	9	1
0.1479	0.8048	0.0473	1.4	5	9	2
0.1455	0.162	0.6925	5.5	4.2	1.65	3
0.3858	0.0899	0.5243	4	3.6	2	1
0.5962	0.3872	0.0166	1.95	3.6	4.33	2
0.6418	0.0814	0.2768	2.5	3.4	3	1
0.3711	0.2406	0.3882	2.4	3.4	3.2	1
0.5399	0.0871	0.373	2.2	3.5	3.5	2
0.3545	0.6087	0.0368	1.83	3.9	4.5	2
0.2836	0.274	0.4424	3.6	3.4	2.2	3
0.4803	0.4822	0.0375	1.36	5.5	9.5	1
0.2993	0.2022	0.4985	2.3	3.4	3.4	2
0.3933	0.208	0.3987	5.75	4	1.67	1
0.2283	0.6614	0.1104	1.91	3.5	4.6	1
0.1421	0.3076	0.5503	4.5	3.6	1.91	3
0.7139	0.0862	0.1999	1.83	3.75	4.75	1
0.9302	0.0435	0.0263	1.67	4	5.75	1
0.5058	0.0743	0.4199	2.63	3.4	2.88	1
0.5737	0.4137	0.0126	1.75	3.9	5	1
0.4265	0.128	0.4455	1.4	5	9	3
0.7068	0.0796	0.2136	1.57	4.4	6	1
0.6943	0.2919	0.0138	1.33	5.5	11	1
0.7754	0.1555	0.0691	2.2	3.3	3.75	1
0.365	0.3445	0.2904	3.8	3.5	2.1	1
0.4121	0.2883	0.2996	7	4.33	1.53	3
0.173	0.4551	0.3719	2.63	3.4	2.88	3
0.24	0.4898	0.2702	2.05	3.5	4	1
0.4267	0.5542	0.0191	1.95	3.6	4.33	1
0.5678	0.0655	0.3667	2.2	3.5	3.2	1
0.3194	0.0901	0.5906	3.6	3.5	2.15	3
0.598	0.352	0.05	1.4	5	9	1
0.9341	0.0396	0.0264	1.38	5	10	1
0.4495	0.481	0.0695	1.33	5.5	11	1
0.7548	0.0148	0.2304	1.85	3.8	4.5	3
0.6479	0.2018	0.1503	2.15	3.25	4	3
0.2721	0.4967	0.2313	2.4	3.3	3.3	2
0.6195	0.2813	0.0992	2.1	3.6	3.75	1
0.3571	0.2452	0.3976	4.5	3.75	1.85	3
0.6874	0.0125	0.3002	2.3	3.6	3.25	1
0.2453	0.0868	0.6679	7.5	4.5	1.44	3
0.039	0.7609	0.2001	2.5	3.4	3	2
0.6857	0.1711	0.1432	2.25	3.4	3.5	1
0.1547	0.4494	0.3959	2.45	3.4	3.1	3
0.4704	0.1184	0.4112	2.45	3.3	3.2	1
0.5216	0.0037	0.4747	1.95	3.8	4	1
0.6172	0.2129	0.1698	1.83	3.7	4.8	1
0.0805	0.7122	0.2072	2.3	3.4	3.4	1
0.5021	0.1044	0.3935	3.9	3.6	2.05	1
0.9714	0.0141	0.0145	1.17	9	19	1
0.1354	0.1543	0.7103	4.2	3.8	1.91	1
0.1644	0.6051	0.2305	2.5	3.3	3.1	2
0.4549	0.2152	0.3298	3.4	3.5	2.25	3
0.8946	0.0678	0.0376	1.4	5	9	1
0.5925	0.3476	0.0599	2.05	3.5	4	2
0.9031	0.0593	0.0376	1.5	4.5	7.5	3
0.3358	0.1322	0.532	2.3	3.4	3.4	1
0.901	0.0176	0.0814	1.25	6.5	15	1
0.7743	0.1217	0.1039	1.57	3.9	7.5	1
0.9203	0.0658	0.0139	1.33	5.5	11	1
0.3952	0.1513	0.4536	3.5	3.5	2.2	1
0.4509	0.343	0.2061	6	4	1.65	3
0.6555	0.0958	0.2488	3.4	3.4	2.3	3
0.5965	0.1578	0.2457	2.3	3.4	3.4	1
0.7648	0.061	0.1742	1.95	3.6	4.33	1
0.0761	0.4268	0.497	5	4	1.75	3
0.6668	0.3132	0.02	2	3.6	4	1
0.656	0.1909	0.1531	2.63	3.3	2.9	2
0.4525	0.2961	0.2514	3.3	3.6	2.25	3
0.4453	0.3823	0.1724	2.1	3.4	4	3
0.269	0.0689	0.6621	4.1	3.7	1.95	3
0.8621	0.1187	0.0192	1.36	5	11	1
0.782	0.074	0.144	1.36	5.5	9	2
0.6256	0.0322	0.3422	2.1	3.5	3.8	1
0.1769	0.5576	0.2654	2.38	3.4	3.25	2
0.4312	0.3936	0.1752	2.2	3.4	3.6	2
0.6113	0.0588	0.3298	2.3	3.5	3.3	3
0.7378	0.0895	0.1727	1.25	6.5	14	1
0.4162	0.3087	0.2751	2.3	3.3	3.5	2
0.5465	0.4087	0.0448	1.44	4.75	8	1
0.1535	0.1232	0.7232	8	4.75	1.45	2
