0.9904	0.0066	0.003	1.72	3.5	4.75	1
0.7433	0.0039	0.2528	1.4	4	9	1
0.5035	0.0198	0.4767	2.05	3.2	3.6	2
0.003	0.0013	0.9956	1.83	3.25	4.5	3
0.0035	0	0.9965	1.72	3.4	5	3
0.9953	0.0003	0.0044	1.9	3.1	4.33	1
0.9977	0.0022	0.0001	3.4	3.2	2.15	1
0.0957	0.8971	0.0072	2.2	3.2	3.25	2
0.0064	0.0073	0.9864	7.5	4	1.44	2
0.1156	0.0119	0.8724	1.72	3.4	5	3
0	0.9997	0.0003	2.2	3.2	3.25	2
0.0017	0.9976	0.0007	1.66	3.6	5	2
0.3588	0	0.6412	3.2	3.1	2.25	3
0.0162	0.5235	0.4603	1.72	3.4	5	2
0.9442	0.0437	0.0122	1.16	6.5	15	1
0.0009	0.7374	0.2617	2.05	3.25	3.6	2
0.6762	0.3184	0.0054	2.1	3.25	3.4	2
0.0015	0.9984	0.0001	2.1	3.2	3.5	2
0.3272	0.5704	0.1024	2.87	3.25	2.37	3
0.2342	0.6352	0.1306	2.4	3.25	2.9	2
0.9968	0	0.0032	1.18	6.75	15	1
0.9904	0.0001	0.0094	1.5	4	6.75	1
0.281	0.0004	0.7185	2.1	3.3	3.5	1
0.0871	0.5719	0.341	2.3	3.1	3.25	1
0.0033	0.0115	0.9851	2.37	3.25	3	3
0.0442	0.9539	0.0019	3.1	3.25	2.3	2
0.2033	0.4611	0.3356	6.25	4	1.53	2
0.0019	0.0036	0.9945	1.9	3.3	4.2	1
0.9991	0.0007	0.0002	1.4	4.5	8	1
0.3554	0.3795	0.2652	1.66	3.75	5	1
0.2632	0.2362	0.5006	2.37	3.25	3	1
0.4823	0.4315	0.0862	2.37	3.25	3	2
0.366	0.6301	0.0039	1.72	3.4	5.25	1
0.0716	0.0023	0.9261	3	3.25	2.37	3
0.2292	0.1936	0.5772	2.1	3.2	3.6	2
0.0192	0.7183	0.2625	2.37	3.25	3	3
0.0005	0.9972	0.0023	6	3.6	1.61	2
0.9838	0.0161	0.0002	1.66	3.5	5.5	1
0.0416	0.889	0.0694	1.8	3.5	4.5	1
0.8505	0.0118	0.1376	1.44	4	8.5	3
0.0037	0.5797	0.4166	2.87	3.2	2.5	3
0.6939	0.2999	0.0063	1.33	4.75	10	1
0.0035	0.0491	0.9473	2	3.3	3.8	3
0.9559	0.0002	0.0439	2.05	3.3	3.6	1
0.0383	0.0014	0.9603	2.1	3.25	3.6	3
0.9743	0.0004	0.0253	1.72	3.5	5.25	1
0.2629	0.0014	0.7357	2.7	3.25	2.6	3
0.7193	0.0115	0.2692	1.44	4.2	7.5	1
0.987	0.0127	0.0003	1.25	5.5	12	1
0.0085	0.4286	0.5629	8	4.5	1.4	3
0.1615	0.5456	0.293	2.8	3.25	2.5	1
0.0173	0.4714	0.5113	2.1	3.25	3.5	3
0.4972	0.0304	0.4724	1.66	3.75	5	1
0.1513	0.4162	0.4325	2.2	3.3	3.2	1
0.411	0.0147	0.5743	1.83	3.4	4.5	1
0.0189	0.9061	0.075	5	3.6	1.72	3
0.4201	0.0012	0.5787	3	3.25	2.4	3
0.0031	0.3898	0.6071	1.72	3.5	5	3
0.9991	0.0006	0.0003	1.61	3.6	6	1
0.7401	0.2577	0.0022	1.57	3.75	6.25	3
0.0189	0.9308	0.0503	2	3.3	3.8	2
0.2405	0.3791	0.3804	1.44	4.2	7.5	1
0.4334	0.3513	0.2153	2.1	3.2	3.6	1
0.0015	0.9878	0.0107	2.4	3.25	2.9	2
0.453	0.0011	0.5459	2.8	3.25	2.5	1
0.9757	0.0002	0.0241	1.25	5.5	12	1
0.9924	0.0002	0.0073	2.1	3.3	3.5	1
0.5555	0.0128	0.4317	1.44	4.2	7.5	3
0.0102	0.9885	0.0013	1.44	4.2	7.5	1
0.1152	0.001	0.8838	3.6	3.3	2.05	1
0.0036	0.0003	0.9961	3.1	3.25	2.3	3
0.0074	0.0065	0.9861	5.75	3.7	1.61	3
0.4641	0.0031	0.5328	4.2	3.5	1.85	1
0.9477	0.0289	0.0235	2.37	3.25	3	1
0.3405	0.2606	0.3988	1.9	3.4	4	1
0.3677	0.6247	0.0076	2	3.3	3.75	2
0.9016	0.0293	0.0691	2	3.3	3.75	1
0.022	0.9169	0.0611	2.37	3.25	3	3
0.0015	0.0066	0.9918	2.25	3.25	3.2	3
0.1209	0.7106	0.1685	2.1	3.25	3.6	2
0.174	0.4022	0.4238	2.3	3.25	3.1	2
0.9154	0.0024	0.0822	1.3	5	11	1
0.9833	0.0104	0.0063	1.18	6.5	15	1
0.002	0.0019	0.9961	5	3.8	1.66	3
0.9812	0.0132	0.0055	2.3	3.25	3.1	1
0.0124	0.9816	0.006	1.8	3.6	4.2	2
0.8931	0.0009	0.1059	2.1	3.25	3.6	1
0.6438	0	0.3561	2.3	3.25	3.1	1
0.0413	0.0436	0.9151	2.4	3.3	2.87	1
0.2351	0.4737	0.2913	2.7	3.3	2.6	3
0.6854	0.1206	0.1941	2.3	3.3	3.1	1
0.5853	0.0436	0.3711	2.05	3.3	3.6	3
0.0041	0.0961	0.8998	2.15	3.2	3.5	1
0.9095	0.0776	0.0129	2.37	3.25	3	2
0.2645	0.3474	0.3881	2.3	3.2	3.1	2
0.1889	0.327	0.4841	2.6	3.3	2.7	3
0.9982	0.0017	0.0001	1.25	5.25	13	1
0.6242	0.2445	0.1313	1.57	3.8	6	2
0.0005	0.9976	0.002	7	4.33	1.44	2
0.2109	0.0008	0.7883	2.6	3.25	2.7	3
0.3281	0.0001	0.6718	2.8	3.25	2.5	1
0.0956	0.9031	0.0013	2	3.3	3.8	1
0.8153	0.1611	0.0235	2.05	3.3	3.6	3
0.9524	0.0467	0.0009	1.2	6	15	1
0.9876	0.0007	0.0117	2.62	3.25	2.62	1
0.0384	0.1418	0.8198	2.25	3.2	3.25	3
0.054	0.0584	0.8876	1.95	3.3	4	3
0.1153	0.8572	0.0275	2.4	3.25	2.9	2
0.0953	0.007	0.8977	1.57	3.6	6.5	3
0.0115	0.6439	0.3446	6	3.75	1.57	1
0.9982	0.0005	0.0014	1.44	4.2	7.5	1
0.0132	0.959	0.0278	3.75	3.3	2	2
0.006	0.4453	0.5487	2.62	3.3	2.62	1
0.6195	0.1431	0.2375	1.75	3.4	5	1
0.2233	0.7348	0.0418	2.3	3.3	3.1	3
0.9664	0.0051	0.0285	1.33	5	9	1
0.6038	0.3141	0.0821	2.37	3.3	3	1
0.9952	0.0029	0.0019	1.72	3.5	5	1
0.9686	0.005	0.0264	2.3	3.3	3.1	1
0.9985	0	0.0015	1.16	7	15	1
0.0042	0.9948	0.001	6	3.6	1.61	2
0.0214	0.0316	0.9469	1.61	3.5	6.25	3
0.7117	0.1672	0.1211	2.15	3.3	3.4	2
0.9993	0.0001	0.0006	1.53	3.8	6.5	1
0.0012	0.0771	0.9216	2.65	3.2	2.65	1
0.1972	0.1747	0.6281	2.45	3.25	2.87	3
0.9762	0.0037	0.0201	3	3.2	2.4	1
0.9467	0.0521	0.0012	1.4	4.5	8	2
0.6299	0.0005	0.3696	1.95	3.3	4	2
0.3702	0.1496	0.4802	3.75	3.25	2.05	1
0.4905	0.3612	0.1483	3.8	3.3	2	2
0.7835	0.0039	0.2126	1.33	4.75	10	1
0.105	0.6059	0.2891	3.25	3.3	2.2	3
0.2774	0.7218	0.0008	1.53	3.75	7	1
0.4268	0.001	0.5721	2.2	3.25	3.3	3
0.0145	0.9815	0.004	1.66	3.5	5.5	2
0.0217	0.9514	0.0269	2.5	3.25	2.8	1
0.608	0.0024	0.3896	1.61	3.6	6	3
0.9374	0.0016	0.061	3.1	3.3	2.3	1
0.9479	0.012	0.0401	2.9	3.3	2.37	2
0.0035	0.0276	0.9689	4	3.4	1.9	3
0.1232	0.0122	0.8646	2.8	3.25	2.5	2
0.988	0.0035	0.0085	2.4	3.3	3	1
0.8929	0.0002	0.1069	1.72	3.6	4.75	1
0.9564	0.0434	0.0003	1.2	6	15	1
0.992	0	0.008	2.4	3.3	2.87	3
0.3337	0.4762	0.1901	2.3	3.3	3.1	1
0.9761	0.0014	0.0224	1.44	4.2	7.5	1
0.862	0.1269	0.0111	1.53	4	6	3
0.0855	0.9056	0.0089	2.3	3.3	3.1	2
0.3785	0.6213	0.0002	1.36	4.5	9	1
0.9145	0.0104	0.0751	3.5	3.3	2.1	3
0.9695	0.0261	0.0044	2.05	3.3	3.6	1
0.2701	0.0003	0.7296	2.5	3.3	2.75	3
0.1988	0.7342	0.0669	2.4	3.3	2.9	2
0.0163	0.017	0.9668	2.05	3.3	3.6	2
0.7828	0.1662	0.0509	2.5	3.25	2.8	1
0.9992	0.0003	0.0006	1.28	5.25	11	1
0.2949	0.0028	0.7023	2.9	3.3	2.4	2
0.0085	0.9797	0.0117	2.9	3.3	2.4	2
0.0464	0.0046	0.949	2.4	3.3	2.9	3
0.742	0.0228	0.2352	1.61	3.6	5.75	1
0.0052	0.4688	0.526	2.1	3.3	3.5	2
0.0007	0.9989	0.0003	1.95	3.3	4	2
0.0024	0.2876	0.71	1.95	3.3	4	3
0.2797	0.0853	0.635	2	3.4	3.7	3
0.9522	0.0312	0.0165	2.8	3.25	2.5	3
0.6447	0.0505	0.3048	2.2	3.3	3.25	1
0.0001	0.999	0.0009	2.2	3.3	3.25	2
0.2198	0.0007	0.7795	1.53	3.8	6.5	2
0.2746	0.536	0.1894	2.3	3.3	3.1	1
0.0138	0.3252	0.661	4.75	3.5	1.75	3
0.0868	0.0002	0.913	1.95	3.4	3.9	3
0.2245	0.1267	0.6488	2.87	3.3	2.4	3
0.981	0.0012	0.0178	2.4	3.3	2.87	1
0.9801	0.0186	0.0014	1.33	4.75	10	1
0.0003	0.9989	0.0008	2.15	3.3	3.4	2
0.2035	0.6577	0.1388	2.05	3.25	3.75	1
0.8902	0.0079	0.102	1.61	3.4	6.5	1
0.722	0	0.278	1.33	4.75	9.5	2
0.0219	0.4027	0.5754	3	3.25	2.35	1
0.9928	0.0057	0.0016	1.18	6	19	1
0.9214	0.0681	0.0106	3.2	3.25	2.25	1
0.2329	0.0515	0.7156	2	3.3	3.75	1
0.3767	0.0739	0.5494	2.35	3.25	3	1
0.332	0.0001	0.6679	9	5	1.33	3
0.0106	0.1525	0.8369	2.25	3.25	3.2	3
0.9661	0.0196	0.0143	2	3.3	3.75	1
0.3479	0.2418	0.4104	1.57	3.75	6	1
0.3915	0.0683	0.5402	1.95	3.4	3.8	2
0.4243	0.007	0.5686	2.62	3.3	2.6	1
0.5115	0.3799	0.1086	2	3.3	3.75	1
0.9942	0.0031	0.0028	2.1	3.3	3.5	1
0.0067	0.0094	0.9839	2.75	3.3	2.5	3
0.8647	0.0029	0.1324	1.28	5.25	11	1
0.0439	0.019	0.9371	2.1	3.3	3.5	2
0.0094	0.0002	0.9904	3.2	3.25	2.25	2
0.3407	0.3887	0.2706	2.15	3.25	3.4	1
0.7548	0.2223	0.0229	2.4	3.25	2.9	1
0.0317	0.1945	0.7738	1.72	3.5	5	1
0.252	0.0044	0.7436	1.57	3.75	6	1
0.2546	0.2651	0.4802	5.5	3.5	1.66	2
0.1054	0.8934	0.0013	1.9	3.2	4.5	3
0.0215	0.9346	0.0439	2.5	3.3	2.75	1
0.0023	0.9972	0.0005	2.62	3.2	2.7	1
0.0431	0.9561	0.0008	1.72	3.5	5	3
0.9333	0.0131	0.0535	1.5	4	7	1
0.0059	0.9709	0.0232	2.4	3.3	2.87	3
0.3307	0.6622	0.0071	2.25	3.3	3.1	2
0.9456	0.0129	0.0416	1.61	3.6	6	3
0.0088	0.0001	0.9911	5	3.75	1.66	1
0.6279	0.1848	0.1873	2.05	3.25	3.75	3
0.5816	0.4183	0.0001	1.5	4	7	2
0.9727	0.0015	0.0257	1.22	5.5	15	1
0.4309	0.0001	0.569	2.1	3.3	3.5	3
0.4036	0.0008	0.5955	3.25	3.3	2.2	2
0.0352	0.2872	0.6776	3.25	3.3	2.2	3
0.6343	0.2104	0.1553	2.25	3.3	3.2	3
0.7084	0.283	0.0086	1.75	3.3	5.5	2
0.0672	0.8606	0.0722	1.83	3.4	4.5	1
0.7849	0.0983	0.1168	2.37	3.25	3	2
0.0076	0.0009	0.9915	3.1	3.3	2.3	3
0.4172	0.0041	0.5787	2.8	3.25	2.5	2
0.6713	0.313	0.0157	1.72	3.5	5	1
0.5516	0.0832	0.3652	1.61	3.6	6	3
0.0001	0.9935	0.0064	2	3.3	3.8	2
0.1102	0.7426	0.1472	2.37	3.25	3	1
0.8295	0.1005	0.07	1.3	5	10	1
0.0008	0.5952	0.404	2.5	3.25	2.8	3
0.6213	0.0014	0.3774	1.72	3.5	5	1
0.0045	0.0278	0.9677	4.75	3.5	1.8	1
0.4738	0.1372	0.3891	2.5	3.3	2.75	3
0.0266	0.9439	0.0295	3.75	3.3	2	3
0.9996	0.0002	0.0001	1.9	3.4	4	1
0.9501	0.0451	0.0048	1.61	3.75	5.5	3
0.5083	0.01	0.4817	2.4	3.4	2.8	2
0.0122	0.0019	0.9859	2.87	3.4	2.37	1
0.9526	0.033	0.0143	2.3	3.25	3.1	1
0.0892	0.4462	0.4647	2.25	3.25	3.2	2
0.6558	0.0138	0.3304	1.83	3.5	4.33	2
0.8373	0.1445	0.0182	1.7	3.5	5.25	1
0.7955	0.0596	0.1449	1.75	3.4	5.25	2
0.021	0.0105	0.9685	2.5	3.25	2.8	3
0.992	0.0066	0.0014	1.12	8	21	1
0.3487	0.1207	0.5306	2.4	3.3	2.87	1
0.2598	0.1433	0.5969	2	3.3	3.75	2
0.9085	0.0002	0.0913	2.37	3.25	3	3
0.4151	0.0041	0.5808	2.4	3.1	3.1	1
0.9599	0.0137	0.0263	1.33	4.5	11	3
0.7755	0.1611	0.0634	2.1	3.25	3.5	1
0.3508	0.2294	0.4198	3.75	3.4	2	1
0.2678	0.0083	0.724	2.4	3.3	2.87	1
0.3618	0.3209	0.3173	2.9	3.4	2.35	1
0.3086	0.0018	0.6896	4.33	3.4	1.83	3
0.6151	0.3525	0.0324	2.2	3.25	3.25	2
0.0337	0.9661	0.0003	1.83	3.4	4.5	1
0.0494	0.8378	0.1128	2.05	3.4	3.5	2
0.0053	0.9577	0.037	3.2	3.3	2.2	1
0.0296	0.1898	0.7806	2.3	3.25	3.1	3
0.7745	0.0026	0.223	1.7	3.6	5	2
0.8705	0	0.1295	1.5	3.75	7.5	1
0.4911	0.196	0.3128	2.6	3.25	2.65	1
0.9943	0.0008	0.0049	2.1	3.3	3.5	1
0.5702	0	0.4297	1.5	4.2	6	3
0.06	0.9263	0.0137	2	3.3	3.75	1
0.0024	0.0002	0.9974	2.75	3.25	2.5	3
0.0029	0.0003	0.9968	2.1	3.3	3.5	1
0.0197	0.5556	0.4247	2	3.3	3.75	1
0.997	0.0019	0.001	1.22	6	13	1
0.9424	0.006	0.0516	1.8	3.5	4.5	2
0.4335	0.2487	0.3179	2.25	3.25	3.2	3
0.4608	0.0009	0.5383	3.75	3.3	2	1
0.0056	0.0051	0.9893	1.9	3.4	4	1
0.2823	0.0041	0.7135	2.5	3.3	2.75	3
0.0683	0.1883	0.7435	4.75	3.5	1.75	2
0.987	0.0019	0.011	1.28	5.25	11	1
0.6097	0.1304	0.2599	2.1	3.25	3.6	1
0.3158	0.1389	0.5453	2.2	3.2	3.4	1
0.044	0.9389	0.0171	2.1	3.3	3.5	2
0.755	0.2128	0.0322	1.72	3.6	4.75	1
0.0196	0.5477	0.4326	2.2	3.3	3.25	1
0.7718	0.0056	0.2226	1.85	3.6	4	3
0.499	0.3344	0.1666	2.2	3.3	3.25	1
0.2747	0.1433	0.5819	1.22	6	12	1
0.0033	0.0205	0.9761	4.75	3.6	1.72	3
0.0152	0.9519	0.0329	3.1	3.25	2.3	1
0.6682	0.0001	0.3317	2.05	3.3	3.6	3
0.9792	0.0016	0.0192	1.5	3.8	7.25	3
0.5007	0.3752	0.1241	1.9	3.4	4	1
0.9194	0.0517	0.029	1.8	3.6	4.33	2
0.0694	0.6233	0.3074	4.75	3.6	1.72	1
0.6454	0.1933	0.1613	2	3.4	3.75	1
0.1342	0.0055	0.8603	1.57	3.75	6	1
0.0419	0.0267	0.9314	2.1	3.3	3.5	3
0.6476	0.3304	0.0219	2.2	3.2	3.4	3
0.9975	0.0025	0	1.8	3.4	4.75	1
0.4236	0	0.5764	1.85	3.4	4.33	1
0.0072	0.0017	0.9912	2.37	3.3	2.9	2
0.2014	0.6331	0.1654	1.9	3.4	4	3
0.9577	0.0316	0.0107	2.35	3.3	3	1
0.574	0.0048	0.4213	3.4	3.4	2.1	2
0.1262	0.0172	0.8566	1.85	3.5	4.2	3
0.852	0.0519	0.096	2.2	3.25	3.3	1
0.0003	0.9908	0.0089	1.61	3.75	5.5	1
0.724	0.0127	0.2633	1.33	4.75	9.5	2
0.0618	0.0015	0.9367	2.9	3.3	2.37	3
0.0025	0.0001	0.9973	2.9	3.3	2.37	1
0.2879	0.2632	0.4489	2	3.3	3.8	3
0.1297	0.027	0.8433	2.1	3.4	3.4	1
0.3735	0.3015	0.325	1.95	3.3	4	3
0.0304	0.0463	0.9233	4.5	3.75	1.72	2
0.0106	0.2808	0.7086	2.1	3.3	3.5	3
0.0129	0.9858	0.0014	3.2	3.25	2.25	1
0.9468	0.0011	0.0521	1.44	4.2	7.5	3
0.4599	0.0141	0.5259	2.25	3.25	3.2	3
0.7439	0.2187	0.0374	2.62	3.25	2.62	2
0.0625	0.7998	0.1377	2.1	3.4	3.4	1
0.2877	0.6824	0.0299	2.8	3.4	2.4	3
0.6997	0.2663	0.034	1.22	6	12	1
0.0064	0.0049	0.9887	2.62	3.3	2.62	2
0.3651	0.3593	0.2755	1.61	3.6	6	3
0.9025	0.0633	0.0342	1.53	3.75	7	2
0.0148	0.0049	0.9803	1.5	3.8	7.5	3
0.0014	0.4818	0.5168	1.75	3.5	4.75	1
0.9207	0.0081	0.0711	2.37	3.3	2.9	1
0.005	0.5237	0.4713	3.25	3.3	2.2	1
0.0074	0.9921	0.0005	2.62	3.3	2.6	3
0.4186	0.0002	0.5812	2.2	3.3	3.25	3
0.4044	0.0007	0.5949	2.9	3.25	2.4	3
0.3225	0.0018	0.6757	1.66	3.5	5.5	1
0.7237	0.0253	0.251	2.87	3.3	2.4	1
0.0075	0	0.9925	4.5	3.7	1.75	2
0.4559	0.0003	0.5438	2.75	3.3	2.5	3
0.0437	0.0425	0.9139	2.3	3.3	3	2
0.2819	0.0559	0.6622	2.9	3.3	2.37	2
0.1906	0.4875	0.3219	2.3	3.25	3.1	1
0.933	0.0012	0.0658	1.4	4.33	8.5	1
0.4001	0.0062	0.5938	1.53	3.8	6.5	1
0.3746	0.5106	0.1148	1.83	3.6	4.2	1
0.0035	0.0308	0.9656	2.1	3.3	3.5	1
0.5557	0.0064	0.4379	1.57	3.6	6.5	1
0.0052	0.6042	0.3907	2.05	3.3	3.6	1
0.0112	0.0112	0.9776	2.2	3.3	3.25	2
0.8603	0.0128	0.127	2.2	3.3	3.25	3
0.165	0.561	0.274	1.66	3.75	5	1
0.0801	0.145	0.7749	3.4	3.4	2.1	2
0.0193	0.0028	0.9779	3	3.2	2.37	3
0.5616	0	0.4383	1.4	4.33	8.5	1
0.0528	0.0624	0.8848	1.44	4.33	7	1
0.8465	0.1186	0.035	1.72	3.6	4.75	1
0.582	0.3852	0.0328	2.25	3.25	3.2	2
0.9295	0.0397	0.0309	1.85	3.4	4.33	1
0.9925	0.0008	0.0067	1.33	4.5	11	1
0.3416	0.1418	0.5166	2.1	3.3	3.5	1
0.0004	0.9977	0.0019	3	3.2	2.37	3
0.985	0.0079	0.0071	2.25	3.2	3.25	1
0.8443	0.0765	0.0792	3	3.2	2.37	3
0.0851	0.0103	0.9045	2.7	3.25	2.6	3
0.2199	0.7763	0.0038	2.1	3.3	3.5	1
0.587	0.361	0.0519	3.4	3.25	2.15	3
0.0022	0.9975	0.0003	2.62	3.3	2.6	3
0.6709	0.0015	0.3275	2.6	3.3	2.62	2
0.4441	0.0002	0.5557	1.57	3.8	6.5	1
0.8606	0.023	0.1164	1.57	3.75	6	3
0.1299	0.0477	0.8224	3.4	3.4	2.1	3
0.3515	0.0405	0.608	5	3.5	1.72	3
0.0213	0	0.9787	1.36	4.2	9	1
0.9609	0.0188	0.0202	2.1	3.25	3.6	2
0.7272	0.2685	0.0043	1.57	3.75	6	1
0.0096	0.3217	0.6687	1.9	3.6	3.8	2
0.0085	0.0538	0.9377	5.5	4	1.57	3
0.0024	0.0032	0.9944	2.1	3.3	3.5	3
0.3953	0.114	0.4907	1.95	3.4	3.75	2
0.399	0.0004	0.6007	2.37	3.3	2.9	3
0.743	0.1221	0.135	2.4	3.6	2.7	1
0.9856	0	0.0143	1.14	7.5	16	1
0.0692	0.0323	0.8985	2.1	3.1	3.8	2
0.992	0.0027	0.0053	2.25	3.5	3	1
0.7222	0.0002	0.2776	1.44	4.33	7	1
0.5447	0.0206	0.4347	2.6	3.1	2.8	1
0.0027	0.0163	0.981	2	3.3	3.8	1
0.4555	0	0.5445	1.7	3.6	5.25	1
0.0135	0.9308	0.0557	2	3.3	3.8	3
0.9997	0.0001	0.0002	1.44	4.2	7.5	1
0.0284	0.3975	0.5741	2	3.25	3.8	3
0.4494	0.006	0.5447	3.5	3.3	2.1	1
0.9996	0.0001	0.0003	7	4	1.5	1
0.3007	0.0002	0.6992	2.8	3.3	2.5	2
0.0119	0.0038	0.9843	2.8	3.3	2.5	2
0.0017	0.0004	0.9979	2.62	3.3	2.62	3
0.6183	0.2867	0.095	1.29	5	12	2
0.012	0.9659	0.0221	3.2	3.4	2.2	1
0.5487	0.0023	0.4489	2.75	3.3	2.5	2
0.0771	0.7447	0.1782	2.1	3.3	3.5	2
0.9607	0.018	0.0213	2.5	3.25	2.8	2
0.6474	0.0012	0.3514	2.2	3.2	3.4	2
0.4105	0	0.5895	1.25	5.5	12	1
0.7428	0.2037	0.0535	2.3	3.3	3.1	3
0.9999	0	0.0001	1.33	5	9	1
0.8011	0.0002	0.1987	2	3.25	4	1
0.5779	0.0003	0.4218	1.5	3.8	7.25	1
0.4774	0.071	0.4517	2.1	3.3	3.5	2
0.9893	0.0106	0.0001	1.83	3.5	4.33	1
0.8975	0.0881	0.0144	2	3.3	3.75	1
0.0148	0.1143	0.8709	3.1	3.25	2.3	2
0.6027	0.0092	0.3881	1.91	3.3	4.2	2
0.003	0.0006	0.9964	3	3.4	2.3	3
0.2532	0.117	0.6299	3.4	3.4	2.1	3
0.0063	0.0003	0.9934	7.5	3.8	1.5	3
0.9691	0.0112	0.0196	1.62	3.75	5.5	1
0.0315	0.9499	0.0186	1.2	6	15	1
0.1429	0.785	0.0721	2.9	3.25	2.4	3
0.389	0.0011	0.61	2.25	3.25	3.2	2
0.9977	0	0.0023	1.17	6.5	17	1
0.8665	0.0126	0.1209	1.62	3.6	6	1
0.9668	0.0255	0.0077	1.57	3.75	6	1
0.0014	0.6032	0.3954	3.75	3.3	2	3
0.9994	0.0003	0.0003	1.85	3.4	4.33	1
0.0102	0.592	0.3979	2.35	3.25	3	2
0.3808	0.0009	0.6183	2.1	3.3	3.5	1
0.0201	0.3236	0.6563	4.33	3.6	1.8	3
0.275	0.5056	0.2194	4.5	3.5	1.8	3
0.0013	0.0001	0.9986	5.5	3.75	1.62	3
0.1388	0.2115	0.6496	1.8	3.5	4.5	1
0.5297	0.3132	0.1571	2.2	3.25	3.3	3
0.4872	0.0405	0.4724	2.05	3.3	3.6	3
0.8874	0.0969	0.0157	2.5	3.25	2.8	1
0.0655	0.5858	0.3487	2.38	3.25	3	2
0.2002	0.1826	0.6171	2.2	3.1	3.5	3
0.9924	0.0064	0.0012	1.67	3.6	5.25	1
0.2218	0.1088	0.6694	1.62	3.6	6	1
0.98	0.012	0.008	1.57	3.6	6.5	1
0.9756	0.0006	0.0238	2	3.4	3.75	2
0.9988	0.0002	0.001	1.73	3.5	5	1
0.9756	0.0006	0.0238	1.62	3.6	6	3
0.0067	0.2519	0.7414	2.05	3.25	3.75	3
0.987	0.0058	0.0072	1.33	5	9	2
0.1831	0.0029	0.814	2.1	3.25	3.6	3
0.9976	0.0007	0.0017	1.44	4.2	7.5	1
0.0002	0.0076	0.9922	3.3	3.25	2.2	3
0.0294	0.0195	0.9511	2.9	3.3	2.4	3
0.0157	0.0598	0.9245	2.75	3.3	2.5	2
0.7338	0.259	0.0072	2.7	3.25	2.6	3
0.1474	0.0088	0.8438	6	4	1.53	3
0.2019	0.2255	0.5727	2	3.3	3.8	1
0.0053	0.0194	0.9752	2.5	3.25	2.8	1
0.2019	0.3066	0.4916	2.15	3.25	3.4	2
0.9912	0.0038	0.005	2.62	3.25	2.62	1
0.9993	0	0.0007	1.33	4.6	10	1
0.9069	0.0757	0.0174	1.83	3.4	4.5	2
0.6284	0.3502	0.0214	1.22	5.75	13	1
0.1792	0.5826	0.2382	2.3	3.2	3.2	3
0.0125	0.9166	0.0709	1.91	3.3	4.2	1
0.0247	0.0004	0.9749	1.73	3.5	5	3
0.3156	0.4053	0.2791	2.38	3.2	3	1
0.8718	0.1206	0.0076	2.5	3.25	2.8	1
0.9616	0.0382	0.0002	1.25	5.5	11	1
0.0405	0.0884	0.8711	4	3.4	1.91	2
0.9997	0	0.0003	1.36	4.75	8.5	3
0.9927	0.0008	0.0065	2.05	3.4	3.6	2
0.003	0.0577	0.9393	3.25	3.3	2.2	3
0.0384	0.0494	0.9123	1.53	4	6	1
0.0246	0.2017	0.7737	9	4.5	1.36	3
0.9284	0.0447	0.0268	1.36	4.5	9	3
0.4332	0.0226	0.5442	5.5	3.5	1.67	2
0.0582	0.6212	0.3206	1.91	3.3	4.2	3
0.2808	0.4381	0.2811	2	3.3	3.8	1
0.0019	0.7904	0.2077	2.5	3.25	2.8	2
0.9943	0	0.0057	2.1	3.4	3.4	1
0.0015	0.7981	0.2005	3.2	3.25	2.25	1
0.7895	0.2056	0.005	1.17	6.5	18	1
0.9989	0.0003	0.0008	1.22	6	13	1
0.0334	0.8986	0.068	2.9	3.3	2.4	3
0.469	0.0445	0.4865	2.15	3.3	3.4	1
0.6707	0.3057	0.0236	2.1	3.3	3.5	2
0.0275	0.1169	0.8557	2.6	3.25	2.75	3
0.4751	0.059	0.4659	3.2	3.3	2.25	2
0.9922	0.0013	0.0066	2	3.3	3.75	1
0.9998	0.0001	0.0002	1.36	4.5	9	1
0.1901	0.4303	0.3795	1.53	3.75	7	1
0.1463	0	0.8536	1.36	4.75	8.5	3
0.0051	0.6503	0.3445	4.2	3.3	1.91	1
0.0143	0.981	0.0046	2	3.3	3.8	1
0.067	0.0158	0.9173	2.1	3.3	3.5	1
0.4943	0.004	0.5017	1.62	3.75	5.5	1
0.5214	0.3386	0.1399	1.91	3.4	4	1
0.107	0.0016	0.8914	1.73	3.5	5	3
0.2409	0.3471	0.412	2.88	3.3	2.4	3
0.0052	0.4097	0.5851	3.4	3.4	2.1	2
0.0052	0.0431	0.9517	9	5	1.33	3
0.9953	0.0037	0.001	1.3	5.5	9	1
0.89	0.0015	0.1085	2.2	3.25	3.3	2
0.9877	0.0004	0.012	1.44	4	8	3
0.6007	0.3885	0.0107	1.18	7	15	2
0.3667	0.5902	0.0431	2	3.3	3.8	1
0.4666	0.0017	0.5318	2.1	3.4	3.4	2
0.002	0.9894	0.0086	3.6	3.5	2	2
0.2995	0.0276	0.6729	2.25	3.2	3.25	1
0.5471	0.4451	0.0077	2.1	3.25	3.6	1
0.0103	0.0002	0.9895	2.4	3.2	3	3
0.2554	0.1822	0.5624	3.5	3.3	2.1	1
0.4881	0.0026	0.5093	3.4	3.5	2.1	3
0.8826	0.0839	0.0335	2.1	3.3	3.5	3
0.987	0	0.013	1.85	3.5	4.2	1
0.9893	0.0003	0.0104	1.57	3.8	6	1
0.0038	0.0013	0.9949	2.1	3.3	3.5	3
0.0648	0.4407	0.4945	2.2	3.25	3.25	1
0.1638	0.7397	0.0964	3.5	3.3	2.1	3
0.85	0	0.15	1.8	3.4	4.5	1
0.1118	0.3516	0.5366	2	3.3	3.8	1
0.04	0.8832	0.0768	1.53	4.2	6	1
0.0568	0.0061	0.9371	3.4	3.2	2.2	3
0.6302	0.2917	0.0782	1.73	3.6	4.75	2
0.4331	0.5592	0.0077	1.67	3.6	5.25	2
0.6217	0.3491	0.0293	1.91	3.4	4	1
0.8525	0.1437	0.0037	1.91	3.4	4	3
0.9776	0.0179	0.0045	2.4	3.4	2.8	1
0.0012	0.9583	0.0405	2.2	3.4	3.2	2
0.2595	0.0212	0.7193	2.1	3.4	3.4	3
0.1801	0.77	0.0499	2.1	3.25	3.6	2
0.3737	0.3417	0.2846	1.57	3.8	6	1
0.967	0.0074	0.0256	1.53	4	6	1
0.0066	0.0006	0.9928	2.2	3.3	3.25	2
0.9686	0	0.0314	2	3.3	3.8	1
0.6337	0.0026	0.3637	1.62	3.75	5.5	1
0.4392	0.2531	0.3077	1.85	3.4	4.33	1
0.999	0.0004	0.0005	1.95	3.3	4	1
0.7941	0.2035	0.0023	2.3	3.25	3.1	1
0.2049	0.5558	0.2392	2.05	3.3	3.6	1
0.0329	0.3696	0.5975	2.1	3.4	3.4	1
0.3909	0.4134	0.1958	3.4	3.4	2.1	3
0.1951	0.4794	0.3255	1.9	3.4	4	1
0.3698	0.28	0.3502	2.1	3.25	3.6	3
0.3331	0.0027	0.6642	1.72	3.5	5	1
0.2636	0.1632	0.5731	3.5	3.5	2.05	2
0.9632	0.0144	0.0224	2.5	3.4	2.75	1
0.0334	0.4725	0.4941	2.4	3.3	2.87	1
0.4424	0.5093	0.0484	2.05	3.4	3.6	2
0.9995	0.0001	0.0004	2.3	3	3.4	1
0.5115	0.0014	0.4871	4.2	3.75	1.8	3
0.9956	0.0017	0.0027	1.18	6.5	15	1
0.5084	0.0288	0.4628	2.1	3.4	3.4	1
0.0082	0.162	0.8298	2.37	3.3	3	1
0.9598	0.0074	0.0328	1.9	3.4	4	2
0.1329	0.0172	0.8499	2.1	3.3	3.5	3
0.9393	0.0004	0.0602	1.95	3.25	4.2	1
0.8371	0.0666	0.0963	1.75	3.75	4.5	1
0.985	0.0013	0.0137	2.1	3.3	3.5	1
0.9126	0.0393	0.0481	1.36	4.5	9	2
0.0197	0.0034	0.9769	2	3.4	3.75	3
0.662	0.0057	0.3323	2.7	3.2	2.7	3
0.1712	0.0009	0.8279	2	3.3	3.8	2
0.8194	0.0031	0.1775	1.62	3.6	6	3
0.0262	0.3324	0.6415	2	3.4	3.7	3
0.003	0.0012	0.9958	2.05	3.5	3.6	2
0.168	0.3592	0.4728	4.75	3.5	1.75	3
0.9207	0.0754	0.0039	2.5	3.3	2.8	1
0.0079	0.0605	0.9316	8	4.5	1.4	3
0.5624	0.3442	0.0934	1.91	3.4	4	2
0.9907	0.0001	0.0092	2.38	3.1	3.2	1
0.7231	0.0991	0.1778	1.25	5.5	12	1
0.9965	0.0028	0.0007	1.33	4.75	9.5	1
0.0033	0.8936	0.1031	3	3.4	2.3	2
0.5202	0.3001	0.1797	3	3.4	2.3	1
0.3671	0.0001	0.6328	2.2	3.3	3.3	3
0.1489	0.1281	0.723	2	3.4	3.75	1
0.9989	0.0007	0.0004	1.25	5.5	12	1
0.9803	0.0003	0.0194	2.25	3	3.5	1
0.2446	0.3358	0.4196	2.05	3.4	3.5	3
0.8748	0.1246	0.0006	1.44	4.2	7.5	1
0.8192	0.0012	0.1796	1.14	7.5	18	1
0.4269	0.2277	0.3454	1.5	4	7	2
0.0659	0.9331	0.0009	2.4	3.3	2.87	1
0.9795	0	0.0205	1.9	3.3	4	1
0.0316	0.1265	0.8419	2.7	3.4	2.5	2
0.1437	0.0529	0.8034	3.2	3.3	2.25	1
0.3721	0.0001	0.6278	1.4	4.5	7.5	1
0.851	0.0159	0.1331	2.5	3.25	2.8	1
0.5	0.4669	0.0331	1.53	3.8	6.5	3
0.9779	0.0023	0.0198	2.05	3.4	3.6	2
0.1075	0.2973	0.5953	2	3.5	3.6	1
0.0357	0.0076	0.9566	6.5	3.6	1.57	3
0.6635	0.0058	0.3308	1.53	3.8	7.5	3
0.1631	0.7509	0.086	2.1	3.4	3.4	2
0.151	0.0054	0.8436	2	3.4	3.75	2
0.4851	0.0054	0.5095	2.5	3.4	2.75	1
0.9478	0.0176	0.0346	2	3.25	4	1
0.003	0.9553	0.0417	7.5	3.75	1.5	3
0.0085	0.0003	0.9913	3.75	3.25	2.05	1
0.1915	0.107	0.7015	1.61	3.6	6	1
0.5729	0.0001	0.427	1.4	4.33	8.5	1
0.8931	0.0352	0.0717	1.75	3.5	4.75	3
0.9943	0	0.0057	1.16	6.5	17	1
0.7226	0.0135	0.2639	1.9	3.4	4	2
0.199	0.0027	0.7983	2.05	3.4	3.6	1
0.0788	0.41	0.5112	2.4	3.3	2.87	2
0.0856	0.1364	0.778	2.62	3.3	2.62	1
0.441	0.0095	0.5495	2.87	3.4	2.37	3
0.004	0.0049	0.9911	2.1	3.4	3.4	1
0.9446	0.0036	0.0518	1.5	4	7	1
0.0088	0.0413	0.9499	6.5	4	1.53	2
0.864	0.0033	0.1327	2.05	3.25	3.75	2
0.2784	0.4847	0.2369	1.73	3.6	4.75	2
0.3059	0.0498	0.6443	2.2	3.4	3.25	1
0.4734	0.5242	0.0024	1.8	3.4	4.5	2
0.8393	0.009	0.1517	1.73	3.5	5	2
0.4305	0.0632	0.5063	3.1	3.3	2.3	3
0.0306	0.0009	0.9686	2.3	3.3	3.1	3
0.4139	0.2343	0.3518	2.4	3.3	3	2
0.0613	0	0.9387	5.5	3.75	1.62	3
0.952	0.0455	0.0025	1.22	5.75	13	3
0.9981	0.0005	0.0014	1.44	4.33	7	1
0.4183	0.1383	0.4433	2	3.3	3.75	1
0.9981	0.0006	0.0013	1.57	3.8	6	1
0.2236	0.1232	0.6532	2.1	3.3	3.5	2
0.0697	0.0453	0.8851	2.4	3.25	2.9	2
0.3347	0.1885	0.4768	2.5	3.25	2.8	1
0.0195	0.976	0.0045	1.72	3.5	5	1
0.9181	0.0014	0.0805	2.1	3.25	3.6	2
0.0043	0.0339	0.9618	2.2	3.25	3.25	3
0.3543	0.0411	0.6045	2.75	3.25	2.6	3
0.1295	0.0105	0.8601	4.5	3.5	1.8	3
0.0399	0.9398	0.0202	2.2	3.25	3.4	1
0.5154	0.0839	0.4007	3.75	3.6	1.9	1
0.1514	0.563	0.2857	2.5	3.25	2.8	2
0.8698	0.1251	0.0051	1.8	3.5	4.5	3
0.0013	0.0001	0.9985	2.62	3.25	2.62	3
0.0392	0.9577	0.0031	2.4	3.2	3.1	2
0.9893	0	0.0107	2.3	3.25	3.1	3
0.9745	0.023	0.0026	1.8	3.4	4.75	3
0.9269	0.001	0.0722	1.28	5.5	9.5	1
0.9951	0.0033	0.0016	1.72	3.6	4.75	2
0.2415	0.7095	0.0491	1.8	3.4	4.75	1
0.3022	0.2243	0.4735	2.2	3.3	3.3	3
0.5027	0.137	0.3603	2.2	3.2	3.4	1
0.5588	0.0789	0.3622	2.3	3.25	3.1	2
0.0311	0.0003	0.9686	3.4	3.4	2.1	1
0.2358	0	0.7642	1.66	3.4	6	3
0.1987	0.3647	0.4367	2.3	3.3	3.1	3
0.4135	0.0381	0.5485	1.72	3.6	4.75	1
0.0026	0.0024	0.995	3.75	3.4	2	3
0.0502	0.8967	0.0531	1.91	3.4	4.33	2
0.0267	0.5454	0.4279	5.75	3.8	1.6	3
0.1697	0.6594	0.1709	2.05	3.4	3.6	1
0.0344	0.8991	0.0665	2.1	3.3	3.5	2
0.5589	0.0471	0.394	2.1	3.3	3.5	2
0.5651	0.0135	0.4214	2.8	3.3	2.5	2
0.0951	0.0046	0.9003	1.8	3.4	4.75	1
0.9763	0.0001	0.0236	2.62	3.2	2.7	1
0.2809	0.443	0.276	2.05	3.4	3.6	1
0.6431	0.0006	0.3562	1.66	3.6	5.5	1
0.9817	0.0178	0.0005	1.72	3.6	4.75	1
0.7919	0.0364	0.1717	1.22	6	13	1
0.0065	0.9929	0.0006	2	3.3	3.8	1
0.508	0.3209	0.1711	2.2	3.3	3.25	2
0.0129	0.9831	0.004	3	3.4	2.3	1
0.0048	0.0001	0.9951	2.35	3.25	3	1
0.643	0.0054	0.3517	2.15	3.25	3.4	1
0.7568	0.2361	0.0071	1.3	5.25	9.5	1
0.8536	0.1382	0.0082	2.4	3.25	2.9	3
0.1519	0.4245	0.4236	2.4	3.2	3	1
0.5718	0.2441	0.1841	2	3.4	3.6	1
0.9927	0.0044	0.0028	1.61	3.75	5.5	2
0.0013	0.0077	0.9911	4.75	3.6	1.72	3
0.0085	0.0049	0.9865	3.6	3.4	2	3
0.1002	0.2588	0.641	6	4	1.53	3
0.195	0.4319	0.373	1.66	3.6	5.25	3
0.1887	0.2026	0.6087	2.4	3.2	3	1
0.0183	0	0.9817	2.62	3.25	2.62	3
0.1868	0.6879	0.1253	1.85	3.5	4.2	1
0.9864	0.0129	0.0008	1.14	7.5	17	1
0.4999	0.4836	0.0165	2.1	3.3	3.5	3
0.271	0.3505	0.3785	2.5	3.4	2.75	3
0.0922	0.8904	0.0175	2.1	3.4	3.4	1
0.9849	0.0017	0.0134	2.5	3.25	2.8	2
0.9918	0.0011	0.0071	2.1	3.25	3.6	1
0.759	0.0431	0.1979	1.29	5.5	10	1
0.09	0.6534	0.2566	2	3.4	3.75	3
0.7269	0.0068	0.2663	1.53	3.75	7	3
0.9833	0.0002	0.0165	3.6	3.2	2.1	3
0.2609	0.1276	0.6114	2.15	3.4	3.3	3
0.0232	0.9731	0.0037	1.33	4.75	9.5	1
0.0997	0.6266	0.2737	7	4.33	1.44	3
0.2751	0.349	0.3759	2	3.4	3.7	2
0.0057	0.0017	0.9926	6	3.8	1.57	3
0.0614	0.0125	0.9262	2.25	3.25	3.2	1
0.9807	0.0185	0.0009	1.67	3.6	5.25	1
0.0296	0.1318	0.8387	2.15	3.25	3.4	1
0.1442	0.1825	0.6732	2.1	3.4	3.4	1
0.4861	0.0732	0.4407	2.3	3.4	3	2
0.0041	0.0075	0.9884	2.62	3.4	2.6	3
0.8967	0.0916	0.0118	1.25	5.5	12	1
0.5729	0.0035	0.4235	1.36	4.75	8	1
0.0504	0.3947	0.5549	2.9	3.25	2.4	3
0.3277	0.1458	0.5265	2	3.3	3.75	1
0.6226	0.0076	0.3698	2.15	3.3	3.3	3
0.8113	0.0778	0.1108	2.05	3.3	3.6	1
0.0046	0.052	0.9435	2.87	3.3	2.4	1
0.9887	0.0006	0.0107	2.65	3.3	2.6	3
0.9589	0.0094	0.0318	1.65	3.6	5.5	1
0.01	0.0001	0.9898	1.66	3.6	5.5	1
0.0135	0.2665	0.72	2.1	3.3	3.5	2
0.4445	0.4215	0.134	4	3.4	1.9	2
0.0788	0.4153	0.5059	2.1	3.25	3.6	1
0.999	0.0003	0.0008	1.4	4.5	8	1
0.084	0.8072	0.1088	2.2	3.25	3.3	1
0.043	0.8411	0.1159	2.5	3.25	2.8	3
0.0567	0.1302	0.8131	2.37	3.25	3	3
0.4537	0	0.5462	2.62	3.3	2.6	3
0.0005	0.9992	0.0002	2.1	3.3	3.5	2
0.003	0.0014	0.9957	3.1	3.4	2.25	1
0.611	0.2529	0.136	2.5	3.4	2.75	3
0.5874	0.0071	0.4055	2.37	3.4	2.87	3
0.1637	0.5056	0.3307	2.87	3.4	2.37	3
0.2633	0.0467	0.69	2.87	3.4	2.37	1
0.5463	0.0817	0.372	1.75	3.5	4.75	1
0.9586	0.0374	0.004	2.1	3.3	3.5	1
0.0649	0.0019	0.9332	1.75	3.5	4.75	3
0.6647	0.204	0.1314	2.25	3.1	3.2	3
0.0053	0.0001	0.9946	2.62	3.3	2.62	2
0.7633	0.0224	0.2143	3	3.2	2.4	1
0.2458	0.0817	0.6725	1.53	3.8	6.5	1
0.0707	0.06	0.8693	2.3	3.4	3	1
0.0964	0	0.9036	2	3.4	3.75	1
0.4624	0.0052	0.5324	1.73	3.6	4.75	1
0.8542	0.0033	0.1426	1.33	4.75	9	2
0.4529	0.389	0.158	2.1	3.25	3.6	1
0.0103	0.7512	0.2385	2.1	3.3	3.5	1
0.7506	0.047	0.2023	2.5	3.25	2.8	3
0.009	0.0248	0.9661	1.8	3.6	4.33	2
0.9636	0.0233	0.0131	1.85	3.5	4.2	2
0.5385	0.0138	0.4477	2.88	3.3	2.4	2
0.0535	0.0055	0.941	2.25	3.5	3	1
0.1076	0.0004	0.892	2.2	3.5	3.1	1
0.319	0.127	0.554	1.6	4	5.25	1
0.4752	0.3425	0.1823	1.62	3.8	5.5	1
0.2516	0.0282	0.7202	5.25	3.75	1.6	1
0.1238	0.0089	0.8673	2.38	3.25	3	1
0.9789	0	0.0211	1.8	3.6	4.5	1
0.0031	0.0015	0.9955	2.4	3.3	2.88	1
0.9367	0.0044	0.0589	2.8	3.3	2.5	3
0.2134	0.0008	0.7857	4	3.75	1.83	3
0.7301	0.2634	0.0065	2	3.5	3.6	3
0.0054	0.0008	0.9938	1.67	3.75	5	1
0.2891	0.6887	0.0222	2.5	3.3	2.75	2
0.1172	0.0013	0.8815	2.1	3.4	3.4	3
0.4672	0.0009	0.5318	1.67	3.75	5	1
0.0101	0.0033	0.9866	2.38	3.25	3	3
0.6467	0.0004	0.3529	2.25	3.5	3	1
0.5587	0.2202	0.2211	1.5	4.33	6	3
0.9302	0.0117	0.0581	1.25	5.25	13	1
0.1799	0.4729	0.3472	2	3.6	3.4	2
0.2268	0.0197	0.7535	3.4	3.3	2.15	3
0.2791	0.4462	0.2747	1.36	4.75	8.5	1
0.6974	0.302	0.0006	1.83	3.6	4.2	2
0.9815	0	0.0185	1.91	3.6	3.8	1
0.0071	0.0035	0.9893	4.2	3.6	1.83	3
0.0033	0.0027	0.994	1.7	4	4.33	1
0.6115	0.0003	0.3881	3.3	3.3	2.15	2
0.0098	0.0012	0.989	1.33	5	8.5	1
0.4468	0.0001	0.5531	1.25	5.5	13	1
0.9982	0.0016	0.0002	1.91	3.4	4.2	1
0.9829	0.0002	0.0169	2.1	3.3	3.5	2
0.2791	0.0046	0.7163	2.1	3.3	3.5	1
0.0086	0.0328	0.9587	3.4	3.4	2.1	1
0.9996	0.0001	0.0003	1.91	3.4	4.33	1
0.367	0.4611	0.1719	2.88	3.2	2.5	2
0.5893	0.1981	0.2126	2.15	3.3	3.4	3
0.577	0.0485	0.3745	2.25	3.3	3.2	1
0.9964	0.0009	0.0027	1.17	8	13	1
0.999	0	0.001	1.44	4.33	7	2
0.8497	0.0001	0.1502	6	3.8	1.57	3
0.2973	0.0148	0.688	6.5	4.2	1.5	3
0.5299	0.01	0.4601	1.57	3.8	6	1
0.6824	0.2021	0.1155	1.83	3.5	4.33	1
0.3867	0.0009	0.6124	2.38	3.25	3	1
0.5916	0.0001	0.4082	2.38	3.25	3	1
0.0483	0.0048	0.9469	3.4	3.4	2.1	3
0.8615	0.0094	0.1291	1.57	3.8	6	2
0.0007	0.0002	0.9991	2.75	3.2	2.63	3
0.2227	0.008	0.7692	1.33	5	8.5	1
0.4208	0.1263	0.4529	1.95	3.4	3.8	3
0.0392	0.909	0.0518	2.05	3.3	3.6	3
0.9943	0	0.0057	2	3.4	3.6	1
0.0882	0.7318	0.1799	3.25	3.25	2.25	3
0.3294	0.3591	0.3115	2.5	3.25	2.8	1
0.0196	0.0065	0.9739	2.63	3.25	2.63	1
0.9932	0	0.0068	1.13	8	21	1
0.8281	0.0012	0.1707	1.29	5.25	10	2
0.1206	0.0913	0.7881	2.1	3.3	3.5	3
0.0221	0.2172	0.7607	10	5	1.3	3
0.4346	0.0546	0.5108	1.44	4.2	7.5	1
0.9429	0.0542	0.0029	1.44	4.33	7	2
0.9807	0	0.0193	2	3.4	3.75	1
0.0973	0.0002	0.9025	3	3.3	2.35	1
0.8945	0.0003	0.1053	2.6	3.25	2.7	1
0.0015	0.9963	0.0022	2.15	3.3	3.4	3
0.6308	0.0838	0.2853	5.5	3.8	1.6	3
0.0016	0.0001	0.9983	2.88	3.25	2.45	3
0.0027	0.995	0.0023	2.25	3.4	3.1	2
0.113	0.0002	0.8869	2.9	3.3	2.4	3
0.0102	0.3529	0.637	11	5	1.29	3
0.8793	0	0.1207	1.11	8.5	21	1
0.3165	0.0681	0.6154	1.91	3.4	4	2
0.3079	0.1303	0.5618	2.25	3.25	3.2	2
0.7586	0.2406	0.0008	1.53	4	6	2
0.2638	0.3957	0.3405	2.4	3.3	2.9	1
0.9111	0.0127	0.0762	1.85	3.4	4.2	1
0.0049	0.0322	0.9629	1.91	3.4	4	1
0.2632	0.5213	0.2155	2.2	3.25	3.3	1
0.4449	0.3944	0.1607	1.57	3.8	6	1
0.9442	0.0542	0.0017	1.08	10	26	1
0.0039	0.0001	0.996	2.5	3.3	2.75	3
0.5252	0.0009	0.474	2.05	3.3	3.6	1
0.9655	0.0015	0.033	3.4	3.4	2.1	3
0.7693	0	0.2307	3.75	3.5	1.95	1
0.3466	0.032	0.6214	2.45	3.3	2.8	1
0.0873	0.0175	0.8952	2.4	3.3	2.88	2
0.5322	0.0567	0.4112	1.73	3.6	4.75	2
0.0081	0.9856	0.0063	2.4	3.3	2.88	2
0.339	0.1137	0.5473	3.6	3.3	2.1	1
0.6963	0.0172	0.2865	1.17	7	15	1
0.1993	0.7322	0.0685	4.75	3.75	1.7	2
0.8005	0.0223	0.1771	1.83	3.5	4.33	3
0.9949	0.0017	0.0035	1.83	3.4	4.5	1
0.3967	0.0053	0.598	2.1	3.2	3.3	3
0.4955	0.0382	0.4663	2.15	3.25	3.4	1
0.4347	0.1997	0.3656	2.75	3.3	2.5	1
0.8302	0.1617	0.0081	3.8	3.3	2	1
0.0557	0.937	0.0072	2	3.4	3.75	2
0.022	0.5089	0.4691	1.8	3.5	4.5	2
0.5669	0.0024	0.4307	1.44	4.33	7	2
0.4863	0.0018	0.512	7	4.33	1.44	2
0.1212	0.0214	0.8574	3.5	3.3	2.1	3
0.9752	0.0222	0.0026	1.1	9	21	1
0.7135	0.0257	0.2608	2	3.5	3.75	1
0.9878	0.0051	0.0072	2.3	3.3	3.1	2
0.99	0.0012	0.0087	1.91	3.3	4.2	1
0.027	0.0084	0.9646	2.6	3.2	2.75	1
0.3513	0.6157	0.033	1.62	3.75	5.5	1
0.266	0.0015	0.7324	2.6	3.25	2.7	1
0.2649	0.4475	0.2876	7.5	4.5	1.4	2
0.5528	0.0134	0.4338	1.44	4.2	7.5	1
0.0024	0.0017	0.996	5.5	3.75	1.62	3
0.4759	0.3024	0.2217	1.91	3.5	4	2
0.004	0.0053	0.9907	1.8	3.5	4.5	2
0.0022	0.0297	0.9681	3.8	3.6	1.91	3
0.7894	0.0729	0.1377	1.83	3.5	4.33	1
0.977	0.0021	0.0209	1.73	3.5	5	1
0.5858	0.4034	0.0107	2	3.4	3.75	1
0.0024	0.5843	0.4133	3.75	3.5	1.95	3
0.9129	0.0013	0.0858	1.17	7	15	1
0.0383	0.0012	0.9605	2.1	3.3	3.5	3
0.577	0.4226	0.0004	2	3.4	3.75	2
0.3769	0.0116	0.6115	2.5	3.25	2.8	1
0.1798	0.6082	0.2119	2.25	3.3	3.2	3
0.8776	0.0811	0.0413	1.67	3.7	5	1
0.2501	0.5001	0.2498	2.25	3.3	3.2	1
0.5219	0.4772	0.0009	1.5	4	6.5	1
0.0018	0.9841	0.0141	1.65	3.7	5.25	2
0.083	0.005	0.912	6.5	4	1.53	2
0.9461	0.0206	0.0332	2.5	3.3	2.75	1
0.9865	0.0101	0.0035	1.22	6	12	1
0.0021	0.0025	0.9954	5	3.5	1.73	3
0.8098	0.0584	0.1319	2.1	3.3	3.5	3
0.0097	0.0307	0.9596	2.3	3.4	3	2
0.8694	0.0448	0.0858	1.73	3.6	4.75	1
0.1192	0.0203	0.8605	3.25	3.3	2.2	3
0.1815	0.5162	0.3023	1.62	3.75	5.5	1
0.0008	0.996	0.0032	2.8	3.25	2.5	2
0.8745	0.1188	0.0067	1.25	5.5	12	2
0.1559	0.0619	0.7822	2.75	3.3	2.5	1
0.4708	0.3416	0.1876	1.53	4	6	2
0.4897	0.4961	0.0142	2.2	3.3	3.25	3
0.1404	0.5493	0.3103	1.75	3.5	4.75	1
0.5735	0.0511	0.3754	1.85	3.6	4	1
0.9871	0.0009	0.0121	1.5	4	6.5	1
0.0098	0.0157	0.9745	2.63	3.25	2.63	3
0.0085	0.9855	0.006	2	3.4	3.7	2
0.2596	0.2121	0.5282	2	3.4	3.7	3
0.0042	0.3332	0.6625	12	5.5	1.25	3
0.1144	0.7619	0.1237	5.5	3.8	1.62	3
0.9788	0.005	0.0163	1.17	6.5	17	1
0.9295	0.0653	0.0052	1.33	4.75	9.5	2
0.2534	0.5332	0.2134	4.6	3.6	1.75	3
0.4786	0.0088	0.5126	3.2	3.4	2.2	3
0.1145	0.6205	0.265	2	3.3	3.8	3
0.5158	0.0556	0.4286	2.3	3.3	3.1	2
0.9623	0.0034	0.0343	1.85	3.5	4.2	1
0.7819	0.1911	0.0271	2.1	3.3	3.5	1
0.9563	0.009	0.0347	1.75	3.6	4.6	1
0.9483	0.0408	0.0108	1.17	7	17	1
0.419	0.5177	0.0633	2.5	3.4	2.7	3
0.6544	0.2432	0.1024	2.2	3.3	3.3	3
0.4159	0.0005	0.5836	2.7	3.1	2.7	2
0.2369	0.2695	0.4937	2	3.5	3.6	3
0.997	0.0002	0.0028	1.75	3.6	4.75	1
0.5424	0.0928	0.3648	2.2	3.3	3.25	3
0.8891	0.106	0.0048	1.73	3.5	5	1
0.592	0.001	0.407	3.5	3.3	2.1	3
0	0.998	0.002	2	3.4	3.75	2
0.2276	0.2729	0.4995	2.1	3.3	3.5	1
0.9853	0.0122	0.0025	1.2	6.5	13	1
0.7949	0.0263	0.1787	1.6	3.6	6	3
0.1577	0.0261	0.8161	2.1	3.3	3.5	1
0.004	0.0221	0.9739	2.8	3.25	2.5	2
0.0274	0.9107	0.0619	2.5	3.3	2.75	1
0.0025	0.9564	0.0411	3.1	3.4	2.25	2
0.0008	0.1616	0.8376	2.1	3.3	3.5	1
0.7786	0.2116	0.0098	1.6	3.75	5.75	1
0.2783	0.0021	0.7196	2.63	3.3	2.63	1
0.9366	0.0001	0.0632	1.33	4.75	10	2
0.4209	0.4887	0.0904	1.44	4.33	7	1
0.7508	0.2471	0.0022	1.8	3.5	4.5	1
0.7431	0.0059	0.251	1.8	3.5	4.5	1
0.2169	0.1072	0.6759	2	3.5	3.6	1
0.0287	0.0894	0.882	7	4.33	1.44	2
0.9762	0.0043	0.0195	2	3.4	3.75	1
0.4686	0.2425	0.289	2	3.4	3.75	2
0.0605	0.5377	0.4018	2.6	3.25	2.7	2
0.3264	0.566	0.1076	1.55	3.75	6	3
0.4441	0.3649	0.191	2.5	3.3	2.75	3
0.9698	0.0003	0.0299	1.44	4.2	7.5	2
0.0126	0.9031	0.0843	2	3.3	3.75	1
0.4174	0.3949	0.1877	1.91	3.4	4	1
0.6796	0.0152	0.3052	2.4	3.3	2.88	2
0.9492	0.0087	0.042	1.29	5.25	10	1
0.0506	0.0025	0.9469	2.5	3.3	2.75	1
0.0069	0.4419	0.5511	7.5	4.5	1.4	3
0.0012	0.0041	0.9947	6	3.75	1.57	3
0.0142	0.1141	0.8717	6	3.8	1.57	1
0.8991	0.0026	0.0983	1.33	5	8.5	1
0.4562	0.1671	0.3766	2.05	3.25	3.75	1
0.0006	0.967	0.0324	1.95	3.4	3.8	2
0.8885	0.0925	0.019	1.57	3.8	6	1
0.6624	0.0039	0.3337	2.5	3.25	2.8	1
0.2488	0.1897	0.5615	2.15	3.25	3.4	1
0.943	0.0454	0.0116	2	3.3	3.6	2
0.3573	0.3605	0.2821	1.91	3.6	3.75	1
0.005	0.9904	0.0046	1.67	3.6	5.25	2
0.4111	0.2799	0.309	2.1	3.2	3.6	1
0.5953	0.0628	0.3419	1.44	4.2	7.5	1
0.006	0.7389	0.2551	10	5.25	1.29	3
0.2604	0.1909	0.5487	2.4	3.2	3	2
0.1598	0.0048	0.8354	2.5	3.2	2.88	1
0.9796	0.0196	0.0008	1.17	7	15	1
0.0153	0.0009	0.9838	2.35	3.3	3	3
0.0002	0.9202	0.0796	5.25	3.75	1.65	2
0.9474	0.0348	0.0178	1.44	4.2	7.5	1
0.0024	0.0032	0.9944	3.25	3.2	2.25	3
0.2476	0.1358	0.6165	2.25	3.25	3.25	1
0.717	0.0199	0.2631	4	3.4	1.85	3
0.0036	0.0041	0.9922	13	6.5	1.2	3
0.7701	0.0397	0.1902	1.5	4.2	6.5	3
0.4675	0.0001	0.5324	2	3.4	3.75	2
0.2795	0.3088	0.4117	2.25	3.4	3.2	1
0.0044	0.025	0.9705	2	3.4	3.75	3
0.4248	0.2646	0.3107	2.1	3.3	3.5	2
0.4904	0.3969	0.1127	1.57	3.75	6	3
0.0024	0.0244	0.9732	3.5	3.3	2.1	1
0.8969	0.0601	0.043	1.14	8	15	1
0.962	0.0001	0.0379	1.2	6.5	13	1
0.9265	0.0662	0.0073	1.36	5	7.5	1
0.2433	0.319	0.4377	2.1	3.3	3.5	1
0.9643	0.0356	0.0001	1.5	3.75	7.5	1
0.0043	0.9385	0.0572	2.3	3.25	3.1	2
0.0167	0.0059	0.9774	2.3	3.25	3.1	1
0.0208	0.1851	0.7941	1.8	3.5	4.5	1
0.1984	0.0918	0.7097	2.4	3.3	2.88	2
0.2402	0.0063	0.7535	3.5	3.3	2.1	1
0.3038	0.2757	0.4205	4.33	3.6	1.8	2
0.9138	0.0453	0.041	1.8	3.5	4.5	1
0.0062	0.0004	0.9935	13	5.5	1.25	3
0.5458	0.0001	0.4541	4.5	3.75	1.73	1
0.3673	0.273	0.3597	2.3	3.2	3.2	1
0.7603	0.1974	0.0424	1.67	3.5	5.25	2
0.05	0.9208	0.0292	2	3.3	3.75	3
0.3144	0.3215	0.3642	1.67	3.5	5.5	1
0.9958	0.001	0.0032	2.25	3.3	3.2	2
0.0022	0.0105	0.9873	2.5	3.2	2.88	1
0.6282	0.3506	0.0212	1.2	6.5	13	1
0.9947	0.0049	0.0004	1.53	3.75	7	1
0.6872	0.0047	0.3081	2.5	3.25	2.8	3
0.0023	0.8145	0.1832	2.7	3.4	2.5	1
0.024	0.0477	0.9283	1.73	3.5	5	1
0.5288	0.0024	0.4689	2.2	3.3	3.25	1
0.1272	0.8722	0.0007	1.85	3.4	4.33	2
0.9508	0.017	0.0322	1.3	5.5	9	1
0.0089	0.9894	0.0017	1.91	3.4	4	3
0.7232	0.0224	0.2544	1.57	4	5.5	1
0.5185	0.4783	0.0032	1.17	7	15	1
0.5557	0.3869	0.0574	1.91	3.4	4	3
0.0022	0.0269	0.9709	11	5.75	1.25	3
0.3587	0.0198	0.6215	2.5	3.3	2.75	1
0.0821	0.8748	0.0431	2.1	3.3	3.5	3
0.7692	0.0003	0.2305	1.67	3.75	5	2
0.7565	0.001	0.2425	2.38	3.25	3	1
0.1492	0.2737	0.5771	2.5	3.25	2.8	3
0.4559	0.2976	0.2466	1.91	3.4	4	1
0.0317	0.7995	0.1688	3	3.25	2.38	2
0.019	0.0511	0.9299	11	5.75	1.25	2
0.997	0.0027	0.0003	1.62	3.6	5.75	1
0.9011	0	0.0988	1.4	4.5	8	1
0.9866	0.0066	0.0068	1.67	3.6	5.25	1
0.1709	0.3643	0.4648	2.4	3.25	2.9	2
0.0826	0.9174	0	1.62	3.6	5.75	3
0.4679	0	0.5321	1.73	3.6	4.75	1
0.4029	0.0308	0.5663	2.2	3.25	3.25	2
0.2832	0.4255	0.2913	2.5	3.3	2.8	2
0.4908	0.0004	0.5088	1.57	3.8	6	2
0.2024	0.3519	0.4457	2.1	3.3	3.5	1
0.5659	0.1872	0.2469	1.62	3.6	5.5	2
0.2855	0.4016	0.3129	2.38	3.25	3	2
0.9382	0.0161	0.0457	2.1	3.3	3.5	1
0.2592	0.6077	0.1331	1.4	4.5	8	1
0.0063	0.9627	0.031	2.2	3.3	3.25	2
0.0022	0.0043	0.9935	2.2	3.3	3.25	1
0.0211	0.2127	0.7661	10	5.25	1.29	3
0.0227	0.0104	0.9669	1.36	4.5	9	1
0.543	0	0.4569	1.73	3.5	5	1
0.9059	0.0108	0.0833	2.1	3.3	3.5	2
0.16	0.0325	0.8074	3.2	3.3	2.25	1
0.9767	0.0047	0.0186	1.67	3.6	5.25	3
0.9869	0.0016	0.0115	1.13	8	19	1
0.0273	0.0052	0.9675	2.4	3.3	2.88	1
0.0983	0.8256	0.076	2.88	3.2	2.5	1
0.5946	0.0595	0.3459	2.1	3.3	3.5	1
0.0058	0.8287	0.1655	2	3.3	3.75	3
0.3012	0.6204	0.0784	1.57	3.75	6	1
0.1239	0.6851	0.191	11	5.25	1.29	3
0.9799	0.0193	0.0008	1.29	5.25	11	2
0.4064	0.5908	0.0028	2.4	3.3	2.88	1
0.005	0.7446	0.2505	2.05	3.3	3.6	1
0.9814	0.001	0.0176	1.13	8	19	1
0.2556	0.4077	0.3367	2.35	3.3	3	2
0.0128	0.0088	0.9784	2.88	3.3	2.4	2
0.918	0.0625	0.0194	1.5	4	7	1
0.1256	0.7922	0.0822	2.25	3.3	3.2	2
0.6107	0.0056	0.3836	1.85	3.5	4	1
0.3736	0.1172	0.5092	9	4.75	1.36	3
0.0263	0.9734	0.0003	1.91	3.4	4	2
0.2157	0.0004	0.7839	7.5	4.2	1.44	3
0.0094	0.8298	0.1608	2.9	3.3	2.38	1
0.4268	0.0032	0.57	1.91	3.4	4	2
0.869	0.0213	0.1097	2.1	3.3	3.5	3
0.1683	0.1191	0.7126	2.2	3.3	3.3	1
0.9901	0.0056	0.0044	1.3	5.25	10	1
0.1155	0.0003	0.8842	2.25	3.3	3.2	1
0.0033	0.991	0.0057	2.5	3.25	2.8	1
0.2342	0.6798	0.086	1.91	3.4	4	1
0.9799	0.0038	0.0163	1.17	7	15	1
0.9568	0.0429	0.0003	1.4	4.5	8	1
0.7489	0.2117	0.0394	1.85	3.4	4.2	1
0.6886	0.1882	0.1232	2.4	3.3	2.88	2
0.9736	0.0037	0.0226	1.83	3.5	4.33	1
0.1281	0.6793	0.1926	1.8	3.5	4.5	2
0.025	0.0098	0.9652	9.5	5.25	1.3	3
0.0041	0.9943	0.0015	1.73	3.5	5	2
0.9614	0.0055	0.0331	1.62	3.75	5.5	1
0.1522	0.6813	0.1665	2.88	3.3	2.4	3
0.3065	0.2399	0.4536	3.25	3.25	2.25	3
0.469	0.0164	0.5145	2.5	3.4	2.7	3
0.005	0.9551	0.0399	2	3.4	3.75	2
0.9428	0.0002	0.057	1.5	4	7	1
0.0987	0.2267	0.6746	2.8	3.25	2.5	3
0.0335	0.3401	0.6264	1.8	3.5	4.5	1
0.0264	0.4985	0.4751	2.5	3.25	2.8	1
0.9042	0.0309	0.0649	2	3.4	3.8	2
0.2648	0.0019	0.7334	2.38	3.25	3	1
0.172	0.6481	0.1799	2.25	3.25	3.2	1
0.0778	0.4363	0.4859	2.5	3.3	2.75	1
0.0915	0.0438	0.8647	1.91	3.4	4	3
0.1285	0.1276	0.7439	4	3.5	1.91	1
0.9971	0.0008	0.0021	1.36	4.5	9	3
0.9889	0.0073	0.0038	1.13	8.5	17	1
0.2146	0.103	0.6825	1.91	3.4	4	2
0.1052	0.8797	0.0151	2.1	3.3	3.5	1
0.3429	0.1252	0.5319	2.2	3.3	3.2	2
0.1409	0.2835	0.5755	10	5.5	1.29	3
0.3897	0.1989	0.4114	1.62	3.75	5.5	1
0.0653	0.6909	0.2438	9	5	1.33	2
0.6532	0.0621	0.2847	1.4	4.33	8.5	1
0.8253	0.0033	0.1714	1.83	3.5	4.33	1
0.5184	0.3565	0.1251	1.73	3.5	5	2
0.2808	0.0496	0.6696	1.91	3.4	4	2
0.7856	0.2069	0.0075	1.91	3.4	4	2
0.8602	0.0018	0.138	1.4	4.5	8	1
0.0172	0.1605	0.8223	2.4	3.3	2.88	1
0.0182	0.0532	0.9286	2.4	3.3	2.88	2
0.9001	0.0001	0.0999	1.62	3.6	6	1
0.9969	0.001	0.0021	1.1	8.5	29	1
0.8187	0.1808	0.0005	1.4	4.5	8	1
0.004	0.5184	0.4776	10	5.5	1.29	3
0.2141	0.6273	0.1586	2.2	3.2	3.4	3
0.3415	0.6564	0.002	1.8	3.5	4.5	1
0.6244	0.0042	0.3714	2.8	3.25	2.5	1
0.9575	0.025	0.0175	1.5	4	7	2
0.2538	0.4862	0.2599	3	3.25	2.38	3
0.6362	0.1431	0.2207	2.25	3.25	3.25	3
0.1773	0.4511	0.3716	2.5	3.25	2.8	2
0.1189	0.0283	0.8528	2.88	3.3	2.4	3
0.0302	0.887	0.0828	2.4	3.3	2.88	3
0.0906	0.8119	0.0975	1.83	3.5	4.33	2
0.0061	0.2932	0.7007	2.1	3.3	3.5	1
0.3748	0.1555	0.4697	2.4	3.3	2.88	2
0.4117	0.031	0.5573	5.5	3.8	1.57	3
0.0251	0.0193	0.9555	2.5	3.3	2.75	1
0.1056	0.8079	0.0866	2	3.4	3.75	3
0.9962	0.0002	0.0036	1.13	8	19	1
0.2275	0.2274	0.5451	1.36	5	8	1
0.4273	0.2446	0.3281	3.2	3.25	2.25	1
0.9978	0.0002	0.0021	1.06	11	29	1
0.9238	0.066	0.0101	1.57	3.8	6	2
0.997	0.0016	0.0014	1.25	5.75	11	1
0.128	0.6517	0.2203	1.8	3.5	4.33	2
0.3705	0.0095	0.62	2	3.5	3.6	1
0.3245	0.0038	0.6716	5.75	4.2	1.53	3
0.6707	0.2358	0.0934	1.73	3.6	4.75	1
0.3936	0.2247	0.3817	3.2	3.3	2.25	3
0.2625	0.5072	0.2304	1.75	3.75	4.75	1
0.7997	0.0085	0.1918	2.1	3.2	3.6	1
0.2532	0.5351	0.2118	1.8	3.5	4.5	1
0.0077	0.9452	0.0471	3.75	3.4	2	1
0.9961	0.0016	0.0023	1.11	9	19	1
0.0809	0.1535	0.7656	6	4.33	1.5	3
0.0075	0.0036	0.9889	1.67	3.8	5	2
0.0182	0.9817	0.0001	1.67	3.75	5	2
0.0093	0.3618	0.629	2.1	3.2	3.6	1
0.4265	0.0003	0.5732	1.73	3.8	4.5	1
0.0071	0.985	0.0079	3	3.25	2.38	1
0.268	0.0012	0.7309	6.5	4.5	1.44	3
0.6629	0.0504	0.2867	1.8	3.6	4.33	1
0.4829	0.0271	0.4901	4.75	4.2	1.65	3
0.246	0.3824	0.3716	1.29	5.5	9.5	1
0.3204	0.0901	0.5895	4	3.6	1.85	2
0.9916	0.0039	0.0045	1.04	13	34	1
0.0031	0.0072	0.9897	10	5.5	1.29	2
0.6188	0.326	0.0552	2.35	3.4	2.9	2
0.8692	0.1265	0.0043	1.3	5.25	9.5	1
0.8257	0.1731	0.0012	2.2	3.6	3	1
0.0013	0.0001	0.9985	2.5	3.25	2.8	3
0.0019	0.0019	0.9962	3.6	3.5	2	3
0.0076	0.3345	0.6579	2.88	3.3	2.4	3
0.2059	0.4698	0.3244	2.1	3.3	3.5	1
0.0587	0.4885	0.4529	2.1	3.3	3.5	2
0.2105	0.052	0.7375	8	4.75	1.36	2
0.6081	0.3174	0.0744	2	3.4	3.75	2
0.0036	0.0019	0.9946	15	6	1.2	3
0.3793	0.2032	0.4174	3	3.25	2.38	1
0.9787	0.0202	0.0011	1.53	4	6	1
0.2268	0.1844	0.5888	3	3.25	2.38	3
0.5106	0.001	0.4884	1.06	11	34	3
0.9947	0.0001	0.0052	1.17	6.5	17	1
0.971	0.003	0.026	1.44	4.33	7	1
0.8327	0.1494	0.018	1.57	3.8	6	1
0.9871	0.0085	0.0043	1.5	4	7	2
0.2348	0.3865	0.3787	2.4	3.3	2.9	1
0.8041	0.0371	0.1588	1.8	3.5	4.5	1
0.0601	0.9385	0.0014	1.91	3.4	4	3
0.0079	0.9788	0.0133	2.2	3.25	3.3	2
0.5569	0.3766	0.0666	2	3.3	3.75	1
0.8527	0.0046	0.1427	1.91	3.4	4	1
0.0172	0.7098	0.273	8.5	4.6	1.36	3
0.17	0.719	0.111	2.4	3.25	2.9	2
0.3271	0.0019	0.671	5	3.75	1.67	3
0.028	0.0001	0.972	3.5	3.2	2.15	3
0.0074	0.044	0.9486	3.75	3.3	2	3
0.1022	0.2435	0.6543	3.25	3.25	2.2	3
0.0757	0.6628	0.2615	2.25	3.2	3.25	1
0.2724	0.4951	0.2325	2.25	3.2	3.25	2
0.2663	0.4688	0.2649	1.91	3.4	4	1
0.3426	0.5202	0.1372	2.1	3.25	3.6	1
0.9772	0.0001	0.0226	1.17	7	15	1
0.6455	0.001	0.3535	1.75	3.5	4.75	3
0.9966	0.0014	0.0021	1.14	7	21	1
0.9791	0.0033	0.0176	2.1	3.25	3.5	2
0.0021	0.9892	0.0087	1.95	3.3	4	2
0.5748	0.3173	0.108	1.8	3.4	4.75	3
0.7219	0.2297	0.0485	1.5	4	7	2
0.9783	0.0013	0.0204	1.67	3.75	5	1
0.0292	0.0765	0.8943	6	3.8	1.57	3
0.0477	0.0384	0.9138	12	5.5	1.25	2
0.1969	0.2734	0.5297	3.25	3.3	2.2	3
0.5765	0.0298	0.3937	1.53	4	6	1
0.9316	0.0005	0.0678	2.2	3.3	3.25	1
0.9774	0	0.0226	3.5	3.3	2.1	1
0.0687	0.8672	0.0642	2.1	3.3	3.5	3
0.2346	0.4343	0.3311	2.05	3.3	3.6	1
0.4738	0.0095	0.5167	2.4	3.3	2.9	3
0.2454	0.515	0.2396	3	3.25	2.38	3
0.0736	0.0341	0.8923	2.2	3.25	3.25	1
0.8531	0.0988	0.0481	1.73	3.4	5.25	1
0.0062	0.847	0.1469	2.05	3.3	3.6	2
0.7857	0.0708	0.1435	2.2	3.25	3.25	2
0.9894	0.0003	0.0103	1.17	7	15	2
0.8414	0.1561	0.0026	2.05	3.3	3.6	1
0.9535	0.001	0.0455	1.73	3.5	5	2
0.989	0.0012	0.0098	1.17	7	15	1
0.3035	0.386	0.3105	2.1	3.3	3.5	1
0.9881	0.0036	0.0083	1.73	3.5	5	1
0.5428	0.0123	0.4449	1.8	3.5	4.5	1
0.3074	0.1143	0.5783	1.4	4.5	7.5	1
0.0053	0.4694	0.5253	8	4.5	1.4	3
0.2717	0.2969	0.4315	1.8	3.5	4.5	1
0.1426	0.0162	0.8412	2.3	3.2	3.2	2
0.3342	0.2653	0.4005	2.4	3.2	3	1
0.566	0.1139	0.32	1.91	3.4	4	3
0.5424	0.0204	0.4372	2.1	3.3	3.5	1
0.0622	0.0012	0.9366	3.4	3.4	2.1	1
0.0297	0.5281	0.4422	2.8	3.25	2.5	2
0.9958	0.0003	0.0039	1.14	7	21	1
0.9426	0.0266	0.0308	1.57	3.75	6	3
0.0043	0.0183	0.9774	11	5.75	1.25	3
0.0002	0.9983	0.0015	2.2	3.25	3.25	2
0.9503	0.0488	0.001	1.75	3.4	5	1
0.7682	0.2026	0.0292	1.73	3.5	5	1
0.0127	0.9691	0.0182	2.1	3.25	3.5	1
0.5304	0.314	0.1556	1.7	3.6	5	1
0.8505	0.0235	0.126	2.3	3.25	3.1	1
0.7652	0.0216	0.2132	2.1	3.25	3.5	1
0.7732	0.0043	0.2225	1.29	5	11	1
0.0172	0.229	0.7537	10	5	1.3	3
0.9486	0.0501	0.0013	1.4	4.33	7.5	2
0.4397	0.026	0.5343	2	3.5	3.6	1
0.8383	0.0394	0.1223	1.5	4.33	6	2
0.1114	0.015	0.8736	2.63	3.3	2.63	1
0.4863	0.0577	0.456	2.1	3.25	3.6	3
0.9874	0.0025	0.0101	2.5	3.3	2.75	1
0.1142	0.4654	0.4204	3.5	3.3	2.1	2
0.9192	0.0785	0.0023	1.62	3.8	5.5	1
0.9588	0.0002	0.041	1.91	3.4	4	1
0.2277	0.5432	0.2291	2.1	3.25	3.6	1
0.3768	0.0789	0.5443	2.1	3.3	3.5	2
0.0533	0.0012	0.9455	8.5	5	1.33	3
0.1615	0.3313	0.5072	2.3	3.2	3.2	3
0.5728	0.4124	0.0148	2	3.3	3.8	1
0.958	0.0396	0.0024	1.29	5.5	9.5	1
0.9927	0.0008	0.0065	1.8	3.6	4.33	1
0.1187	0.25	0.6313	2.4	3.2	3	1
0.44	0.0069	0.5531	2.2	3.4	3.2	1
0.6677	0.027	0.3052	1.67	3.75	5	1
0.4854	0.0112	0.5034	1.62	3.75	5.5	1
0.319	0.3476	0.3334	1.2	6.25	13	1
0.9804	0.0055	0.0141	2.1	3.3	3.5	1
0.9829	0.0003	0.0168	1.95	3.5	3.8	1
0.4176	0.4265	0.156	1.8	3.5	4.5	2
0.4654	0.0009	0.5337	2.38	3	3.2	2
0.0073	0.8142	0.1785	12	5.5	1.25	3
0.5444	0.2473	0.2082	1.62	3.75	5.5	1
0.3153	0.0114	0.6734	3	3.25	2.38	3
0.0019	0.4948	0.5033	12	5.5	1.25	3
0.9967	0.0004	0.0029	1.17	7	15	1
0.9091	0.0003	0.0906	2	3.5	3.6	2
0.9987	0.001	0.0003	1.91	3.3	4.2	1
0.2949	0.6811	0.024	2.25	3.25	3.2	1
0.5439	0.1813	0.2749	2.38	3.25	3	1
0.2156	0.1451	0.6393	1.83	3.4	4.5	1
0.555	0.3851	0.0599	1.67	3.75	5	3
0.6295	0.0064	0.3641	2.75	3.3	2.5	3
0.6363	0.0244	0.3394	1.8	3.5	4.5	2
0.3056	0.0773	0.6171	1.62	3.6	6	3
0.5877	0.0636	0.3486	1.67	3.75	5	3
0.0964	0.6638	0.2398	3.25	3.25	2.2	3
0.2152	0.0022	0.7826	1.73	3.6	4.75	1
0.9755	0.0089	0.0156	1.83	3.5	4.33	1
0.3879	0.4119	0.2002	1.73	3.75	4.5	1
0.0681	0.3022	0.6297	2.2	3.2	3.4	1
0.0066	0.0015	0.9919	2.1	3.25	3.6	3
0.8801	0.1122	0.0077	1.33	5	9	1
0.2872	0.4863	0.2264	2.1	3.3	3.5	1
0.0118	0.0072	0.981	4.2	3.5	1.83	1
0.1414	0.3774	0.4813	15	6	1.2	3
0.9626	0.0019	0.0355	1.4	4.5	7.5	1
0.0301	0.8416	0.1283	2.2	3.2	3.4	2
0.9721	0.0053	0.0226	1.62	3.75	5.5	1
0.265	0.1489	0.586	2	3.4	3.75	1
0.3457	0.0131	0.6412	2	3.4	3.75	1
0.2514	0.0177	0.7309	2.3	3.3	3.1	1
0.9439	0.0063	0.0497	1.83	3.5	4.2	1
0.8535	0.1357	0.0107	2.2	3.2	3.4	1
0.5032	0.0089	0.4879	1.44	4.2	7	1
0.2204	0.325	0.4546	2.5	3.3	2.75	1
0.8823	0.0002	0.1175	1.4	4.5	7.5	3
0.1585	0.0025	0.839	1.95	3.4	3.9	1
0.9957	0.0005	0.0038	1.1	8.5	26	1
0.9956	0.0042	0.0002	2.1	3.4	3.4	1
0.9699	0.0171	0.0131	1.73	3.5	5	3
0.0026	0.9886	0.0088	1.91	3.5	3.9	2
0.0045	0.161	0.8344	12	5.5	1.25	3
0.8156	0.0487	0.1357	1.4	4.5	7.5	2
0.5545	0.0424	0.4031	12	5.5	1.25	3
0.0678	0.2458	0.6865	2.05	3.25	3.75	2
0.0051	0.0076	0.9874	2.8	3.25	2.5	3
0.2347	0.0039	0.7615	3.1	3.25	2.3	3
0.8175	0.1603	0.0222	1.53	3.8	6.5	1
0.4911	0.1664	0.3424	2.5	3.2	2.8	3
0.3821	0.0002	0.6177	3.25	3.5	2.1	3
0.4471	0.4332	0.1197	2	3.4	3.75	2
0.987	0	0.013	1.2	6.5	13	1
0.0686	0.9285	0.0029	1.91	3.4	4	2
0.6242	0.001	0.3749	1.67	3.5	5.5	3
0.9883	0.008	0.0036	1.06	11	29	1
0.6357	0.0915	0.2728	1.62	3.75	5.5	1
0.142	0.8148	0.0431	2.2	3.3	3.25	3
0.355	0.1261	0.5189	1.62	3.75	5.5	1
0.7939	0.0381	0.168	1.44	4.33	7	2
0.1481	0.017	0.8349	10	5.25	1.29	3
0.8438	0.0969	0.0593	1.83	3.4	4.5	1
0.8706	0.1153	0.0141	1.44	4.33	7	1
0.836	0	0.1639	2.2	3.4	3.2	1
0.0114	0.9003	0.0883	13	6.5	1.2	3
0.5834	0.006	0.4106	2.25	3.4	3.1	2
0.0679	0.0005	0.9317	2.8	3.25	2.5	3
0.4191	0.3122	0.2687	1.73	3.6	4.75	1
0.2272	0.0038	0.769	4.33	3.4	1.85	3
0.7154	0.2681	0.0165	1.73	3.4	4.5	1
0.2078	0.0148	0.7774	2.25	3.25	3.2	2
0.7332	0.0228	0.244	1.29	5.5	10	1
0.9451	0.0546	0.0003	1.91	3.4	4	2
0.9779	0.0004	0.0218	2.9	3.25	2.4	1
0.9572	0.0064	0.0364	1.67	3.6	5.25	1
0.9066	0.0051	0.0883	1.8	3.25	5	3
0.3048	0.0022	0.693	1.73	3.5	5	3
0.9428	0.0352	0.022	2.2	3.3	3.25	1
0.8101	0.1589	0.0311	1.53	3.8	6.5	1
0.5371	0.1724	0.2905	1.91	3.4	4	1
0.0053	0.0155	0.9792	10	6	1.25	2
0.999	0.0002	0.0008	1.08	10	23	1
0.4953	0.494	0.0107	1.44	4.2	7.5	1
0.1449	0.2882	0.5669	1.83	3.5	4.33	1
0.9968	0.0018	0.0014	1.07	11	23	1
0.9887	0.0003	0.011	1.4	4.5	7.5	1
0.9927	0.0071	0.0002	1.44	4.33	7	1
0.2914	0.3655	0.3432	2.2	3.2	3.4	1
0.2098	0.1136	0.6766	2.1	3.3	3.5	3
0.9943	0.0003	0.0054	1.17	7	15	1
0.0073	0.0058	0.9869	2.9	3.3	2.38	1
0.9275	0.0026	0.0699	1.5	4.1	6.5	1
0.5319	0.2475	0.2206	2	3.4	3.75	1
0.9994	0.0002	0.0004	1.73	3.6	4.75	1
0.8379	0	0.1621	15	7	1.17	3
0.6349	0.0107	0.3544	3.5	3.3	2.1	2
0.2389	0.0172	0.7439	2.8	3.25	2.5	1
0.0367	0.8757	0.0876	1.83	3.5	4.33	3
0.4231	0.2339	0.343	1.8	3.25	5	3
0.153	0.7331	0.1139	2	3.4	3.75	1
0.4555	0.0094	0.5352	1.83	3.5	4.33	3
0.3959	0.0315	0.5726	2.5	3.25	2.8	3
0.0088	0.0517	0.9395	9	5	1.33	1
0.0608	0.2767	0.6625	3.5	3.3	2.1	2
0.0649	0.0065	0.9285	2.5	3.3	2.75	1
0.7764	0.0675	0.1561	1.67	3.5	5.5	1
0.9752	0.0002	0.0246	1.14	7.5	17	1
0.1304	0.003	0.8666	1.83	3.5	4.33	1
0.6633	0.0157	0.321	2.1	3.3	3.5	2
0.9953	0.0031	0.0016	1.25	5.25	13	3
0.4172	0.32	0.2628	2	3.3	3.75	2
0.9988	0.001	0.0002	1.17	6.5	19	1
0.9282	0.0016	0.0702	1.53	4	6	2
0.9942	0.0057	0.0001	1.44	4.2	7.5	1
0.2421	0.2935	0.4643	2.1	3.4	3.4	3
0.0858	0.8869	0.0273	3	3.4	2.3	1
0.0049	0.001	0.9941	15	8	1.14	2
0.1621	0.0012	0.8367	7	4.33	1.44	3
0.0016	0.9754	0.0231	2	3.4	3.75	1
0.2335	0.0044	0.7621	3.5	3.3	2.1	1
0.6003	0	0.3997	2.3	3.3	3.1	1
0.5761	0.0125	0.4115	2.1	3.4	3.4	2
0.2718	0.0003	0.7279	2.1	3.25	3.6	1
0.2252	0.0028	0.772	2.1	3.4	3.4	1
0.9847	0.0035	0.0118	1.14	7.5	17	1
0.4862	0.5067	0.0071	1.44	4.33	7	2
0.8132	0.0167	0.1701	2.88	3.3	2.4	3
0.5183	0.0431	0.4386	2.05	3.3	3.6	2
0.9446	0.0018	0.0537	1.13	7.5	21	1
0.6935	0.0093	0.2972	1.8	3.5	4.5	3
0.521	0.0076	0.4714	2.2	3.3	3.25	1
0.0267	0.0116	0.9617	1.57	3.8	6	1
0.9609	0.0075	0.0316	1.5	4.1	6.5	2
0.7116	0.0041	0.2843	2.05	3.3	3.6	1
0.3055	0.0131	0.6814	2.1	3.4	3.4	2
0.6209	0.0002	0.3789	1.95	3.3	4	1
0.2117	0.0632	0.7251	7.5	4.5	1.4	2
0.0282	0.0005	0.9713	8.5	5	1.33	3
0.0302	0.9532	0.0166	1.91	3.4	4	2
0.365	0.0007	0.6344	2.3	3.3	3.1	3
0.0174	0.0018	0.9808	2.3	3.3	3.1	2
0.2859	0.0025	0.7117	2.4	3.2	3	1
0.3359	0.052	0.6121	2.8	3.25	2.5	2
0.1293	0.0166	0.8541	1.85	3.4	4.33	1
0.5093	0.0194	0.4713	2.1	3.3	3.5	3
0.37	0.2431	0.3869	1.57	4	5.5	1
0.0301	0.0001	0.9697	2.7	3.25	2.6	2
0.2324	0.4239	0.3437	1.95	3.3	4	2
0.3526	0.0001	0.6473	1.91	3.4	4	2
0.0987	0.8121	0.0891	5.5	4	1.57	3
0.4591	0.5344	0.0065	1.5	4	7	1
0.4667	0.2036	0.3297	2.6	3.25	2.7	1
0.095	0.47	0.4351	2.38	3.25	3	2
0.9972	0.0023	0.0004	1.14	7.5	17	1
0.2416	0.2348	0.5237	2.1	3.4	3.4	1
0.9872	0.0052	0.0075	1.1	9	21	1
0.2774	0.0006	0.722	2.7	3.2	2.6	3
0.1944	0.0066	0.799	2.4	3.3	2.9	1
0.0031	0.9488	0.0482	2	3.4	3.75	3
0.046	0.0325	0.9215	2.38	3.2	3	1
0.2598	0.5335	0.2066	2	3.3	3.75	3
0.0124	0.928	0.0596	8	4.75	1.36	3
0.18	0.5913	0.2288	2.3	3.25	3.1	1
0.5141	0.0019	0.484	2.2	3.25	3.25	1
0.1032	0.8387	0.058	3.25	3.4	2.15	2
0.9994	0.0001	0.0006	1.14	7.5	17	1
0.0201	0.4626	0.5172	2.9	3.25	2.4	1
0.4262	0.0051	0.5687	2	3.3	3.8	1
0.2592	0.0024	0.7385	2.25	3.2	3.25	2
0.0071	0.639	0.3539	2	3.3	3.8	1
0.1233	0.0757	0.801	7.5	4.5	1.4	2
0.8838	0.0765	0.0397	2	3.4	3.75	3
0.3611	0.2452	0.3937	1.6	3.8	5.75	2
0.1139	0.1429	0.7433	2.3	3.25	2.8	2
0.0113	0.1788	0.8099	5.25	4	1.62	3
0.9808	0.0111	0.0081	1.13	8.5	17	1
0.3078	0.0023	0.6898	1.95	3.4	3.8	1
0.1742	0.0041	0.8216	2.3	3.4	3	3
0.0006	0.0013	0.9981	2.15	3.25	3.4	3
0.3571	0.1457	0.4972	2.1	3.4	3.4	3
0.3386	0.0025	0.6589	2	3.4	3.75	1
0.2635	0.2647	0.4719	2	3.5	3.6	1
0.832	0.0211	0.1469	1.91	3.4	4	1
0.4978	0.1354	0.3668	1.95	3.5	3.7	3
0.0122	0.0547	0.9331	2.8	3.25	2.5	3
0.9786	0.0117	0.0097	1.14	7.5	17	3
0.2239	0.5458	0.2303	5.5	3.8	1.62	3
0.0431	0.0127	0.9442	1.91	3.4	4	3
0.0676	0.8416	0.0908	2.3	3.2	3.1	1
0.032	0.1032	0.8648	2.3	3.25	3.1	1
0.5462	0.311	0.1428	2.5	3.25	2.8	3
0.7112	0.0777	0.2111	1.53	4	6	1
0.0318	0.0009	0.9673	1.83	3.5	4.33	3
0.2549	0.4897	0.2554	2.9	3.3	2.4	3
0.0548	0.0012	0.944	4.5	3.75	1.73	3
0.9983	0.0002	0.0014	1.11	8.5	21	1
0.4281	0.0106	0.5613	2.6	3.2	2.75	2
0.6016	0.0237	0.3746	1.53	4	6	1
0.0115	0.0004	0.9881	2.1	3.25	3.6	2
0.0123	0.5083	0.4793	1.75	3.5	4.75	2
0.0956	0.2071	0.6973	1.91	3.4	4	2
0.6126	0.0029	0.3845	2	3.4	3.75	1
0.2982	0.2534	0.4485	1.91	3.4	4	1
0.537	0.4212	0.0418	2.1	3.3	3.5	1
0.0149	0.0061	0.979	3.8	3.4	2	3
0.2949	0.3672	0.3379	2.88	3.3	2.4	1
0.1817	0.6284	0.1898	1.91	3.4	4	1
0.3994	0.0496	0.551	2.75	3.6	2.38	2
0.4426	0.0054	0.5521	2.7	3.25	2.6	2
0.2255	0.5515	0.2229	2.1	3.25	3.5	1
0.7155	0.0005	0.284	2.1	3.25	3.5	1
0.3681	0.3314	0.3005	2.4	3.25	2.9	3
0.8962	0.0499	0.0538	2.1	3.25	3.5	1
0.3501	0.2741	0.3758	1.57	4	5.5	1
0.6493	0.0068	0.3439	1.62	3.75	5.5	1
0.9918	0.0012	0.007	1.2	6	15	1
0.1869	0.0774	0.7357	2.38	3.5	2.8	3
0.4335	0.1344	0.4321	1.44	4.5	6.5	1
0.0087	0.2157	0.7756	2	3.4	3.75	1
0.4482	0.255	0.2968	2	3.4	3.75	1
0.2343	0.5531	0.2126	2.3	3.3	3.1	3
0.7161	0.0995	0.1844	1.95	3.5	3.75	1
0.9203	0.0723	0.0075	2	3.4	3.75	1
0.8266	0.07	0.1034	1.8	3.5	4.5	1
0.1373	0.2319	0.6308	3.3	3.4	2.15	3
0.84	0.1544	0.0057	1.3	5.5	9	3
0.0029	0.0247	0.9724	7.5	4.5	1.4	1
0.214	0.1809	0.6051	4	3.8	1.8	3
0.0009	0.9975	0.0016	2.1	3.1	3.75	2
0.3894	0.0016	0.609	1.73	3.75	4.5	1
0.1342	0.0119	0.8539	2.9	3.3	2.4	1
0.3543	0.1909	0.4549	2.2	3.25	3.3	1
0.8443	0.1333	0.0224	1.8	3.5	4.75	1
0.3696	0.0625	0.5679	2.75	3.25	2.5	1
0.9234	0.0073	0.0693	1.53	4	6	1
0.5612	0.0756	0.3632	1.57	4	5.5	3
0.5519	0.0783	0.3698	1.44	4.33	7	1
0.0012	0.9946	0.0042	2.1	3.25	3.5	3
0.7581	0.0309	0.2109	3	3.5	2.25	3
0.4663	0.5332	0.0005	2.05	3.3	3.6	2
0.9865	0.0114	0.0021	1.44	4.33	7	1
0.9683	0.0197	0.0119	1.17	7	15	1
0.1274	0.2496	0.623	2.6	3.25	2.7	2
0.4689	0.0027	0.5285	2.1	3.3	3.5	3
0.5543	0.002	0.4437	2.25	3.4	3.1	1
0.2921	0.4489	0.259	1.73	3.6	4.75	1
0.9582	0.0261	0.0157	1.2	6.5	13	1
0.049	0.5081	0.4429	3.2	3.3	2.25	1
0.3493	0.3198	0.3308	5.5	3.75	1.62	2
0.2862	0.0012	0.7126	2.9	3.3	2.4	2
0.0026	0.0046	0.9928	2.2	3.3	3.25	2
0.021	0.7231	0.2559	11	5	1.3	2
0.0687	0.2461	0.6852	2.25	3.4	3.1	1
0.1087	0.0012	0.8902	2.1	3.4	3.4	1
0.0102	0.8372	0.1527	2.75	3.5	2.4	1
0.2546	0.0219	0.7234	1.7	3.75	4.75	2
0.1663	0	0.8337	1.29	5.5	9.5	1
0.9707	0.0158	0.0135	1.53	4.33	5.5	2
0.5029	0.0069	0.4902	1.8	3.6	4.33	1
0.9957	0.0039	0.0004	1.53	4.33	5.5	1
0.0743	0.0827	0.843	1.33	5	8.5	1
0.5605	0.0118	0.4277	1.65	3.4	6	2
0.0355	0.007	0.9575	4	3.8	1.8	3
0.9322	0.0282	0.0396	1.6	3.8	5.5	1
0.4099	0.0901	0.5	3	3.5	2.25	3
0.0031	0.0555	0.9414	2.2	3.4	3.2	2
0.0171	0.01	0.9729	1.44	4.2	6	3
0.5453	0.2224	0.2323	5.5	4.33	1.53	3
0.2264	0.4314	0.3422	3.25	3.5	2.1	3
0.2519	0.6472	0.1009	2.5	2.75	3.3	3
0.6135	0.0172	0.3692	1.8	3	5.75	1
0.9784	0.0196	0.0019	1.13	8.5	17	1
0.2505	0.1927	0.5568	3	3.5	2.25	3
0.4243	0.0003	0.5754	2.38	3.25	3	2
0.002	0.0002	0.9978	2.3	3.4	3	3
0.6202	0.0004	0.3794	2.05	3.25	3.75	3
0.4976	0.0049	0.4974	1.4	4.33	8	1
0.0005	0.9995	0	1.57	3.75	6	2
0.6744	0.0001	0.3256	1.53	3.8	6.5	2
0.2507	0.3522	0.397	1.8	3.5	4.5	2
0.5361	0.3315	0.1325	2	3.4	3.75	1
0.5218	0.4364	0.0418	2.1	3.4	3.4	1
0.0158	0.0012	0.9831	8.5	5	1.33	3
0.8544	0.1331	0.0125	1.25	5.75	11	1
0.8667	0.0815	0.0518	1.08	10	26	1
0.138	0.1043	0.7577	15	7	1.17	2
0.5624	0.1384	0.2992	1.91	3.6	3.75	1
0.2141	0.0267	0.7592	2.1	3.4	3.4	2
0.5919	0.2578	0.1504	1.91	3.4	4	1
0.3633	0.0023	0.6344	2.4	3.3	2.9	1
0.2813	0.0014	0.7173	1.91	3.4	4	1
0.1526	0.5394	0.308	2.1	3.3	3.5	2
0.0002	0.9996	0.0002	2.2	3.2	3.4	2
0.9988	0.001	0.0001	1.4	4.33	8.5	1
0.8634	0.0866	0.05	1.08	10	26	1
0.983	0.0106	0.0064	3.3	3.3	2.2	1
0.1357	0.4095	0.4548	3.1	3.4	2.25	3
0.9988	0.0001	0.0011	1.53	4	6	1
0.0829	0.5272	0.3899	3.3	3.3	2.2	3
0.7264	0.1369	0.1367	2	3.4	3.75	3
0.7074	0.0805	0.212	1.44	4.2	7.5	1
0.011	0.1313	0.8577	1.95	3.5	3.8	3
0.0482	0.0317	0.9201	13	6.5	1.2	1
0.9708	0.0146	0.0146	2.1	3.2	3.6	1
0.0557	0.0312	0.9131	2.63	3.3	2.63	2
0.9983	0.0012	0.0005	2	3.4	3.75	1
0.7153	0.2329	0.0518	1.62	3.75	5.5	1
0.828	0.1504	0.0216	1.4	4.5	7.5	1
0.8754	0.0223	0.1023	1.62	3.75	5.5	1
0.0089	0.0005	0.9906	13	6.5	1.2	2
0.1704	0.6447	0.1849	7.5	4.5	1.4	2
0.0103	0.9581	0.0316	2.1	3.25	3.5	3
0.3601	0.1998	0.4401	1.67	3.6	5.25	1
0.4164	0.3559	0.2277	2.1	3.25	3.5	1
0.0478	0.2584	0.6938	2.2	3.25	3.3	2
0.5889	0.0761	0.335	1.2	6.5	13	1
0.6264	0.3289	0.0446	1.1	9	21	1
0.7374	0.0014	0.2612	2.3	3.25	3.1	1
0.0222	0.953	0.0248	2.25	3.25	3.2	2
0.2967	0.3729	0.3304	2.2	3.25	3.3	1
0.1389	0.0055	0.8556	2.1	3.3	3.5	1
0.0446	0.0058	0.9495	2.05	3.3	3.6	2
0.6599	0.009	0.3311	3.2	3.4	2.2	2
0.1079	0.3821	0.5101	2.5	3.25	2.8	1
0.9863	0.001	0.0127	1.57	4	5.5	1
0.9294	0.0539	0.0167	1.83	3.5	4.33	2
0.0024	0.9957	0.0019	2.2	3.3	3.25	2
0.998	0.0017	0.0003	1.33	4.5	11	1
0.6143	0.0595	0.3263	1.62	3.8	5.5	2
0.2784	0.2653	0.4563	1.91	3.6	3.75	2
0.2807	0.4421	0.2773	1.73	3.6	4.75	3
0.02	0.0301	0.9499	10	6	1.25	3
0.4414	0.078	0.4806	2.4	3.2	3	3
0.0109	0.6675	0.3216	13	7.5	1.17	3
0.9658	0.0322	0.0019	1.06	12	26	1
0.4058	0.1911	0.4031	2.25	3.5	3	2
0.0034	0.9733	0.0233	3.5	3.3	2.1	2
0.1822	0.0315	0.7864	3	3.4	2.3	2
0.8818	0.0134	0.1049	1.14	8	16	1
0.5537	0.1852	0.2612	2.9	3.25	2.4	1
0.9954	0.0011	0.0035	1.36	4.75	8.5	1
0.0486	0.0062	0.9452	2.2	3.2	3.4	3
0.6222	0.001	0.3767	2	3.3	3.8	1
0.2094	0.6881	0.1026	1.83	3.5	4.33	1
0.1863	0.7417	0.072	1.17	7.5	13	2
0.0159	0.0022	0.9819	7.5	4.5	1.4	3
0.6259	0.2635	0.1106	2.5	3.2	2.88	3
0.9738	0.0012	0.025	2	3.3	3.75	1
0.5012	0.4895	0.0092	1.44	4.2	7.5	2
0.0373	0.1704	0.7922	1.73	3.6	4.75	3
0.1624	0.686	0.1515	1.91	3.4	4	1
0.5115	0.3303	0.1582	2.3	3.2	3.2	2
0.8144	0.0049	0.1806	1.67	3.75	5	2
0.1757	0.6803	0.1439	1.91	3.3	4.2	3
0.004	0.534	0.462	23	9	1.1	3
0.9812	0.009	0.0099	1.4	4.5	7.5	2
0.1868	0.6566	0.1567	1.95	3.3	4	2
0.9857	0.0096	0.0047	1.73	3.5	5	1
0.5074	0.0158	0.4768	2	3.3	3.8	3
0.9798	0.0154	0.0048	1.13	8	21	1
0.8748	0.1193	0.0059	2.9	3.3	2.4	1
0.1179	0.5953	0.2869	3.3	3.3	2.2	3
0.3496	0.11	0.5404	2.38	3.4	2.88	1
0.4067	0.4454	0.1479	2.2	3.3	3.3	1
0.8692	0.1234	0.0074	1.06	11	34	1
0.0046	0.7205	0.2749	15	7	1.17	3
0.8189	0.1794	0.0018	1.44	4.33	7	1
0.889	0.0976	0.0134	2	3.4	3.75	1
0.1751	0.6642	0.1607	1.4	4.5	8	1
0.3998	0.0001	0.6002	1.73	3.5	5	1
0.0626	0.7566	0.1807	2.3	3.2	3.2	1
0.0707	0.1648	0.7645	2.6	3.2	2.75	1
0.0673	0.3094	0.6233	2.6	3.2	2.75	2
0.9394	0.0012	0.0594	1.4	4.5	8	3
0.0203	0.327	0.6527	2.63	3.25	2.63	2
0.4284	0.0078	0.5638	3	3.25	2.38	3
0.1206	0.7732	0.1062	3	3.2	2.38	2
0.0154	0.5694	0.4153	11	6.5	1.22	2
0.3658	0.0513	0.5829	1.85	3.4	4.33	2
0.0977	0.5426	0.3597	3	3.25	2.38	1
0.0008	0.9986	0.0007	2.1	3.25	3.5	2
0.972	0.0082	0.0199	1.06	11	29	1
0.9888	0.0007	0.0105	1.91	3.4	4	1
0.0212	0.6217	0.3571	2.1	3.3	3.5	2
0.866	0.1264	0.0076	1.06	12	26	1
0.2066	0.1133	0.6801	6	4	1.53	3
0.7834	0.0189	0.1976	2	3.3	3.8	1
0.3809	0.0214	0.5977	1.57	4	5.5	1
0.0043	0.9914	0.0043	1.91	3.4	4	2
0.7596	0.1337	0.1067	1.91	3.5	4	3
0.0762	0.0137	0.9101	2.25	3.25	3.2	2
0.288	0.2308	0.4812	2.2	3.2	3.4	1
0.1593	0.7816	0.0592	3.2	3.2	2.25	3
0.0176	0.8651	0.1172	13	6.5	1.2	1
0.9873	0.0034	0.0093	1.17	6.5	17	1
0.007	0.0041	0.9889	3.4	3.4	2.1	3
0.0177	0.0025	0.9799	1.44	4.2	7.5	3
0.457	0.379	0.164	2	3.4	3.75	3
0.8181	0.0466	0.1353	1.83	3.5	4.33	3
0.6979	0.2991	0.0031	1.83	3.5	4.33	1
0.307	0.6283	0.0647	1.83	3.4	4.5	1
0.0346	0.934	0.0314	2.9	3.25	2.4	3
0.8661	0.0451	0.0888	1.73	3.5	5	1
0.6022	0.3571	0.0407	1.06	11	29	1
0.6186	0.0708	0.3106	1.1	8.5	26	1
0.0288	0.8464	0.1248	2.75	3.2	2.6	1
0.0337	0.1792	0.7871	13	6	1.22	3
0.4756	0.2817	0.2426	1.5	4	7	1
0.7963	0.1926	0.0111	1.57	4	5.5	1
0.9658	0.0333	0.0008	2.1	3.25	3.5	1
0.0786	0.8549	0.0666	2.75	3.3	2.5	2
0.986	0.0087	0.0053	2.1	3.25	3.6	1
0.3081	0.2806	0.4113	3	3.2	2.4	1
0.5016	0.0321	0.4663	1.62	3.8	5.5	1
0.0001	0.9998	0.0001	2.25	3.1	3.4	2
0.0029	0.0034	0.9937	3.2	3.25	2.25	1
0.1299	0.0199	0.8502	2.8	3.3	2.5	1
0.5348	0.035	0.4302	2.4	3.5	2.8	3
0.3212	0.657	0.0217	1.4	4.5	8	2
0.4315	0.0304	0.538	2.8	3.25	2.5	1
0.9928	0.0015	0.0057	1.73	3.5	5	1
0.2671	0.014	0.7188	1.62	3.75	5.5	2
0.4553	0.055	0.4897	2	3.2	4	3
0.8382	0.0052	0.1565	1.8	3.5	4.5	2
0.0541	0.2945	0.6515	2.1	3.25	3.6	3
0.7283	0.2644	0.0073	1.4	4.33	8.5	1
0.4014	0.2933	0.3053	2.1	3.4	3.4	3
0.3003	0.001	0.6987	8	4.5	1.4	3
0.4818	0.0885	0.4296	2.2	3.25	3.25	3
0.9559	0.0375	0.0066	1.5	4	6.5	3
0.8568	0.0019	0.1413	2.5	3.25	2.8	1
0.51	0.4807	0.0093	2.1	3.4	3.4	1
0.5054	0.2424	0.2522	2.1	3.3	3.5	2
0.9465	0.0371	0.0164	1.73	3.6	4.75	1
0.075	0.0222	0.9028	1.91	3.4	4	2
0.6077	0.0689	0.3234	2.2	3.25	3.25	2
0.9838	0.0001	0.0161	1.06	11	29	1
0.2091	0.7824	0.0085	2	3.3	3.8	1
0.1594	0.3021	0.5385	2.2	3.25	3.3	2
0.9646	0.0053	0.0301	1.91	3.5	4	1
0.285	0.303	0.412	13	6	1.22	2
0.0146	0.9668	0.0186	2.5	3.3	2.75	2
0.9758	0.0129	0.0114	3	3.25	2.38	1
0.2268	0.0725	0.7006	3	3.4	2.3	2
0.0055	0.0088	0.9857	2.25	3.2	3.25	3
0.0075	0.0271	0.9654	11	5	1.29	3
0.2289	0.0217	0.7494	1.8	3.5	4.5	2
0.9419	0.0445	0.0136	1.4	4.5	8	3
0.2974	0.226	0.4765	2.6	3.2	2.75	2
0.9781	0.0186	0.0033	1.62	3.75	5.5	1
0.5297	0.0362	0.4342	1.67	3.75	5	1
0.9408	0.0472	0.012	1.07	11	26	1
0.2248	0.5302	0.2451	1.73	3.5	5	3
0.2297	0.3011	0.4692	3.1	3.25	2.3	1
0.297	0.3515	0.3515	2.5	3.3	2.75	2
0.9406	0.0012	0.0582	1.73	3.5	5	1
0.6286	0.1174	0.254	2.5	3.2	2.8	3
0.2547	0.4949	0.2503	2.9	3.3	2.4	3
0.9261	0.0301	0.0438	1.83	3.4	4.5	2
0.0232	0.4073	0.5694	9.5	5.5	1.29	3
0.1526	0.273	0.5744	3.25	3.25	2.25	2
0.9293	0.0477	0.023	1.2	6.5	15	1
0.0216	0.0045	0.974	2	3.4	3.75	3
0.5012	0.2919	0.2069	1.83	3.5	4.33	1
0.1428	0.5847	0.2725	1.91	3.4	4	1
0.9928	0.0062	0.001	1.07	11	26	1
0.0101	0.9788	0.0111	3	3.2	2.38	3
0.224	0.6972	0.0788	12	6	1.22	2
0.9691	0.0023	0.0286	1.62	3.75	5.5	3
0.1803	0.4525	0.3672	2.4	3.3	2.88	3
0.1339	0.4801	0.386	2.2	3.3	3.3	1
0.332	0.2274	0.4406	3.25	3.3	2.2	2
0.9668	0.0265	0.0067	2	3.4	3.75	1
0.3466	0.3596	0.2937	3.1	3.3	2.3	3
0.2841	0.3782	0.3377	1.73	3.5	5	2
0.8644	0.0251	0.1105	1.07	11	26	1
0.0949	0.1921	0.713	9	5	1.33	3
0.0847	0.865	0.0503	2.3	3.2	3.2	2
0.524	0.1881	0.2879	2.2	3.2	3.4	1
0.4125	0.044	0.5435	2	3.4	3.75	2
0.2875	0.0253	0.6873	1.83	3.5	4.33	3
0.3827	0.2078	0.4095	2.25	3.25	3.25	2
0.0039	0.9949	0.0011	2.38	3.2	3	3
0.0423	0.0445	0.9131	3	3.2	2.4	1
0.3002	0.2346	0.4651	2.8	3.2	2.5	1
0.109	0.4707	0.4203	9.5	5	1.33	1
0.1964	0.5253	0.2784	3.75	3.4	2	2
0.9272	0.063	0.0098	1.62	3.75	5.5	3
0.1053	0.7418	0.1529	1.73	3.5	5	1
0.986	0.0004	0.0136	1.08	10	26	1
0.8412	0.0046	0.1542	1.36	4.5	9	1
0.978	0.0001	0.0219	2.5	3.2	2.8	1
0.0178	0.0041	0.9781	1.57	3.75	6	1
0.1723	0.15	0.6777	2.8	3.25	2.5	1
0.1515	0.6067	0.2418	2	3.3	3.75	2
0.9718	0.0145	0.0137	1.08	9.5	26	1
0.1077	0.8607	0.0316	1.62	3.75	5.5	1
0.1181	0.5986	0.2833	1.83	3.6	4.2	1
0.8834	0.1025	0.0141	1.25	5.75	11	1
0.004	0.0246	0.9714	2.3	3.2	3.2	1
0.9461	0.0285	0.0254	2.3	3.2	3.2	3
0.0913	0.0288	0.8799	2.25	3.25	3.2	1
0.0674	0.1585	0.7741	4	3.4	1.91	2
0.2439	0.1339	0.6222	2.6	3.2	2.75	3
0.2868	0.3619	0.3514	2	3.4	3.75	2
0.9101	0.0815	0.0084	1.73	3.5	5	3
0.1309	0.4767	0.3924	1.44	4.2	7.5	1
0.8812	0.0924	0.0264	2.05	3.25	3.75	2
0.4558	0.1943	0.3498	7	4.33	1.44	3
0.0105	0.9155	0.0741	1.91	3.3	4.2	1
0.5459	0.057	0.3972	2.1	3.25	3.5	1
0.7231	0.0018	0.2751	1.75	3.5	4.75	3
0.0093	0.0001	0.9906	8	4.75	1.36	3
0.3307	0.5091	0.1602	2.25	3.25	3.2	2
0.9968	0.0013	0.0018	1.08	11	26	1
0.8504	0.0308	0.1188	2.4	3.2	3	3
0.4417	0.3841	0.1742	1.91	3.3	4.2	2
0.3117	0.4653	0.223	2.38	3.25	3	2
0.1861	0.8081	0.0058	1.83	3.4	4.5	1
0.3153	0.599	0.0857	1.62	3.6	6	1
0.0231	0.2347	0.7422	3.5	3.3	2.1	3
0.955	0.0376	0.0074	1.13	8	21	1
0.0147	0.0048	0.9805	3.1	3.25	2.3	1
0.5153	0.0668	0.4179	2.5	3.2	2.88	1
0.0094	0.0724	0.9182	7	4.33	1.44	3
0.6759	0.0016	0.3225	1.53	3.8	6.5	1
0.7276	0.0049	0.2676	1.73	3.6	4.75	1
0.4003	0.0285	0.5712	3.25	3.3	2.2	1
0.0079	0.9742	0.0179	1.33	4.75	10	1
0.9871	0.0007	0.0122	2.1	3.4	3.4	1
0.3814	0.1407	0.4779	2.8	3.25	2.5	1
0.0253	0.7308	0.244	13	6	1.22	3
0.6409	0.0046	0.3545	1.5	4	7	2
0.0575	0.8531	0.0894	1.91	3.4	4	3
0.2251	0.6075	0.1674	1.95	3.3	4	1
0.0033	0.0001	0.9967	2	3.3	3.8	1
0.0109	0.2073	0.7818	8.5	4.75	1.36	3
0.9929	0	0.0071	2.2	3.3	3.3	1
0.0023	0.8061	0.1916	2.5	3.2	2.88	2
0.4663	0.3863	0.1474	2.25	3.4	3.1	3
0.2217	0.0151	0.7631	2.4	3.2	3	1
0.0706	0.7843	0.1451	3	3.25	2.38	1
0.998	0.0001	0.0019	1.17	7.5	14	2
0.3627	0.0192	0.6181	1.67	3.75	5	1
0.9993	0.0002	0.0005	1.05	13	34	1
0.1694	0.2384	0.5922	2.2	3.2	3.4	2
0.61	0.0139	0.3761	1.8	3.5	4.5	1
0.5244	0.0003	0.4752	2	3.4	3.75	3
0.5751	0.0368	0.3881	2.38	3.25	3	3
0.7244	0.1543	0.1213	1.29	5	11	3
0.0307	0.005	0.9644	8.5	4.75	1.36	2
0.0038	0.9601	0.0361	1.91	3.4	4	2
0.0218	0	0.9781	1.67	3.75	5	1
0.2128	0.6458	0.1414	3.2	3.25	2.25	3
0.1417	0.3674	0.4909	2.8	3.25	2.5	1
0.2064	0.0872	0.7064	13	6	1.22	3
0.9812	0.0179	0.0008	1.13	8	21	1
0.4141	0.585	0.0009	1.36	4.5	9	2
0.3871	0.508	0.1049	1.67	3.75	5	2
0.5501	0.0004	0.4494	2.38	3.25	3	3
0.1682	0.5017	0.3301	2.1	3.3	3.5	3
0.0264	0.0001	0.9736	2.1	3.4	3.4	3
0.1476	0.5579	0.2945	4.5	3.5	1.8	1
0.9907	0	0.0093	3	3.25	2.38	3
0.9936	0.0042	0.0022	1.11	9	21	1
0.9927	0.0059	0.0013	1.67	3.8	5	3
0.1966	0.0681	0.7353	8	4.5	1.4	3
0.0005	0.9954	0.0041	2.1	3.3	3.5	3
0.1596	0.7829	0.0575	2.1	3.3	3.5	3
0.3243	0.3813	0.2944	1.62	3.8	5.5	1
0.0147	0	0.9853	2.1	3.3	3.5	1
0.6251	0.0347	0.3402	1.62	3.8	5.5	2
0.0013	0.9984	0.0003	2	3.4	3.75	2
0.2499	0.4507	0.2995	1.73	3.6	4.75	1
0.2966	0.0348	0.6686	2.1	3.3	3.5	1
0.7359	0.0032	0.2609	1.91	3.4	4	2
0.484	0.31	0.206	1.73	3.5	5	1
0.0035	0.9959	0.0007	2.05	3.4	3.6	1
0.0654	0.0013	0.9334	19	7.5	1.14	3
0.337	0.0065	0.6565	2.25	3.25	3.2	1
0.2649	0.0546	0.6805	3	3.4	2.3	1
0.288	0.707	0.005	1.83	3.5	4.33	2
0.9752	0.0206	0.0042	1.2	6.5	13	2
0.9865	0.0066	0.0068	1.4	4.5	8	1
0.9787	0.0112	0.0101	1.06	13	26	1
0.5545	0.274	0.1715	2.5	3.25	2.8	1
0.5067	0.0036	0.4898	2.25	3.4	3.1	2
0.0045	0.0655	0.9299	5.5	4	1.57	3
0.9971	0.0003	0.0026	2.63	3.4	2.6	2
0.0075	0.6162	0.3763	2.6	3.2	2.75	1
0.9892	0.0014	0.0094	1.5	4.2	6.5	1
0.087	0.0999	0.8132	2.7	3.2	2.63	3
0.4897	0.0009	0.5094	1.44	4.33	7	1
0.2817	0.5636	0.1548	2.5	3.3	2.8	1
0.0109	0.0007	0.9884	15	6	1.2	3
0.688	0.3085	0.0035	1.06	11	29	1
0.2872	0.1276	0.5852	1.67	3.8	5	1
0.2886	0.4391	0.2723	1.91	3.5	4	1
0.2554	0.0518	0.6928	2.88	3.4	2.38	1
0.955	0.0007	0.0443	1.5	4.2	6.5	2
0.1495	0.0029	0.8477	2.8	3.4	2.4	3
0.385	0.61	0.005	1.5	4	7	2
0.0325	0.0247	0.9428	2.1	3.4	3.4	1
0.7524	0.0053	0.2423	2.6	3.3	2.63	1
0.7071	0.0226	0.2703	1.62	4	5	3
0.6631	0.0115	0.3254	1.8	3.6	4.33	1
0.5979	0.0105	0.3917	1.57	3.8	6	2
0.9855	0.0005	0.014	2.3	3.4	3	1
0.4795	0.0108	0.5097	1.57	3.75	6	1
0.003	0.0125	0.9845	2.25	3.25	3.2	1
0.0262	0.5241	0.4497	3.6	3.5	2	3
0.4457	0.019	0.5353	2.25	3.25	3.2	2
0.7828	0.0173	0.1999	1.62	3.75	5.5	1
0.3806	0.3422	0.2772	3.1	3.3	2.3	2
0.7917	0.0608	0.1474	1.67	3.75	5	3
0.4252	0.0005	0.5743	1.91	3.4	4	3
0.022	0.001	0.977	1.83	3.5	4.33	1
0.221	0.7737	0.0054	1.5	4	6.5	1
0.0725	0.8365	0.091	1.8	3.5	4.5	2
0.3221	0.2491	0.4289	3.2	3.3	2.25	2
0.0397	0.1227	0.8376	2.2	3.4	3.2	1
0.8576	0.0069	0.1354	1.22	6	13	1
0.0054	0.0001	0.9945	9	5	1.33	3
0.4558	0.2108	0.3334	3.2	3.4	2.2	1
0.9827	0.0051	0.0122	1.4	4.5	8	2
0.0075	0.0886	0.904	1.83	3.5	3.75	1
0.2577	0.0044	0.7379	2.4	3.4	2.8	3
0.0079	0.0043	0.9879	6	4	1.53	3
0.7481	0.0074	0.2445	1.4	4.5	7.5	2
0.9517	0.0063	0.042	1.2	6	15	1
0.9952	0.0048	0.0001	1.85	3.5	4.2	1
0.3064	0.3504	0.3432	1.73	3.6	4.75	3
0.1938	0.6805	0.1257	1.44	4	8	1
0.3161	0.6538	0.0302	2.25	3.4	3.1	1
0.2953	0.2451	0.4596	1.8	3.5	4.5	2
0.4066	0.2728	0.3206	2	3.5	3.6	1
0.9749	0.0198	0.0053	1.13	8	19	1
0.0051	0.0121	0.9829	7.5	5	1.36	3
0.6014	0.3876	0.011	1.91	3.4	4	1
0.2214	0.644	0.1346	1.8	3.5	4.5	1
0.0261	0.0022	0.9718	1.7	3.6	5	1
0.0033	0.0001	0.9966	2.3	3.25	3.1	1
0.239	0.1736	0.5874	1.57	4.2	4.5	1
0.6583	0.3407	0.0009	1.33	5	9	1
0.0106	0.9058	0.0836	7.5	5.5	1.33	2
0.1368	0.1195	0.7437	2.7	3.4	2.5	1
0.2436	0.0181	0.7383	2.8	3.5	2.38	2
0.0215	0.1238	0.8547	5.5	4	1.57	3
0.014	0.001	0.985	1.57	4	5.5	1
0.4462	0.2129	0.3409	1.3	5.5	9	1
0.7772	0.0296	0.1932	1.2	7	11	1
0.9292	0.0037	0.0671	6	4	1.53	3
0.9814	0.0009	0.0177	1.83	3.5	4.33	1
0.3462	0.3572	0.2966	2.3	3.4	3	3
0.9523	0.0004	0.0473	2.25	3.25	3.2	3
0.8629	0.1204	0.0168	2	3.3	3.8	1
0.3538	0.1083	0.5379	1.62	3.75	5.5	1
0.262	0.1785	0.5594	1.83	3.5	4.2	3
0.9631	0.0051	0.0318	1.1	9	26	1
0.2389	0.0001	0.7609	3.2	3.4	2.2	2
0.9604	0.0305	0.0091	1.25	6	10	2
0.4806	0.0202	0.4993	2	3.4	3.75	1
0.9901	0.0005	0.0093	2.2	3.3	3.3	1
0.1961	0.0092	0.7947	2.15	3.3	3.4	3
0.7895	0.0097	0.2009	1.7	3.6	5	3
0.0589	0.0076	0.9335	1.67	3.6	5.25	3
0.2857	0.0138	0.7004	1.91	3.5	4	2
0.5382	0.2371	0.2247	2	3.4	3.75	1
0.0128	0.0016	0.9856	9.5	5.5	1.29	1
0.3968	0.0285	0.5747	3	3.25	2.38	2
0.0472	0.527	0.4258	12	6	1.22	3
0.6147	0.3634	0.0219	1.44	4.2	7.5	2
0.852	0.0122	0.1358	1.6	4	5.5	1
0.8589	0.14	0.001	2.05	3.4	3.5	1
0.3899	0.0005	0.6096	2	3.3	3.75	1
0.8399	0.0412	0.1189	2.2	3.2	3.4	2
0.6985	0.1868	0.1147	2.1	3.2	3.6	1
0.6529	0.0094	0.3377	2.7	3.25	2.6	3
0.6721	0.0282	0.2997	2	3.4	3.75	1
0.9788	0.0073	0.0139	1.22	6	13	1
0.9604	0.0281	0.0115	2.2	3.2	3.4	1
0.9754	0.0242	0.0004	1.08	10	23	1
0.5084	0.0056	0.4861	2.8	3.25	2.5	2
0.0327	0.0656	0.9017	11	6	1.25	3
0.8839	0.032	0.0841	1.7	3.6	5	1
0.2397	0.0018	0.7585	5	4	1.62	1
0.9532	0.0003	0.0464	1.44	4.33	7	1
0.9979	0.0012	0.0008	1.33	5	9	1
0.3115	0.4306	0.258	2.2	3.4	3.2	2
0.0002	0.9998	0	2.3	3.2	3.2	2
0.117	0.1804	0.7026	2.2	3.25	3.25	2
0.4436	0.0011	0.5553	1.8	3.5	4.5	1
0.0313	0.4836	0.4852	2.1	3.3	3.5	3
0.9996	0.0001	0.0003	1.05	12	34	1
0.7704	0.2233	0.0062	1.95	3.5	3.75	1
0.8896	0.0103	0.1	2	3.4	3.75	1
0.4376	0.0099	0.5525	2.25	3.25	3.2	1
0.1277	0.3592	0.5131	2.2	3.4	3.2	2
0.9662	0.0035	0.0303	1.3	5.25	10	1
0.5678	0.1792	0.253	2.1	3.4	3.4	1
0.9146	0.0026	0.0828	2.8	3.25	2.5	1
0.1627	0.6662	0.1711	2.6	3.3	2.63	3
0.0045	0.0011	0.9944	9	5.5	1.3	3
0.1296	0.7245	0.1459	3.1	3.3	2.3	3
0.3684	0.4629	0.1687	1.7	3.75	4.75	1
0.0088	0.2546	0.7367	6	4.33	1.5	3
0.5675	0.1362	0.2963	2.3	3.4	3	1
0.4562	0.0038	0.5399	1.36	4.75	8.5	1
0.0925	0.1934	0.7142	3.6	3.5	2	3
0.9744	0.0008	0.0248	2.3	3.25	3.1	1
0.2215	0.0862	0.6924	1.95	3.3	4	1
0.6582	0.3336	0.0083	1.13	8	21	1
0.9824	0.0007	0.017	1.83	3.5	4.33	1
0.1833	0.0528	0.7639	2.1	3.25	3.6	1
0.3505	0.007	0.6425	2.63	3.3	2.63	1
0.0802	0.7766	0.1432	1.95	3.3	4	1
0.8907	0.106	0.0033	1.91	3.5	4	2
0.7294	0.269	0.0017	2.3	3.3	3.1	1
0.9687	0.0252	0.0061	2.3	3.3	3.1	3
0.4556	0.0758	0.4686	1.83	3.5	4.33	1
0.6361	0.1257	0.2382	1.73	3.75	4.5	1
0.7561	0.0003	0.2436	1.83	4	3.75	2
0.0325	0.1481	0.8194	3.5	3.3	2.1	1
0.8185	0.1812	0.0003	1.83	3.5	4.33	3
0.0107	0.1299	0.8594	10	5	1.3	3
0.9262	0.0714	0.0024	1.53	3.8	6.5	1
0.6273	0.001	0.3717	1.1	9	23	1
0.9534	0.0185	0.0281	1.62	3.8	5.5	1
0.9413	0.0047	0.054	1.91	3.4	4	1
0.6391	0.0911	0.2698	1.83	3.5	4.2	3
0.4603	0.0011	0.5386	1.91	3.4	4	3
0.2085	0.0055	0.786	2	3.4	3.75	2
0.1215	0.0161	0.8625	3.4	3.4	2.1	3
0.5444	0.013	0.4426	1.62	3.8	5.5	1
0.2531	0.0201	0.7268	2.9	3.3	2.4	1
0.9897	0.0034	0.007	1.91	3.5	4	2
0.2682	0.0341	0.6977	2.8	3.3	2.5	2
0.0091	0.0068	0.9841	11	6	1.25	3
0.0439	0.8369	0.1192	1.85	3.5	4.2	3
0.9958	0.0003	0.004	1.3	5	11	1
0.9341	0.0006	0.0653	2	3.4	3.75	1
0.1494	0.0076	0.8431	8	4.5	1.4	3
0.4008	0.0067	0.5925	3	3.25	2.38	1
0.2206	0.7605	0.0189	2.1	3.3	3.5	2
0.9978	0.0015	0.0007	1.08	10	26	1
0.9855	0.0006	0.0139	1.4	4.5	8	3
0.7969	0.0059	0.1972	1.08	10	26	1
0.0491	0.4579	0.493	2.4	3.4	2.8	1
0.2371	0.7599	0.003	2.38	3.4	2.88	3
0.0193	0.9231	0.0577	1.95	3.3	4	1
0.1129	0.8573	0.0298	2.05	3.2	3.8	3
0.7713	0.0001	0.2286	1.5	4	7	2
0.6174	0.0092	0.3733	1.83	3.5	4.33	3
0.4905	0.0223	0.4872	1.91	3.4	4	3
0.8808	0	0.1192	1.7	3.8	4.75	3
0.7643	0.0088	0.2268	1.8	3.5	4.5	3
0.8964	0.0687	0.0349	1.53	4	6	3
0.9951	0.0007	0.0042	2.38	3.4	2.9	1
0.8147	0.1493	0.036	2.05	3.25	3.75	1
0.3354	0.2156	0.449	2.38	3.5	2.8	1
0.9338	0.0029	0.0633	1.36	4.75	8.5	1
0.527	0.1434	0.3296	9	5.5	1.3	3
0.0235	0.0001	0.9764	13	6	1.22	3
0.2338	0.0721	0.6941	2.8	3.4	2.4	2
0.996	0.001	0.003	1.08	10	26	1
0.212	0.64	0.148	3	3.2	2.4	2
0.9722	0.0174	0.0104	1.17	8	12	1
0.8801	0.0469	0.073	1.5	4	7	1
0.4856	0.2755	0.2388	1.91	3.4	4	2
0.4034	0.0017	0.5949	2	3.3	3.8	1
0.002	0.4269	0.5711	4.5	3.75	1.73	3
0.2287	0.0684	0.7029	2.05	3.4	3.5	3
0.3945	0.1838	0.4217	1.67	3.5	5.5	1
0.5054	0	0.4946	1.75	3.5	4.75	1
0.3718	0.0002	0.628	1.85	3.5	4.2	2
0.0409	0.0044	0.9547	10	5.5	1.29	1
0.197	0.0058	0.7972	2.1	3.4	3.4	1
0.9418	0.0013	0.0569	1.85	3.4	4.33	1
0.0049	0.0276	0.9676	2.1	3.4	3.4	1
0.6467	0.2443	0.1089	1.67	3.8	5	2
0.9603	0.0046	0.0351	1.62	3.8	5.5	1
0.5201	0.4265	0.0535	2.1	3.4	3.4	3
0.0104	0.0005	0.9892	13	6.5	1.2	3
0.6997	0.0006	0.2997	2.1	3.3	3.5	3
0.0975	0.7622	0.1404	1.91	3.5	4	1
0.9172	0.0803	0.0025	1.09	10	21	1
0.3777	0.0162	0.606	2.6	3.25	2.7	1
0.6524	0.0001	0.3475	1.44	4.5	6.5	1
0.8582	0.0012	0.1406	1.6	3.8	5.75	3
0.0011	0.4474	0.5514	2	3.5	3.6	2
0.3523	0.0135	0.6342	2.05	3.4	3.5	2
0.4773	0.3774	0.1453	2.1	3.4	3.4	3
0.8703	0.0002	0.1295	2	3.5	3.6	2
0.4403	0.0244	0.5353	1.7	3.75	4.75	3
0.5451	0.0861	0.3688	2.8	3.3	2.5	2
0.5556	0.0001	0.4444	1.44	4.33	7	1
0.2215	0.4453	0.3333	2.63	3.3	2.63	3
0.3369	0.0586	0.6044	1.91	3.3	4.2	2
0.079	0.8114	0.1096	10	6	1.25	3
0.2032	0.6323	0.1645	1.83	3.75	4	1
0.9968	0.0007	0.0025	1.29	5.5	10	1
0.0205	0.003	0.9765	9	5.5	1.3	3
0.5384	0.0132	0.4484	2	3.2	4	1
0.9711	0.0189	0.01	2.25	3.3	3.2	3
0.6963	0.022	0.2817	1.95	3.3	4	2
0.3177	0.0043	0.6781	2.4	3.3	2.88	2
0.201	0.0311	0.7679	2.4	3.4	2.8	3
0.3101	0.6109	0.079	2.1	3.3	3.5	3
0.6263	0.0013	0.3724	1.25	6	10	1
0.9802	0.0127	0.0071	1.1	10	17	2
0.9996	0	0.0004	1.44	4.33	7	3
0.8222	0.0425	0.1353	2	3.4	3.75	3
0.4991	0.0308	0.47	2.05	3.4	3.5	3
0.145	0.0002	0.8547	2.2	3.3	3.25	2
0.2412	0.6438	0.1151	1.8	3.6	4.33	1
0.2838	0.3725	0.3437	2.38	3.4	2.88	1
0.3201	0.001	0.6789	2.25	3.25	3.25	1
0.9586	0	0.0414	1.29	5.5	10	1
0.9247	0.0003	0.075	1.67	3.75	5	1
0.4278	0.1892	0.383	1.83	3.5	4.2	3
0.9934	0.0019	0.0047	1.7	3.6	5	3
0.0166	0.003	0.9804	5.5	4.1	1.57	1
0.7851	0.1856	0.0293	1.95	3.3	4	3
0.0022	0.0423	0.9556	13	6	1.22	3
0.2925	0.0046	0.7029	2.2	3.4	3.2	3
0.0038	0.0133	0.9828	3.25	3.2	2.25	3
0.4982	0.4919	0.0099	3	3.4	2.3	1
0.2681	0.0002	0.7317	2.25	3.3	3.2	1
0.4785	0.47	0.0515	1.53	4.1	6	1
0.1999	0.7991	0.001	1.1	10	21	1
0.9534	0.0113	0.0352	1.95	3.3	4	1
0.2454	0.0151	0.7395	3.4	3.4	2.1	2
0.6444	0.321	0.0347	1.18	7	13	1
0.99	0.0002	0.0098	2.2	3.3	3.3	1
0.8057	0.1537	0.0405	1.91	3.5	4	3
0.8477	0.0016	0.1507	2.25	3.2	3.3	1
0.0779	0.0032	0.9189	7	4.33	1.44	2
0.5777	0.0016	0.4207	2.1	3.4	3.4	1
0.3309	0.1243	0.5448	2	3.4	3.75	1
0.9362	0.0013	0.0624	1.29	5.5	10	1
0.2584	0.0114	0.7301	1.91	3.5	4	1
0.0045	0.0001	0.9954	7	4.75	1.4	3
0.6248	0.3084	0.0668	1.75	3.5	4.75	2
0.5958	0.0014	0.4028	1.83	3.5	4.33	2
0.5899	0.0848	0.3253	2	3.4	3.75	1
0.8248	0.0609	0.1143	2.7	3.25	2.6	2
0.003	0.0031	0.9939	2.15	3.3	3.4	1
0.5404	0	0.4596	1.62	3.75	5.5	2
0.0298	0.0195	0.9508	10	5.5	1.29	1
0.9585	0.0021	0.0395	1.3	5.5	9	1
0.0645	0.8943	0.0411	2	3.4	3.75	1
0.392	0.0033	0.6047	4.5	3.75	1.75	3
0.9685	0.0292	0.0023	2	3.4	3.75	1
0.6958	0.0004	0.3039	1.91	3.5	4	2
0.0496	0.9042	0.0462	2.2	3.4	3.2	2
0.0055	0.1631	0.8314	2.88	3.2	2.5	3
0.0073	0.0003	0.9924	2	3.4	3.75	1
0.7945	0.011	0.1945	2.05	3.4	3.5	2
0.2462	0.0046	0.7492	3	3.25	2.38	1
0.9801	0.0085	0.0113	1.07	11	29	1
0.0529	0.5858	0.3613	3	3.2	2.4	3
0.9558	0.0118	0.0324	1.14	7.5	17	1
0.9836	0	0.0164	2.25	3.3	3.2	1
0.2619	0.229	0.5092	1.4	4.4	8	1
0.2708	0.0035	0.7256	2.5	3.25	2.8	2
0.2486	0.2403	0.5111	2.1	3.2	3.6	1
0.0088	0.9889	0.0023	2.05	3.25	3.75	1
0.0081	0.0813	0.9106	9	5	1.33	1
0.4682	0.0074	0.5244	2	3.3	3.75	1
0.7618	0.0029	0.2353	1.44	4.33	7	1
0.5909	0.2046	0.2045	1.53	4	6	2
0.2301	0.0027	0.7672	1.5	4.33	6	1
0.9736	0.0112	0.0152	1.7	3.75	4.75	1
0.0063	0.0004	0.9933	7	4.33	1.44	2
0.0738	0.0205	0.9057	2.63	3.3	2.63	3
0.0024	0.9949	0.0027	2	3.3	3.8	3
0.3033	0.0003	0.6964	2.5	3.25	2.8	3
0.1387	0.7982	0.0631	2.1	3.3	3.5	2
0.9023	0.0704	0.0272	1.36	5	7.5	1
0.1756	0.5314	0.293	1.73	3.6	4.75	3
0.9862	0.0061	0.0077	1.09	10	21	1
0.0667	0.0002	0.9331	3.5	3.3	2.1	1
0.3852	0.0696	0.5453	2.4	3.3	2.88	3
0.5959	0.3641	0.04	1.83	3.5	4.33	2
0.9536	0.0114	0.035	1.36	4.75	8	1
0.5032	0.2956	0.2012	2.1	3.3	3.5	1
0.0082	0.0399	0.9519	10	6	1.25	3
0.085	0.8632	0.0518	1.8	3.75	4.2	1
0.7495	0.1521	0.0985	1.91	3.3	4.2	1
0.6767	0.2052	0.1181	2	3.3	3.8	1
0.9895	0.0004	0.0101	1.18	7.5	12	1
0.5898	0.0136	0.3966	1.67	3.8	5	2
0.5591	0.0489	0.392	1.4	4.75	7.5	1
0.3491	0.0732	0.5777	3.75	3.4	2	3
0.612	0.0095	0.3784	2.25	3.4	3.1	3
0.9814	0.0103	0.0083	1.18	7	13	1
0.0314	0.0206	0.948	8.5	5	1.33	3
0.1203	0.3942	0.4855	2.2	3.2	3.4	3
0.0963	0.004	0.8997	3.2	3.2	2.3	2
0.6995	0.043	0.2576	1.36	4.75	8	1
0.0587	0.0809	0.8604	2.5	3.25	2.8	1
0.0014	0.0073	0.9914	1.83	3.4	4.5	1
0.1408	0.0052	0.854	1.75	3.5	4.75	3
0.3992	0.0126	0.5882	1.91	3.4	4	3
0.0167	0.9019	0.0814	1.91	3.4	4	1
0.0022	0.0028	0.995	2.3	3.3	3.1	2
0.5647	0.1209	0.3144	2.3	3.25	3.1	3
0.136	0.215	0.649	2.88	3.6	2.3	1
0.8743	0.1083	0.0174	1.5	4.2	6.5	2
0.9122	0.0427	0.0451	1.83	3.4	4.5	2
0.7685	0.2077	0.0237	2.05	3.25	3.75	3
0.4973	0.1933	0.3094	2.8	3.3	2.5	2
0.5446	0.19	0.2654	1.75	3.6	4.75	2
0.9511	0.0003	0.0486	1.44	4.2	7.5	1
0.2581	0.4454	0.2965	1.91	3.4	4	1
0.9946	0.0023	0.0031	1.11	9	19	1
0.0122	0.7928	0.1949	3.1	3.3	2.3	1
0.0037	0.0137	0.9826	2.38	3.25	3	2
0.0474	0.0011	0.9516	1.91	3.4	4	1
0.0164	0.0002	0.9834	2.5	3.4	2.7	1
0.7657	0.013	0.2212	1.5	4.33	6	3
0.2128	0.0154	0.7717	6.5	4.5	1.45	3
0.2334	0.0023	0.7643	2.1	3.4	3.5	2
0.4676	0.0154	0.5171	2.1	3.25	3.6	2
0.0372	0.0887	0.8741	2.25	3.4	3.1	1
0.0486	0.9269	0.0245	2.3	3.4	3	1
0.9982	0.0002	0.0017	1.13	9	17	1
0.0006	0.9991	0.0003	1.62	3.8	5.5	1
0.5512	0.0569	0.3919	1.62	3.8	5.5	1
0.9873	0.0004	0.0123	1.11	9	21	1
0.414	0.0045	0.5815	1.91	3.3	4.2	2
0.3421	0.146	0.5119	1.91	3.3	4.2	3
0.4273	0.1323	0.4404	3.4	3.3	2.15	3
0.9831	0.0002	0.0166	1.4	4.5	8	1
0.0009	0.003	0.9961	8	5	1.36	2
0.0393	0.1285	0.8322	3.4	3.2	2.2	1
0.5788	0.0001	0.4211	1.85	3.4	4.33	3
0.0067	0.3228	0.6705	7.5	4.75	1.4	2
0.3807	0.0061	0.6132	1.73	3.6	4.75	2
0.6773	0.1818	0.141	2.7	3.3	2.6	2
0.0306	0.8597	0.1097	1.91	3.5	4	3
0.105	0.7946	0.1004	2.1	3.2	3.6	3
0.4294	0.0345	0.5361	1.73	3.6	4.75	1
0.028	0.6075	0.3645	1.83	3.6	4.2	2
0.6764	0.0148	0.3087	2.3	3.3	3.1	3
0.9956	0.0001	0.0043	1.17	7	15	1
0.0291	0.6737	0.2973	1.95	3.5	3.75	1
0.9755	0.0138	0.0107	1.14	8	15	1
0.6731	0.0922	0.2347	1.67	3.75	5	1
0.0098	0.0199	0.9703	2	3.5	3.6	3
0.3578	0.2911	0.3511	3.6	3.5	2	2
0.4111	0.0002	0.5886	2	3.3	3.8	3
0.6332	0.3095	0.0572	1.4	4.33	8.5	1
0.6849	0.0138	0.3013	1.57	3.8	6	1
0.122	0.6816	0.1964	2.5	3.4	2.7	2
0.2151	0.5238	0.2611	3.1	3.3	2.3	2
0.7134	0.0087	0.2779	2.2	3.3	3.3	3
0.0919	0.8525	0.0556	2	3.4	3.75	1
0.1144	0.4972	0.3884	2.3	3.2	3.2	1
0.0205	0.0006	0.9789	7	4.5	1.44	3
0.9199	0.0793	0.0007	1.36	4.75	8.5	1
0.2876	0.0011	0.7113	2.5	3.4	2.7	3
0.0121	0.5047	0.4832	7.5	4.75	1.4	3
0.2217	0.755	0.0233	2.05	3.4	3.5	1
