0.7611	0.2171	0.0218	1.72	3.5	4.75	1
0.7005	0.2634	0.0361	1.4	4	9	1
0.1908	0.5821	0.2271	2.05	3.2	3.6	2
0.0444	0.2163	0.7393	1.83	3.25	4.5	3
0.0002	0.2396	0.7602	1.72	3.4	5	3
0.5413	0.0736	0.3851	1.9	3.1	4.33	1
0.7939	0.1344	0.0718	3.4	3.2	2.15	1
0.8255	0.1312	0.0433	2.2	3.2	3.25	2
0.0027	0.4848	0.5125	7.5	4	1.44	2
0.2332	0.4983	0.2685	1.72	3.4	5	3
0.0133	0.4988	0.4878	2.2	3.2	3.25	2
0.4448	0.3309	0.2243	1.66	3.6	5	2
0.2531	0.0253	0.7216	3.2	3.1	2.25	3
0.564	0.1659	0.2701	1.72	3.4	5	2
0.8173	0.0951	0.0876	1.16	6.5	15	1
0.1694	0.7228	0.1078	2.05	3.25	3.6	2
0.3277	0.4875	0.1847	2.1	3.25	3.4	2
0.5189	0.4593	0.0218	2.1	3.2	3.5	2
0.0277	0.0228	0.9495	2.87	3.25	2.37	3
0.5176	0.3018	0.1807	2.4	3.25	2.9	2
0.724	0.1907	0.0853	1.18	6.75	15	1
0.2243	0.6167	0.1589	1.5	4	6.75	1
0.7177	0.2611	0.0212	2.1	3.3	3.5	1
0.8083	0.0191	0.1727	2.3	3.1	3.25	1
0.1039	0.279	0.6172	2.37	3.25	3	3
0.5528	0.4222	0.025	3.1	3.25	2.3	2
0.0844	0.2768	0.6388	6.25	4	1.53	2
0.5201	0.4562	0.0237	1.9	3.3	4.2	1
0.8771	0.0332	0.0897	1.4	4.5	8	1
0.3511	0.0342	0.6147	1.66	3.75	5	1
0.6939	0.1369	0.1691	2.37	3.25	3	1
0.1588	0.7788	0.0624	2.37	3.25	3	2
0.7307	0.0315	0.2379	1.72	3.4	5.25	1
0.43	0.4684	0.1016	3	3.25	2.37	3
0.5889	0.3092	0.1019	2.1	3.2	3.6	2
0.4488	0.2206	0.3305	2.37	3.25	3	3
0.4781	0.0574	0.4646	6	3.6	1.61	2
0.7883	0.0277	0.184	1.66	3.5	5.5	1
0.5932	0.2008	0.206	1.8	3.5	4.5	1
0.8732	0.0532	0.0736	1.44	4	8.5	3
0.1165	0.5706	0.3129	2.87	3.2	2.5	3
0.7384	0.189	0.0725	1.33	4.75	10	1
0.3058	0.1698	0.5244	2	3.3	3.8	3
0.379	0.403	0.2179	2.05	3.3	3.6	1
0.438	0.0531	0.5089	2.1	3.25	3.6	3
0.9222	0.0456	0.0322	1.72	3.5	5.25	1
0.0881	0.387	0.5249	2.7	3.25	2.6	3
0.8735	0.1046	0.0219	1.44	4.2	7.5	1
0.895	0.0303	0.0746	1.25	5.5	12	1
0.1	0.3034	0.5966	8	4.5	1.4	3
0.5667	0.2908	0.1425	2.8	3.25	2.5	1
0.5065	0.3775	0.116	2.1	3.25	3.5	3
0.906	0.0399	0.0541	1.66	3.75	5	1
0.6733	0.2318	0.095	2.2	3.3	3.2	1
0.8441	0.0829	0.0731	1.83	3.4	4.5	1
0.0433	0.1211	0.8355	5	3.6	1.72	3
0.0516	0.3441	0.6043	3	3.25	2.4	3
0.4422	0.1812	0.3767	1.72	3.5	5	3
0.9075	0.0682	0.0243	1.61	3.6	6	1
0.6344	0.3125	0.053	1.57	3.75	6.25	3
0.4241	0.2902	0.2857	2	3.3	3.8	2
0.617	0.1303	0.2527	1.44	4.2	7.5	1
0.8268	0.1426	0.0306	2.1	3.2	3.6	1
0.1747	0.7824	0.0429	2.4	3.25	2.9	2
0.5588	0.1779	0.2633	2.8	3.25	2.5	1
0.8427	0.1296	0.0277	1.25	5.5	12	1
0.4747	0.1632	0.3621	2.1	3.3	3.5	1
0.8166	0.021	0.1624	1.44	4.2	7.5	3
0.7084	0.2269	0.0648	1.44	4.2	7.5	1
0.0759	0.2131	0.711	3.6	3.3	2.05	1
0.0567	0.264	0.6793	3.1	3.25	2.3	3
0.1423	0.1434	0.7143	5.75	3.7	1.61	3
0.5114	0.0073	0.4813	4.2	3.5	1.85	1
0.8125	0.1344	0.0531	2.37	3.25	3	1
0.7182	0.2399	0.0419	1.9	3.4	4	1
0.523	0.3399	0.1371	2	3.3	3.75	2
0.4654	0.3421	0.1925	2	3.3	3.75	1
0.0616	0.4388	0.4997	2.37	3.25	3	3
0.2035	0.6017	0.1947	2.25	3.25	3.2	3
0.4566	0.1196	0.4239	2.1	3.25	3.6	2
0.5737	0.1545	0.2718	2.3	3.25	3.1	2
0.8675	0.1096	0.0228	1.3	5	11	1
0.6271	0.3192	0.0537	1.18	6.5	15	1
0.0512	0.5121	0.4368	5	3.8	1.66	3
0.8728	0.073	0.0542	2.3	3.25	3.1	1
0.2144	0.6926	0.0931	1.8	3.6	4.2	2
0.8962	0.058	0.0459	2.1	3.25	3.6	1
0.1531	0.1308	0.7161	2.3	3.25	3.1	1
0.6737	0.0181	0.3082	2.4	3.3	2.87	1
0.5594	0.3811	0.0595	2.7	3.3	2.6	3
0.8914	0.0203	0.0883	2.3	3.3	3.1	1
0.3828	0.2179	0.3992	2.05	3.3	3.6	3
0.5464	0.2889	0.1647	2.15	3.2	3.5	1
0.431	0.5383	0.0307	2.37	3.25	3	2
0.3908	0.0854	0.5238	2.3	3.2	3.1	2
0.1883	0.1739	0.6378	2.6	3.3	2.7	3
0.7484	0.2211	0.0305	1.25	5.25	13	1
0.4499	0.4798	0.0703	1.57	3.8	6	2
0.0822	0.5782	0.3396	7	4.33	1.44	2
0.781	0.113	0.1061	2.6	3.25	2.7	3
0.2498	0.191	0.5592	2.8	3.25	2.5	1
0.5412	0.2657	0.1931	2	3.3	3.8	1
0.7088	0.1633	0.1279	2.05	3.3	3.6	3
0.9187	0.0273	0.054	1.2	6	15	1
0.3527	0.2405	0.4068	2.62	3.25	2.62	1
0.6177	0.1449	0.2374	2.25	3.2	3.25	3
0.7442	0.0165	0.2394	1.95	3.3	4	3
0.0459	0.8189	0.1352	2.4	3.25	2.9	2
0.7217	0.0992	0.1791	1.57	3.6	6.5	3
0.3513	0.1437	0.5049	6	3.75	1.57	1
0.7397	0.0667	0.1937	1.44	4.2	7.5	1
0.1678	0.8075	0.0247	3.75	3.3	2	2
0.5288	0.3766	0.0946	2.62	3.3	2.62	1
0.8122	0.1124	0.0754	1.75	3.4	5	1
0.423	0.3351	0.2418	2.3	3.3	3.1	3
0.7123	0.068	0.2196	1.33	5	9	1
0.3569	0.2671	0.376	2.37	3.3	3	1
0.9389	0.0459	0.0152	1.72	3.5	5	1
0.8485	0.0825	0.0691	2.3	3.3	3.1	1
0.826	0.0906	0.0834	1.16	7	15	1
0.0594	0.7465	0.1941	6	3.6	1.61	2
0.3058	0.1434	0.5508	1.61	3.5	6.25	3
0.1556	0.7074	0.137	2.15	3.3	3.4	2
0.9066	0.0404	0.053	1.53	3.8	6.5	1
0.7604	0.1448	0.0948	2.65	3.2	2.65	1
0.6789	0.1547	0.1664	2.45	3.25	2.87	3
0.8571	0.1153	0.0276	3	3.2	2.4	1
0.5701	0.3191	0.1108	1.4	4.5	8	2
0.8175	0.0702	0.1122	1.95	3.3	4	2
0.7292	0.169	0.1018	3.75	3.25	2.05	1
0.2678	0.4019	0.3302	3.8	3.3	2	2
0.5415	0.0547	0.4037	1.33	4.75	10	1
0.1031	0.4321	0.4648	3.25	3.3	2.2	3
0.5464	0.3158	0.1378	1.53	3.75	7	1
0.569	0.2637	0.1673	2.2	3.25	3.3	3
0.0849	0.6287	0.2863	1.66	3.5	5.5	2
0.5468	0.1901	0.2631	2.5	3.25	2.8	1
0.5162	0.1863	0.2975	1.61	3.6	6	3
0.5943	0.2697	0.136	3.1	3.3	2.3	1
0.6247	0.0745	0.3008	2.9	3.3	2.37	2
0.2077	0.0394	0.753	4	3.4	1.9	3
0.0768	0.3897	0.5335	2.8	3.25	2.5	2
0.5801	0.1832	0.2368	2.4	3.3	3	1
0.8832	0.0137	0.1031	1.72	3.6	4.75	1
0.9127	0.0629	0.0244	1.2	6	15	1
0.4736	0.3744	0.152	2.4	3.3	2.87	3
0.6347	0.1727	0.1926	2.3	3.3	3.1	1
0.7878	0.0729	0.1393	1.44	4.2	7.5	1
0.393	0.4627	0.1443	1.53	4	6	3
0.2476	0.2651	0.4873	2.3	3.3	3.1	2
0.8993	0.0554	0.0454	1.36	4.5	9	1
0.247	0.2162	0.5368	3.5	3.3	2.1	3
0.7242	0.026	0.2498	2.05	3.3	3.6	1
0.3117	0.1996	0.4887	2.5	3.3	2.75	3
0.4154	0.4704	0.1141	2.4	3.3	2.9	2
0.3958	0.2962	0.3079	2.05	3.3	3.6	2
0.7705	0.0541	0.1754	2.5	3.25	2.8	1
0.8603	0.0378	0.1019	1.28	5.25	11	1
0.1765	0.4856	0.3379	2.9	3.3	2.4	2
0.4574	0.0562	0.4864	2.9	3.3	2.4	2
0.2764	0.3851	0.3386	2.4	3.3	2.9	3
0.3046	0.2355	0.4599	1.61	3.6	5.75	1
0.5195	0.397	0.0834	2.1	3.3	3.5	2
0.0472	0.7084	0.2444	1.95	3.3	4	2
0.0456	0.4462	0.5082	1.95	3.3	4	3
0.3871	0.0206	0.5923	2	3.4	3.7	3
0.4559	0.1519	0.3922	2.8	3.25	2.5	3
0.77	0.0797	0.1503	2.2	3.3	3.25	1
0.0474	0.7793	0.1733	2.2	3.3	3.25	2
0.2421	0.4508	0.3071	1.53	3.8	6.5	2
0.7219	0.031	0.2471	2.3	3.3	3.1	1
0.0878	0.5258	0.3864	4.75	3.5	1.75	3
0.4094	0.1157	0.4749	1.95	3.4	3.9	3
0.7727	0.0557	0.1716	2.87	3.3	2.4	3
0.8933	0.0709	0.0359	2.4	3.3	2.87	1
0.8137	0.1012	0.0851	1.33	4.75	10	1
0.1568	0.7721	0.0711	2.15	3.3	3.4	2
0.4119	0.2483	0.3398	2.05	3.25	3.75	1
0.7865	0.196	0.0175	1.61	3.4	6.5	1
0.8649	0.0296	0.1055	1.33	4.75	9.5	2
0.422	0.0501	0.528	3	3.25	2.35	1
0.7258	0.1116	0.1626	1.18	6	19	1
0.447	0.1388	0.4142	3.2	3.25	2.25	1
0.3782	0.2319	0.3899	2	3.3	3.75	1
0.5022	0.3778	0.12	2.35	3.25	3	1
0.1654	0.1301	0.7045	9	5	1.33	3
0.6455	0.279	0.0755	2.25	3.25	3.2	3
0.6891	0.0704	0.2405	2	3.3	3.75	1
0.3447	0.2698	0.3856	1.57	3.75	6	1
0.3241	0.445	0.2309	1.95	3.4	3.8	2
0.2775	0.052	0.6704	2.62	3.3	2.6	1
0.4269	0.3628	0.2103	2	3.3	3.75	1
0.818	0.0755	0.1065	2.1	3.3	3.5	1
0.2678	0.028	0.7042	2.75	3.3	2.5	3
0.7781	0.1488	0.0731	1.28	5.25	11	1
0.3434	0.2249	0.4316	2.1	3.3	3.5	2
0.3601	0.4372	0.2026	3.2	3.25	2.25	2
0.677	0.149	0.174	2.15	3.25	3.4	1
0.2069	0.5374	0.2557	2.4	3.25	2.9	1
0.6393	0.2878	0.0729	1.72	3.5	5	1
0.6693	0.0373	0.2933	1.57	3.75	6	1
0.1292	0.4246	0.4462	5.5	3.5	1.66	2
0.3977	0.1366	0.4657	1.9	3.2	4.5	3
0.3594	0.5072	0.1334	2.5	3.3	2.75	1
0.4422	0.1658	0.392	2.62	3.2	2.7	1
0.0905	0.452	0.4575	1.72	3.5	5	3
0.9012	0.0374	0.0613	1.5	4	7	1
0.1717	0.2332	0.5951	2.4	3.3	2.87	3
0.3721	0.5326	0.0953	2.25	3.3	3.1	2
0.5913	0.1666	0.2421	1.61	3.6	6	3
0.741	0.0137	0.2453	5	3.75	1.66	1
0.4903	0.0572	0.4525	2.05	3.25	3.75	3
0.081	0.8454	0.0736	1.5	4	7	2
0.8048	0.1899	0.0054	1.22	5.5	15	1
0.2577	0.0519	0.6904	2.1	3.3	3.5	3
0.4025	0.4773	0.1202	3.25	3.3	2.2	2
0.2424	0.3735	0.3841	3.25	3.3	2.2	3
0.4945	0.286	0.2195	2.25	3.3	3.2	3
0.5642	0.2747	0.1611	1.75	3.3	5.5	2
0.6546	0.2019	0.1436	1.83	3.4	4.5	1
0.1584	0.5503	0.2912	2.37	3.25	3	2
0.6239	0.1176	0.2586	3.1	3.3	2.3	3
0.2886	0.3024	0.409	2.8	3.25	2.5	2
0.0241	0.4964	0.4796	1.72	3.5	5	1
0.495	0.1609	0.3441	1.61	3.6	6	3
0.5856	0.3721	0.0423	2	3.3	3.8	2
0.5615	0.1557	0.2827	2.37	3.25	3	1
0.8273	0.1318	0.0409	1.3	5	10	1
0.3443	0.0648	0.5909	2.5	3.25	2.8	3
0.4381	0.1201	0.4418	1.72	3.5	5	1
0.3598	0.1904	0.4498	4.75	3.5	1.8	1
0.5047	0.3884	0.1069	2.5	3.3	2.75	3
0.0769	0.165	0.7582	3.75	3.3	2	3
0.856	0.0156	0.1283	1.9	3.4	4	1
0.6704	0.2104	0.1192	1.61	3.75	5.5	3
0.8728	0.0363	0.091	2.4	3.4	2.8	2
0.5208	0.2737	0.2055	2.87	3.4	2.37	1
0.5862	0.2874	0.1264	2.3	3.25	3.1	1
0.1678	0.5149	0.3174	2.25	3.25	3.2	2
0.6916	0.2689	0.0395	1.83	3.5	4.33	2
0.7163	0.194	0.0897	1.7	3.5	5.25	1
0.689	0.123	0.1881	1.75	3.4	5.25	2
0.1436	0.3186	0.5378	2.5	3.25	2.8	3
0.9228	0.0413	0.0359	1.12	8	21	1
0.5554	0.3516	0.093	2.4	3.3	2.87	1
0.546	0.2265	0.2275	2	3.3	3.75	2
0.6087	0.3196	0.0717	2.37	3.25	3	3
0.2003	0.064	0.7357	2.4	3.1	3.1	1
0.5026	0.0077	0.4897	1.33	4.5	11	3
0.5647	0.0358	0.3995	2.1	3.25	3.5	1
0.736	0.2385	0.0255	3.75	3.4	2	1
0.6448	0.3312	0.024	2.4	3.3	2.87	1
0.7688	0.1004	0.1308	2.9	3.4	2.35	1
0.025	0.0776	0.8973	4.33	3.4	1.83	3
0.126	0.8027	0.0713	2.2	3.25	3.25	2
0.4488	0.5136	0.0376	1.83	3.4	4.5	1
0.4156	0.393	0.1914	2.05	3.4	3.5	2
0.203	0.5974	0.1997	3.2	3.3	2.2	1
0.6889	0.1959	0.1151	2.3	3.25	3.1	3
0.2271	0.4304	0.3425	1.7	3.6	5	2
0.5856	0.2657	0.1487	1.5	3.75	7.5	1
0.6873	0.1204	0.1923	2.6	3.25	2.65	1
0.9313	0.0332	0.0355	2.1	3.3	3.5	1
0.1143	0.0521	0.8336	1.5	4.2	6	3
0.7701	0.0346	0.1953	2	3.3	3.75	1
0.1611	0.3241	0.5147	2.75	3.25	2.5	3
0.7462	0.2073	0.0465	2.1	3.3	3.5	1
0.5909	0.3951	0.014	2	3.3	3.75	1
0.5873	0.0936	0.319	1.22	6	13	1
0.373	0.2371	0.3898	1.8	3.5	4.5	2
0.6902	0.2482	0.0615	2.25	3.25	3.2	3
0.3744	0.358	0.2676	3.75	3.3	2	1
0.7976	0.0622	0.1402	1.9	3.4	4	1
0.5771	0.1063	0.3167	2.5	3.3	2.75	3
0.4429	0.2138	0.3433	4.75	3.5	1.75	2
0.5301	0.2061	0.2637	1.28	5.25	11	1
0.5295	0.4157	0.0548	2.1	3.25	3.6	1
0.6998	0.0245	0.2758	2.2	3.2	3.4	1
0.0717	0.7737	0.1546	2.1	3.3	3.5	2
0.7274	0.0673	0.2053	1.72	3.6	4.75	1
0.748	0.0189	0.233	2.2	3.3	3.25	1
0.267	0.706	0.027	1.85	3.6	4	3
0.4392	0.3013	0.2595	2.2	3.3	3.25	1
0.7109	0.11	0.1791	1.22	6	12	1
0.2708	0.0778	0.6514	4.75	3.6	1.72	3
0.1176	0.8182	0.0642	3.1	3.25	2.3	1
0.5945	0.0534	0.352	2.05	3.3	3.6	3
0.6392	0.2949	0.0659	1.5	3.8	7.25	3
0.7987	0.1147	0.0866	1.9	3.4	4	1
0.3182	0.2619	0.4199	1.8	3.6	4.33	2
0.415	0.1225	0.4626	4.75	3.6	1.72	1
0.4213	0.4971	0.0816	2	3.4	3.75	1
0.5446	0.0282	0.4273	1.57	3.75	6	1
0.4051	0.3768	0.218	2.1	3.3	3.5	3
0.3306	0.0775	0.5919	2.2	3.2	3.4	3
0.651	0.1127	0.2363	1.8	3.4	4.75	1
0.6881	0.1469	0.165	1.85	3.4	4.33	1
0.0826	0.487	0.4304	2.37	3.3	2.9	2
0.4176	0.3339	0.2484	1.9	3.4	4	3
0.3397	0.2653	0.395	2.35	3.3	3	1
0.186	0.5265	0.2876	3.4	3.4	2.1	2
0.4155	0.3509	0.2336	1.85	3.5	4.2	3
0.5935	0.0806	0.3259	2.2	3.25	3.3	1
0.3866	0.3583	0.2551	1.61	3.75	5.5	1
0.469	0.1902	0.3408	1.33	4.75	9.5	2
0.1997	0.159	0.6413	2.9	3.3	2.37	3
0.1987	0.0567	0.7447	2.9	3.3	2.37	1
0.6961	0.2146	0.0893	2	3.3	3.8	3
0.489	0.1541	0.3569	2.1	3.4	3.4	1
0.449	0.2002	0.3507	1.95	3.3	4	3
0.2229	0.3857	0.3914	4.5	3.75	1.72	2
0.1622	0.1552	0.6825	2.1	3.3	3.5	3
0.3314	0.2886	0.38	3.2	3.25	2.25	1
0.5962	0.3956	0.0083	1.44	4.2	7.5	3
0.3936	0.1132	0.4932	2.25	3.25	3.2	3
0.0238	0.6409	0.3353	2.62	3.25	2.62	2
0.1288	0.4669	0.4043	2.1	3.4	3.4	1
0.445	0.4432	0.1119	2.8	3.4	2.4	3
0.6376	0.3279	0.0345	1.22	6	12	1
0.543	0.3326	0.1244	2.62	3.3	2.62	2
0.6526	0.1211	0.2264	1.61	3.6	6	3
0.7535	0.0784	0.1681	1.53	3.75	7	2
0.743	0.0695	0.1875	1.5	3.8	7.5	3
0.3104	0.4007	0.2889	1.75	3.5	4.75	1
0.736	0.2455	0.0184	2.37	3.3	2.9	1
0.3832	0.5458	0.071	3.25	3.3	2.2	1
0.1607	0.4996	0.3396	2.62	3.3	2.6	3
0.6693	0.1019	0.2288	2.2	3.3	3.25	3
0.4368	0.2156	0.3476	2.9	3.25	2.4	3
0.6077	0.2898	0.1024	1.66	3.5	5.5	1
0.3469	0.2169	0.4362	2.87	3.3	2.4	1
0.2809	0.3175	0.4017	4.5	3.7	1.75	2
0.1362	0.1146	0.7492	2.75	3.3	2.5	3
0.4044	0.2258	0.3698	2.3	3.3	3	2
0.1716	0.3581	0.4704	2.9	3.3	2.37	2
0.4692	0.0572	0.4735	2.3	3.25	3.1	1
0.9423	0.0428	0.0148	1.4	4.33	8.5	1
0.5135	0.0301	0.4564	1.53	3.8	6.5	1
0.5326	0.2823	0.1851	1.83	3.6	4.2	1
0.7252	0.0369	0.238	2.1	3.3	3.5	1
0.4462	0.263	0.2908	1.57	3.6	6.5	1
0.5649	0.2837	0.1515	2.05	3.3	3.6	1
0.1944	0.579	0.2265	2.2	3.3	3.25	2
0.6459	0.0194	0.3346	2.2	3.3	3.25	3
0.2802	0.1154	0.6044	1.66	3.75	5	1
0.2988	0.6439	0.0574	3.4	3.4	2.1	2
0.0767	0.3282	0.5951	3	3.2	2.37	3
0.6709	0.0188	0.3103	1.4	4.33	8.5	1
0.4368	0.4333	0.1298	1.44	4.33	7	1
0.8419	0.0966	0.0615	1.72	3.6	4.75	1
0.4978	0.2721	0.23	2.25	3.25	3.2	2
0.3948	0.0833	0.5219	1.85	3.4	4.33	1
0.4695	0.1311	0.3994	1.33	4.5	11	1
0.5562	0.2994	0.1445	2.1	3.3	3.5	1
0.0588	0.4788	0.4624	3	3.2	2.37	3
0.6811	0.3053	0.0135	2.25	3.2	3.25	1
0.395	0.1971	0.4079	3	3.2	2.37	3
0.4049	0.4793	0.1157	2.7	3.25	2.6	3
0.5956	0.0781	0.3264	2.1	3.3	3.5	1
0.1102	0.1359	0.7539	3.4	3.25	2.15	3
0.0804	0.418	0.5015	2.62	3.3	2.6	3
0.4036	0.4073	0.1891	2.6	3.3	2.62	2
0.7958	0.0754	0.1288	1.57	3.8	6.5	1
0.8988	0.0382	0.063	1.57	3.75	6	3
0.4344	0.2847	0.2808	3.4	3.4	2.1	3
0.1167	0.43	0.4533	5	3.5	1.72	3
0.6232	0.152	0.2248	1.36	4.2	9	1
0.2347	0.3351	0.4302	2.1	3.25	3.6	2
0.9215	0.0502	0.0284	1.57	3.75	6	1
0.3027	0.0333	0.664	1.9	3.6	3.8	2
0.1854	0.1409	0.6737	5.5	4	1.57	3
0.2907	0.3777	0.3316	2.1	3.3	3.5	3
0.3762	0.3993	0.2246	1.95	3.4	3.75	2
0.554	0.0284	0.4176	2.37	3.3	2.9	3
0.6827	0.2324	0.0849	2.4	3.6	2.7	1
0.8797	0.0609	0.0594	1.14	7.5	16	1
0.8325	0.1216	0.0459	2.1	3.1	3.8	2
0.6579	0.0164	0.3257	2.25	3.5	3	1
0.6875	0.3094	0.0031	1.44	4.33	7	1
0.5391	0.3657	0.0951	2.6	3.1	2.8	1
0.5894	0.1927	0.2179	2	3.3	3.8	1
0.7814	0.1875	0.0311	1.7	3.6	5.25	1
0.2314	0.5871	0.1815	2	3.3	3.8	3
0.8235	0.0261	0.1504	1.44	4.2	7.5	1
0.5405	0.307	0.1524	2	3.25	3.8	3
0.6815	0.0275	0.2909	3.5	3.3	2.1	1
0.6543	0.298	0.0477	7	4	1.5	1
0.0228	0.6169	0.3604	2.8	3.3	2.5	2
0.3443	0.4937	0.162	2.8	3.3	2.5	2
0.5333	0.3672	0.0994	2.62	3.3	2.62	3
0.2131	0.7484	0.0384	1.29	5	12	2
0.4364	0.0472	0.5164	3.2	3.4	2.2	1
0.0944	0.477	0.4285	2.75	3.3	2.5	2
0.9234	0.0293	0.0472	2.1	3.3	3.5	2
0.4985	0.4294	0.0722	2.5	3.25	2.8	2
0.8363	0.1247	0.039	2.2	3.2	3.4	2
0.2962	0.4572	0.2466	1.25	5.5	12	1
0.2251	0.0527	0.7222	2.3	3.3	3.1	3
0.7587	0.2122	0.029	1.33	5	9	1
0.7364	0.1992	0.0643	2	3.25	4	1
0.5423	0.009	0.4487	1.5	3.8	7.25	1
0.7255	0.1989	0.0755	2.1	3.3	3.5	2
0.8011	0.0683	0.1306	1.83	3.5	4.33	1
0.593	0.1306	0.2764	2	3.3	3.75	1
0.1457	0.51	0.3443	3.1	3.25	2.3	2
0.177	0.3787	0.4443	1.91	3.3	4.2	2
0.3315	0.0256	0.6429	3	3.4	2.3	3
0.3128	0.118	0.5692	3.4	3.4	2.1	3
0.0212	0.2817	0.6971	7.5	3.8	1.5	3
0.8737	0.0378	0.0885	1.62	3.75	5.5	1
0.7512	0.2387	0.0101	1.2	6	15	1
0.4008	0.1201	0.4792	2.9	3.25	2.4	3
0.6396	0.2634	0.097	2.25	3.25	3.2	2
0.6317	0.1709	0.1974	1.17	6.5	17	1
0.8754	0.1048	0.0198	1.62	3.6	6	1
0.9087	0.0291	0.0623	1.57	3.75	6	1
0.2796	0.5322	0.1881	3.75	3.3	2	3
0.7838	0.0419	0.1743	1.85	3.4	4.33	1
0.2094	0.7514	0.0392	2.35	3.25	3	2
0.5292	0.0155	0.4553	2.1	3.3	3.5	1
0.0621	0.3046	0.6333	4.33	3.6	1.8	3
0.1221	0.2175	0.6604	4.5	3.5	1.8	3
0.0022	0.3614	0.6365	5.5	3.75	1.62	3
0.6534	0.1795	0.167	1.8	3.5	4.5	1
0.8891	0.0476	0.0634	2.2	3.25	3.3	3
0.4234	0.2301	0.3465	2.05	3.3	3.6	3
0.5835	0.0468	0.3697	2.5	3.25	2.8	1
0.2514	0.4585	0.2901	2.38	3.25	3	2
0.6898	0.0388	0.2714	2.2	3.1	3.5	3
0.95	0.025	0.025	1.67	3.6	5.25	1
0.7161	0.1952	0.0887	1.62	3.6	6	1
0.9013	0.0118	0.0868	1.57	3.6	6.5	1
0.3264	0.5603	0.1133	2	3.4	3.75	2
0.821	0.0102	0.1688	1.73	3.5	5	1
0.504	0.0818	0.4142	1.62	3.6	6	3
0.6133	0.026	0.3607	2.05	3.25	3.75	3
0.2852	0.6865	0.0283	1.33	5	9	2
0.4903	0.1187	0.391	2.1	3.25	3.6	3
0.8476	0.1428	0.0095	1.44	4.2	7.5	1
0.2673	0.0346	0.6982	3.3	3.25	2.2	3
0.5459	0.0056	0.4485	2.9	3.3	2.4	3
0.4718	0.2569	0.2713	2.75	3.3	2.5	2
0.181	0.1322	0.6868	2.7	3.25	2.6	3
0.0665	0.2449	0.6886	6	4	1.53	3
0.372	0.081	0.547	2	3.3	3.8	1
0.6408	0.2519	0.1073	2.5	3.25	2.8	1
0.39	0.4638	0.1462	2.15	3.25	3.4	2
0.8821	0.088	0.0299	2.62	3.25	2.62	1
0.8757	0.0207	0.1036	1.33	4.6	10	1
0.5678	0.2847	0.1475	1.83	3.4	4.5	2
0.8238	0.1727	0.0036	1.22	5.75	13	1
0.2801	0.0407	0.6792	2.3	3.2	3.2	3
0.6397	0.1401	0.2202	1.91	3.3	4.2	1
0.5243	0.0626	0.4132	1.73	3.5	5	3
0.7638	0.1928	0.0435	2.38	3.2	3	1
0.4904	0.0955	0.4141	2.5	3.25	2.8	1
0.9037	0.0283	0.068	1.25	5.5	11	1
0.1392	0.4358	0.4249	4	3.4	1.91	2
0.6513	0.289	0.0597	1.36	4.75	8.5	3
0.6143	0.3609	0.0248	2.05	3.4	3.6	2
0.1308	0.426	0.4432	3.25	3.3	2.2	3
0.7636	0.088	0.1483	1.53	4	6	1
0.0487	0.1766	0.7747	9	4.5	1.36	3
0.9614	0.0065	0.0321	1.36	4.5	9	3
0.1066	0.2559	0.6375	5.5	3.5	1.67	2
0.8953	0.0538	0.051	1.91	3.3	4.2	3
0.6797	0.2172	0.1031	2	3.3	3.8	1
0.7272	0.0896	0.1832	2.5	3.25	2.8	2
0.8287	0.1116	0.0597	2.1	3.4	3.4	1
0.4484	0.2369	0.3147	3.2	3.25	2.25	1
0.9363	0.01	0.0536	1.17	6.5	18	1
0.7968	0.0698	0.1334	1.22	6	13	1
0.2177	0.3252	0.4571	2.9	3.3	2.4	3
0.8169	0.0363	0.1468	2.15	3.3	3.4	1
0.6836	0.0713	0.2451	2.1	3.3	3.5	2
0.3007	0.1795	0.5199	2.6	3.25	2.75	3
0.3784	0.4249	0.1967	3.2	3.3	2.25	2
0.3563	0.2335	0.4102	2	3.3	3.75	1
0.4479	0.1779	0.3742	1.36	4.5	9	1
0.8383	0.0452	0.1165	1.53	3.75	7	1
0.7543	0.0023	0.2433	1.36	4.75	8.5	3
0.4268	0.2696	0.3035	4.2	3.3	1.91	1
0.6901	0.2406	0.0693	2	3.3	3.8	1
0.658	0.3048	0.0372	2.1	3.3	3.5	1
0.5479	0.0052	0.4468	1.62	3.75	5.5	1
0.8629	0.0823	0.0548	1.91	3.4	4	1
0.7111	0.0732	0.2157	1.73	3.5	5	3
0.3603	0.314	0.3257	2.88	3.3	2.4	3
0.0279	0.4838	0.4883	3.4	3.4	2.1	2
0.0181	0.1011	0.8808	9	5	1.33	3
0.6804	0.0664	0.2532	1.3	5.5	9	1
0.2363	0.3042	0.4595	2.2	3.25	3.3	2
0.5319	0.0422	0.4259	1.44	4	8	3
0.9144	0.0748	0.0108	1.18	7	15	2
0.1183	0.7402	0.1416	2	3.3	3.8	1
0.3271	0.2219	0.451	2.1	3.4	3.4	2
0.0492	0.3395	0.6112	3.6	3.5	2	2
0.7794	0.1284	0.0922	2.25	3.2	3.25	1
0.4031	0.5507	0.0461	2.1	3.25	3.6	1
0.6891	0.0748	0.2361	2.4	3.2	3	3
0.4762	0.3287	0.195	3.5	3.3	2.1	1
0.2389	0.0434	0.7177	3.4	3.5	2.1	3
0.3459	0.2765	0.3777	2.1	3.3	3.5	3
0.7191	0.1656	0.1153	1.85	3.5	4.2	1
0.4658	0.4634	0.0708	1.57	3.8	6	1
0.2908	0.0802	0.629	2.1	3.3	3.5	3
0.7682	0.057	0.1748	2.2	3.25	3.25	1
0.4709	0.0466	0.4825	3.5	3.3	2.1	3
0.6896	0.0151	0.2954	1.8	3.4	4.5	1
0.7194	0.0886	0.192	2	3.3	3.8	1
0.6703	0.2866	0.0432	1.53	4.2	6	1
0.5925	0.056	0.3514	3.4	3.2	2.2	3
0.6212	0.2855	0.0933	1.73	3.6	4.75	2
0.5565	0.3927	0.0508	1.67	3.6	5.25	2
0.7604	0.1383	0.1013	1.91	3.4	4	1
0.3795	0.0493	0.5712	1.91	3.4	4	3
0.7786	0.1001	0.1213	2.4	3.4	2.8	1
0.3228	0.4696	0.2075	2.2	3.4	3.2	2
0.3203	0.0744	0.6053	2.1	3.4	3.4	3
0.1474	0.5726	0.2801	2.1	3.25	3.6	2
0.6402	0.2963	0.0636	1.57	3.8	6	1
0.8883	0.0742	0.0375	1.53	4	6	1
0.5591	0.2023	0.2386	2.2	3.3	3.25	2
0.5779	0.118	0.3041	2	3.3	3.8	1
0.7986	0.0772	0.1243	1.62	3.75	5.5	1
0.8364	0.0122	0.1514	1.85	3.4	4.33	1
0.7879	0.0543	0.1578	1.95	3.3	4	1
0.7629	0.0517	0.1854	2.3	3.25	3.1	1
0.3067	0.4134	0.2799	2.05	3.3	3.6	1
0.5713	0.0578	0.3709	2.1	3.4	3.4	1
0.2453	0.0701	0.6846	3.4	3.4	2.1	3
0.8348	0.023	0.1422	1.9	3.4	4	1
0.6422	0.0238	0.3339	2.1	3.25	3.6	3
0.8939	0.0426	0.0636	1.72	3.5	5	1
0.2776	0.5945	0.1278	3.5	3.5	2.05	2
0.4248	0.4553	0.1199	2.5	3.4	2.75	1
0.1768	0.4485	0.3747	2.4	3.3	2.87	1
0.4115	0.3898	0.1987	2.05	3.4	3.6	2
0.809	0.0133	0.1777	2.3	3	3.4	1
0.0188	0.0941	0.8872	4.2	3.75	1.8	3
0.9788	0.0099	0.0113	1.18	6.5	15	1
0.7541	0.0237	0.2222	2.1	3.4	3.4	1
0.6374	0.244	0.1187	2.37	3.3	3	1
0.6467	0.1985	0.1549	1.9	3.4	4	2
0.1133	0.553	0.3337	2.1	3.3	3.5	3
0.651	0.096	0.253	1.95	3.25	4.2	1
0.7893	0.044	0.1667	1.75	3.75	4.5	1
0.6676	0.079	0.2534	2.1	3.3	3.5	1
0.6664	0.2807	0.0529	1.36	4.5	9	2
0.787	0.0781	0.1349	2	3.4	3.75	3
0.1147	0.1089	0.7764	2.7	3.2	2.7	3
0.3983	0.5532	0.0486	2	3.3	3.8	2
0.8295	0.0564	0.114	1.62	3.6	6	3
0.1572	0.0848	0.758	2	3.4	3.7	3
0.2124	0.6743	0.1133	2.05	3.5	3.6	2
0.5836	0.0572	0.3592	4.75	3.5	1.75	3
0.4289	0.1705	0.4006	2.5	3.3	2.8	1
0.0132	0.127	0.8598	8	4.5	1.4	3
0.2591	0.3748	0.366	1.91	3.4	4	2
0.6309	0.032	0.3371	2.38	3.1	3.2	1
0.4376	0.5222	0.0402	1.25	5.5	12	1
0.6523	0.0141	0.3336	1.33	4.75	9.5	1
0.0516	0.6752	0.2732	3	3.4	2.3	2
0.5358	0.417	0.0472	3	3.4	2.3	1
0.3387	0.1425	0.5189	2.2	3.3	3.3	3
0.7827	0.1568	0.0606	2	3.4	3.75	1
0.9135	0.0414	0.0451	1.25	5.5	12	1
0.8869	0.0644	0.0487	2.25	3	3.5	1
0.1653	0.3771	0.4576	2.05	3.4	3.5	3
0.4249	0.4662	0.1089	1.44	4.2	7.5	1
0.9013	0.0124	0.0863	1.14	7.5	18	1
0.3413	0.5781	0.0806	1.5	4	7	2
0.6475	0.3112	0.0414	2.4	3.3	2.87	1
0.7833	0.0474	0.1693	1.9	3.3	4	1
0.4619	0.5208	0.0173	2.7	3.4	2.5	2
0.7418	0.194	0.0642	3.2	3.3	2.25	1
0.744	0.2274	0.0286	1.4	4.5	7.5	1
0.2072	0.5142	0.2786	2.5	3.25	2.8	1
0.8967	0.0542	0.0491	1.53	3.8	6.5	3
0.6975	0.1403	0.1622	2.05	3.4	3.6	2
0.2505	0.2596	0.4898	2	3.5	3.6	1
0.4599	0.0788	0.4612	6.5	3.6	1.57	3
0.0767	0.5014	0.422	1.53	3.8	7.5	3
0.4729	0.4452	0.0818	2.1	3.4	3.4	2
0.4892	0.5012	0.0097	2	3.4	3.75	2
0.3879	0.4856	0.1264	2.5	3.4	2.75	1
0.3512	0.1812	0.4676	2	3.25	4	1
0.199	0.0205	0.7805	7.5	3.75	1.5	3
0.6474	0.1339	0.2188	3.75	3.25	2.05	1
0.3631	0.1121	0.5248	1.61	3.6	6	1
0.7725	0.195	0.0325	1.4	4.33	8.5	1
0.3894	0.4049	0.2056	1.75	3.5	4.75	3
0.8895	0.0938	0.0166	1.16	6.5	17	1
0.3918	0.5595	0.0487	1.9	3.4	4	2
0.5151	0.2776	0.2073	2.05	3.4	3.6	1
0.2817	0.3928	0.3255	2.4	3.3	2.87	2
0.0897	0.4009	0.5094	2.62	3.3	2.62	1
0.2999	0.2192	0.481	2.87	3.4	2.37	3
0.2595	0.6949	0.0456	2.1	3.4	3.4	1
0.8443	0.0492	0.1065	1.5	4	7	1
0.0077	0.6051	0.3871	6.5	4	1.53	2
0.6418	0.2778	0.0804	2.05	3.25	3.75	2
0.2931	0.3498	0.357	1.73	3.6	4.75	2
0.5017	0.0883	0.41	2.2	3.4	3.25	1
0.252	0.3762	0.3717	1.8	3.4	4.5	2
0.406	0.3707	0.2233	1.73	3.5	5	2
0.0666	0.3765	0.5569	3.1	3.3	2.3	3
0.4369	0.0495	0.5136	2.3	3.3	3.1	3
0.2935	0.4187	0.2878	2.4	3.3	3	2
0.1055	0.0828	0.8118	5.5	3.75	1.62	3
0.8278	0.0864	0.0858	1.22	5.75	13	3
0.9261	0.015	0.0589	1.44	4.33	7	1
0.7685	0.0398	0.1916	2	3.3	3.75	1
0.3671	0.3984	0.2344	1.57	3.8	6	1
0.2912	0.6359	0.073	2.1	3.3	3.5	2
0.6774	0.0777	0.245	2.4	3.25	2.9	2
0.8054	0.1221	0.0726	2.5	3.25	2.8	1
0.8341	0.1087	0.0572	1.72	3.5	5	1
0.0444	0.3067	0.6489	2.1	3.25	3.6	2
0.6195	0.1904	0.1901	2.2	3.25	3.25	3
0.2354	0.4012	0.3633	2.75	3.25	2.6	3
0.0225	0.2631	0.7145	4.5	3.5	1.8	3
0.2431	0.3396	0.4173	2.2	3.25	3.4	1
0.5522	0.3202	0.1276	3.75	3.6	1.9	1
0.1752	0.3465	0.4782	2.5	3.25	2.8	2
0.6052	0.138	0.2567	1.8	3.5	4.5	3
0.2846	0.4169	0.2985	2.62	3.25	2.62	3
0.2958	0.1629	0.5413	2.4	3.2	3.1	2
0.6999	0.0166	0.2835	2.3	3.25	3.1	3
0.2067	0.1611	0.6323	1.8	3.4	4.75	3
0.7262	0.0793	0.1944	1.28	5.5	9.5	1
0.6803	0.2843	0.0354	1.72	3.6	4.75	2
0.7194	0.0723	0.2084	1.8	3.4	4.75	1
0.2581	0.3214	0.4205	2.2	3.3	3.3	3
0.8039	0.1282	0.0678	2.2	3.2	3.4	1
0.2505	0.3775	0.372	2.3	3.25	3.1	2
0.2533	0.2829	0.4638	3.4	3.4	2.1	1
0.3212	0.0378	0.641	1.66	3.4	6	3
0.4523	0.1567	0.391	2.3	3.3	3.1	3
0.8696	0.085	0.0455	1.72	3.6	4.75	1
0.0522	0.2382	0.7097	3.75	3.4	2	3
0.6066	0.0708	0.3227	1.91	3.4	4.33	2
0.0313	0.2359	0.7328	5.75	3.8	1.6	3
0.3449	0.3283	0.3268	2.05	3.4	3.6	1
0.4675	0.4878	0.0447	2.1	3.3	3.5	2
0.2455	0.3971	0.3574	2.1	3.3	3.5	2
0.1363	0.5604	0.3033	2.8	3.3	2.5	2
0.6833	0.0658	0.2509	1.8	3.4	4.75	1
0.6211	0.0313	0.3476	2.62	3.2	2.7	1
0.6241	0.2336	0.1423	2.05	3.4	3.6	1
0.7601	0.1782	0.0616	1.66	3.6	5.5	1
0.592	0.313	0.095	1.72	3.6	4.75	1
0.8827	0.02	0.0972	1.22	6	13	1
0.4015	0.0338	0.5646	2	3.3	3.8	1
0.5183	0.3743	0.1074	2.2	3.3	3.25	2
0.6488	0.1783	0.1729	3	3.4	2.3	1
0.7236	0.0977	0.1787	2.35	3.25	3	1
0.8604	0.038	0.1017	2.15	3.25	3.4	1
0.922	0.0496	0.0284	1.3	5.25	9.5	1
0.852	0.0628	0.0852	2.4	3.25	2.9	3
0.7293	0.105	0.1657	2.4	3.2	3	1
0.4377	0.5526	0.0097	2	3.4	3.6	1
0.1109	0.471	0.4181	1.61	3.75	5.5	2
0.0037	0.4685	0.5278	4.75	3.6	1.72	3
0.092	0.3362	0.5718	3.6	3.4	2	3
0.0074	0.2293	0.7632	6	4	1.53	3
0.8109	0.0865	0.1027	1.66	3.6	5.25	3
0.6808	0.1539	0.1653	2.4	3.2	3	1
0.119	0.025	0.856	2.62	3.25	2.62	3
0.5883	0.2346	0.1771	1.85	3.5	4.2	1
0.9419	0.0511	0.007	1.14	7.5	17	1
0.434	0.0851	0.4809	2.1	3.3	3.5	3
0.1361	0.3701	0.4937	2.5	3.4	2.75	3
0.1961	0.6631	0.1408	2.1	3.4	3.4	1
0.4234	0.5504	0.0261	2.5	3.25	2.8	2
0.4068	0.0969	0.4963	2.1	3.25	3.6	1
0.9041	0.0884	0.0075	1.29	5.5	10	1
0.1037	0.4182	0.4781	2	3.4	3.75	3
0.672	0.1618	0.1662	1.53	3.75	7	3
0.4328	0.1423	0.425	3.6	3.2	2.1	3
0.2883	0.5963	0.1155	2.15	3.4	3.3	3
0.0413	0.3094	0.6493	1.33	4.75	9.5	1
0.0406	0.351	0.6084	7	4.33	1.44	3
0.3499	0.5518	0.0983	2	3.4	3.7	2
0.0364	0.17	0.7936	6	3.8	1.57	3
0.8242	0.0184	0.1574	2.25	3.25	3.2	1
0.8515	0.0415	0.1071	1.67	3.6	5.25	1
0.6987	0.143	0.1583	2.15	3.25	3.4	1
0.7943	0.0117	0.1939	2.1	3.4	3.4	1
0.5202	0.3303	0.1495	2.3	3.4	3	2
0.4705	0.0541	0.4754	2.62	3.4	2.6	3
0.96	0.0152	0.0248	1.25	5.5	12	1
0.7979	0.1874	0.0147	1.36	4.75	8	1
0.4972	0.0625	0.4404	2.9	3.25	2.4	3
0.6524	0.1414	0.2061	2	3.3	3.75	1
0.1696	0.3096	0.5207	2.15	3.3	3.3	3
0.6275	0.3418	0.0307	2.05	3.3	3.6	1
0.5863	0.0619	0.3519	2.87	3.3	2.4	1
0.361	0.0493	0.5896	2.65	3.3	2.6	3
0.505	0.2622	0.2328	1.65	3.6	5.5	1
0.826	0.0672	0.1068	1.66	3.6	5.5	1
0.1622	0.6277	0.2101	2.1	3.3	3.5	2
0.6102	0.1799	0.2099	4	3.4	1.9	2
0.6394	0.2719	0.0887	2.1	3.25	3.6	1
0.668	0.2075	0.1244	1.4	4.5	8	1
0.4307	0.5523	0.0169	2.2	3.25	3.3	1
0.167	0.4684	0.3647	2.5	3.25	2.8	3
0.1958	0.1822	0.622	2.37	3.25	3	3
0.43	0.2199	0.35	2.62	3.3	2.6	3
0.0961	0.7826	0.1214	2.1	3.3	3.5	2
0.5118	0.2952	0.1929	3.1	3.4	2.25	1
0.6176	0.2322	0.1502	2.5	3.4	2.75	3
0.5236	0.048	0.4285	2.37	3.4	2.87	3
0.6303	0.2512	0.1185	2.87	3.4	2.37	3
0.6684	0.0548	0.2768	2.87	3.4	2.37	1
0.846	0.1412	0.0128	1.75	3.5	4.75	1
0.3037	0.6244	0.0719	2.1	3.3	3.5	1
0.6389	0.0463	0.3148	1.75	3.5	4.75	3
0.4656	0.112	0.4223	2.25	3.1	3.2	3
0.2806	0.6023	0.1172	2.62	3.3	2.62	2
0.8807	0.0642	0.0551	3	3.2	2.4	1
0.7912	0.1704	0.0385	1.53	3.8	6.5	1
0.7453	0.0495	0.2052	2.3	3.4	3	1
0.6027	0.1971	0.2002	2	3.4	3.75	1
0.834	0.145	0.0209	1.73	3.6	4.75	1
0.7276	0.2623	0.0101	1.33	4.75	9	2
0.7501	0.0155	0.2345	2.1	3.25	3.6	1
0.1956	0.755	0.0494	2.1	3.3	3.5	1
0.3179	0.3175	0.3646	2.5	3.25	2.8	3
0.1034	0.0699	0.8267	1.8	3.6	4.33	2
0.4804	0.5153	0.0042	1.85	3.5	4.2	2
0.1072	0.7976	0.0952	2.88	3.3	2.4	2
0.2813	0.2897	0.429	2.25	3.5	3	1
0.4116	0.5643	0.0241	2.2	3.5	3.1	1
0.7038	0.173	0.1232	1.6	4	5.25	1
0.7528	0.0297	0.2175	1.62	3.8	5.5	1
0.3044	0.0233	0.6724	5.25	3.75	1.6	1
0.5848	0.168	0.2472	2.38	3.25	3	1
0.6631	0.1497	0.1872	1.8	3.6	4.5	1
0.6852	0.2488	0.0659	2.4	3.3	2.88	1
0.5695	0.3317	0.0988	2.8	3.3	2.5	3
0.3098	0.223	0.4672	4	3.75	1.83	3
0.8002	0.1284	0.0714	2	3.5	3.6	3
0.8756	0.0595	0.0649	1.67	3.75	5	1
0.0556	0.7601	0.1844	2.5	3.3	2.75	2
0.3051	0.509	0.1859	2.1	3.4	3.4	3
0.7939	0.0167	0.1895	1.67	3.75	5	1
0.0461	0.3223	0.6316	2.38	3.25	3	3
0.4286	0.0344	0.537	2.25	3.5	3	1
0.8387	0.1297	0.0316	1.5	4.33	6	3
0.7313	0.2603	0.0085	1.25	5.25	13	1
0.0578	0.6341	0.3081	2	3.6	3.4	2
0.6103	0.0121	0.3777	3.4	3.3	2.15	3
0.7928	0.0799	0.1273	1.36	4.75	8.5	1
0.299	0.4862	0.2148	1.83	3.6	4.2	2
0.7014	0.0686	0.23	1.91	3.6	3.8	1
0.3739	0.2045	0.4215	4.2	3.6	1.83	3
0.0549	0.383	0.5621	1.7	4	4.33	1
0.6744	0.2815	0.0441	3.3	3.3	2.15	2
0.9438	0.0126	0.0436	1.33	5	8.5	1
0.8124	0.0904	0.0973	1.25	5.5	13	1
0.5761	0.0609	0.363	1.91	3.4	4.2	1
0.7423	0.0192	0.2385	2.1	3.3	3.5	2
0.7547	0.1126	0.1326	2.1	3.3	3.5	1
0.8088	0.0897	0.1014	3.4	3.4	2.1	1
0.8445	0.0327	0.1228	1.91	3.4	4.33	1
0.36	0.5819	0.0582	2.88	3.2	2.5	2
0.698	0.1846	0.1174	2.15	3.3	3.4	3
0.8805	0.0558	0.0638	2.25	3.3	3.2	1
0.7706	0.0074	0.2219	1.17	8	13	1
0.0332	0.6393	0.3275	1.44	4.33	7	2
0.4855	0.1559	0.3587	6	3.8	1.57	3
0.1536	0.0793	0.7671	6.5	4.2	1.5	3
0.5449	0.2548	0.2003	1.57	3.8	6	1
0.6791	0.0352	0.2857	1.83	3.5	4.33	1
0.5622	0.2788	0.159	2.38	3.25	3	1
0.7572	0.0611	0.1817	2.38	3.25	3	1
0.4457	0.1601	0.3941	3.4	3.4	2.1	3
0.0191	0.3982	0.5827	1.57	3.8	6	2
0.1266	0.1606	0.7128	2.75	3.2	2.63	3
0.9345	0.0247	0.0408	1.33	5	8.5	1
0.1803	0.3546	0.465	1.95	3.4	3.8	3
0.4693	0.3559	0.1748	2.05	3.3	3.6	3
0.7382	0.1124	0.1495	2	3.4	3.6	1
0.2311	0.4856	0.2833	3.25	3.25	2.25	3
0.3981	0.3571	0.2448	2.5	3.25	2.8	1
0.7731	0.126	0.1008	2.63	3.25	2.63	1
0.8791	0.0173	0.1035	1.13	8	21	1
0.5537	0.4211	0.0252	1.29	5.25	10	2
0.6166	0.1671	0.2163	2.1	3.3	3.5	3
0.1068	0.1034	0.7897	10	5	1.3	3
0.4238	0.1025	0.4738	1.44	4.2	7.5	1
0.2568	0.683	0.0602	1.44	4.33	7	2
0.7203	0.1262	0.1535	2	3.4	3.75	1
0.4383	0.0388	0.5229	3	3.3	2.35	1
0.6954	0.1406	0.164	2.6	3.25	2.7	1
0.3202	0.5415	0.1383	2.15	3.3	3.4	3
0.1179	0.1162	0.766	5.5	3.8	1.6	3
0.1346	0.5539	0.3116	2.88	3.25	2.45	3
0.0727	0.6055	0.3219	2.25	3.4	3.1	2
0.3829	0.035	0.5821	2.9	3.3	2.4	3
0.187	0.0327	0.7803	11	5	1.29	3
0.9506	0.0143	0.0352	1.11	8.5	21	1
0.2218	0.6915	0.0867	1.91	3.4	4	2
0.6746	0.1975	0.1278	2.25	3.25	3.2	2
0.7081	0.2689	0.023	1.53	4	6	2
0.9052	0.0571	0.0377	2.4	3.3	2.9	1
0.8538	0.0291	0.1171	1.85	3.4	4.2	1
0.7049	0.1657	0.1294	1.91	3.4	4	1
0.845	0.0524	0.1027	2.2	3.25	3.3	1
0.4603	0.2564	0.2833	1.57	3.8	6	1
0.9125	0.022	0.0655	1.08	10	26	1
0.493	0.0986	0.4084	2.5	3.3	2.75	3
0.6278	0.0277	0.3445	2.05	3.3	3.6	1
0.1187	0.1924	0.6888	3.4	3.4	2.1	3
0.6244	0.1006	0.2751	3.75	3.5	1.95	1
0.5737	0.2946	0.1317	2.45	3.3	2.8	1
0.1208	0.6566	0.2227	2.4	3.3	2.88	2
0.455	0.1193	0.4258	1.73	3.6	4.75	2
0.5744	0.3763	0.0493	2.4	3.3	2.88	2
0.7521	0.0327	0.2152	3.6	3.3	2.1	1
0.9238	0.0567	0.0195	1.17	7	15	1
0.063	0.2166	0.7204	4.75	3.75	1.7	2
0.6213	0.1247	0.254	1.83	3.5	4.33	3
0.8863	0.0446	0.069	1.83	3.4	4.5	1
0.2468	0.5341	0.2191	2.1	3.2	3.3	3
0.8554	0.0056	0.139	2.15	3.25	3.4	1
0.1947	0.396	0.4093	2.75	3.3	2.5	1
0.9325	0.0619	0.0057	3.8	3.3	2	1
0.3223	0.4721	0.2056	2	3.4	3.75	2
0.2865	0.5022	0.2113	1.8	3.5	4.5	2
0.7772	0.105	0.1177	1.44	4.33	7	2
0.0276	0.4555	0.5169	7	4.33	1.44	2
0.3232	0.0199	0.6569	3.5	3.3	2.1	3
0.8604	0.12	0.0196	1.1	9	21	1
0.6701	0.1216	0.2083	2	3.5	3.75	1
0.3099	0.4649	0.2252	2.3	3.3	3.1	2
0.6157	0.083	0.3013	1.91	3.3	4.2	1
0.4377	0.1785	0.3838	2.6	3.2	2.75	1
0.5037	0.1674	0.3289	1.62	3.75	5.5	1
0.8603	0.1051	0.0347	2.6	3.25	2.7	1
0.1248	0.2501	0.625	7.5	4.5	1.4	2
0.9059	0.0534	0.0408	1.44	4.2	7.5	1
0.4654	0.0981	0.4365	5.5	3.75	1.62	3
0.5309	0.3706	0.0985	1.91	3.5	4	2
0.597	0.1792	0.2238	1.8	3.5	4.5	2
0.2815	0.5663	0.1523	3.8	3.6	1.91	3
0.7998	0.1428	0.0575	1.83	3.5	4.33	1
0.7447	0.0733	0.182	1.73	3.5	5	1
0.6852	0.2369	0.0779	2	3.4	3.75	1
0.1869	0.0423	0.7708	3.75	3.5	1.95	3
0.8962	0.0106	0.0933	1.17	7	15	1
0.1192	0.053	0.8279	2.1	3.3	3.5	3
0.4441	0.5373	0.0186	2	3.4	3.75	2
0.5492	0.2791	0.1718	2.5	3.25	2.8	1
0.3381	0.0706	0.5913	2.25	3.3	3.2	3
0.1025	0.6537	0.2438	1.67	3.7	5	1
0.7519	0.0963	0.1518	2.25	3.3	3.2	1
0.8942	0.0573	0.0485	1.5	4	6.5	1
0.7172	0.1553	0.1275	1.65	3.7	5.25	2
0.1321	0.1935	0.6744	6.5	4	1.53	2
0.3339	0.4853	0.1809	2.5	3.3	2.75	1
0.8963	0.0534	0.0504	1.22	6	12	1
0.0994	0.1908	0.7098	5	3.5	1.73	3
0.5819	0.1091	0.309	2.1	3.3	3.5	3
0.4502	0.4012	0.1486	2.3	3.4	3	2
0.7654	0.2016	0.033	1.73	3.6	4.75	1
0.5424	0.3149	0.1427	3.25	3.3	2.2	3
0.2422	0.0947	0.6631	1.62	3.75	5.5	1
0.0844	0.6592	0.2564	2.8	3.25	2.5	2
0.6342	0.1684	0.1974	1.25	5.5	12	2
0.7781	0.0752	0.1467	2.75	3.3	2.5	1
0.5728	0.3252	0.1021	1.53	4	6	2
0.4135	0.2708	0.3157	2.2	3.3	3.25	3
0.4863	0.1049	0.4089	1.75	3.5	4.75	1
0.5094	0.012	0.4786	1.85	3.6	4	1
0.8274	0.0165	0.156	1.5	4	6.5	1
0.3444	0.3099	0.3457	2.63	3.25	2.63	3
0.0243	0.6537	0.322	2	3.4	3.7	2
0.4814	0.4119	0.1067	2	3.4	3.7	3
0.2662	0.0229	0.711	12	5.5	1.25	3
0.5471	0.4026	0.0503	5.5	3.8	1.62	3
0.8551	0.0735	0.0715	1.17	6.5	17	1
0.6971	0.2497	0.0532	1.33	4.75	9.5	2
0.6539	0.1846	0.1614	4.6	3.6	1.75	3
0.2273	0.0408	0.7319	3.2	3.4	2.2	3
0.3326	0.0632	0.6042	2	3.3	3.8	3
0.3513	0.566	0.0827	2.3	3.3	3.1	2
0.7287	0.2016	0.0697	1.85	3.5	4.2	1
0.6057	0.0573	0.337	2.1	3.3	3.5	1
0.6464	0.3245	0.0291	1.75	3.6	4.6	1
0.858	0.0929	0.0491	1.17	7	17	1
0.0918	0.2834	0.6247	2.5	3.4	2.7	3
0.5055	0.1644	0.3302	2.2	3.3	3.3	3
0.2668	0.2278	0.5055	2.7	3.1	2.7	2
0.4633	0.4469	0.0897	2	3.5	3.6	3
0.623	0.2462	0.1307	1.75	3.6	4.75	1
0.0493	0.2214	0.7293	2.2	3.3	3.25	3
0.8968	0.0606	0.0427	1.73	3.5	5	1
0.0887	0.0702	0.8411	3.5	3.3	2.1	3
0.7	0.2461	0.0539	2	3.4	3.75	2
0.8236	0.1058	0.0705	2.1	3.3	3.5	1
0.9725	0.0052	0.0223	1.2	6.5	13	1
0.8224	0.0461	0.1315	1.6	3.6	6	3
0.4626	0.5119	0.0255	2.1	3.3	3.5	1
0.2443	0.5378	0.2179	2.8	3.25	2.5	2
0.6399	0.2951	0.065	2.5	3.3	2.75	1
0.3543	0.6299	0.0158	3.1	3.4	2.25	2
0.5309	0.3502	0.1189	2.1	3.3	3.5	1
0.4242	0.3392	0.2366	1.6	3.75	5.75	1
0.0062	0.5214	0.4724	2.63	3.3	2.63	1
0.8015	0.1494	0.0491	1.33	4.75	10	2
0.8081	0.0704	0.1215	1.44	4.33	7	1
0.8193	0.0397	0.141	1.8	3.5	4.5	1
0.4782	0.1414	0.3804	1.8	3.5	4.5	1
0.8649	0.026	0.1091	2	3.5	3.6	1
0.1412	0.4681	0.3906	7	4.33	1.44	2
0.8648	0.0117	0.1235	2	3.4	3.75	1
0.1545	0.0872	0.7583	2	3.4	3.75	2
0.5528	0.3629	0.0843	2.6	3.25	2.7	2
0.0971	0.2971	0.6058	1.55	3.75	6	3
0.4972	0.2933	0.2095	2.5	3.3	2.75	3
0.8045	0.0873	0.1082	1.44	4.2	7.5	2
0.5948	0.2465	0.1587	2	3.3	3.75	1
0.8282	0.0961	0.0757	1.91	3.4	4	1
0.1093	0.7672	0.1235	2.4	3.3	2.88	2
0.8903	0.0912	0.0184	1.29	5.25	10	1
0.6944	0.0478	0.2578	2.5	3.3	2.75	1
0.1139	0.1526	0.7335	7.5	4.5	1.4	3
0.3309	0.1064	0.5627	6	3.75	1.57	3
0.6898	0.0695	0.2407	6	3.8	1.57	1
0.9508	0.0115	0.0377	1.33	5	8.5	1
0.7285	0.0606	0.2108	2.05	3.25	3.75	1
0.0248	0.5964	0.3788	1.95	3.4	3.8	2
0.2533	0.3721	0.3746	1.57	3.8	6	1
0.3203	0.3881	0.2916	2.5	3.25	2.8	1
0.4378	0.0447	0.5175	2.15	3.25	3.4	1
0.604	0.3205	0.0756	2	3.3	3.6	2
0.6147	0.3761	0.0092	1.91	3.6	3.75	1
0.3237	0.3302	0.346	1.67	3.6	5.25	2
0.64	0.1215	0.2385	2.1	3.2	3.6	1
0.5199	0.3027	0.1774	1.44	4.2	7.5	1
0.0522	0.0275	0.9203	10	5.25	1.29	3
0.4818	0.254	0.2641	2.4	3.2	3	2
0.6514	0.0512	0.2974	2.5	3.2	2.88	1
0.9243	0.0305	0.0452	1.17	7	15	1
0.5597	0.1389	0.3014	2.35	3.3	3	3
0.0469	0.7023	0.2508	5.25	3.75	1.65	2
0.6403	0.1439	0.2159	1.44	4.2	7.5	1
0.4437	0.2877	0.2687	3.25	3.2	2.25	3
0.6527	0.1797	0.1676	2.25	3.25	3.25	1
0.0248	0.6685	0.3067	4	3.4	1.85	3
0.0053	0.1259	0.8688	13	6.5	1.2	3
0.2692	0.4239	0.3069	1.5	4.2	6.5	3
0.611	0.0328	0.3562	2	3.4	3.75	2
0.6132	0.1916	0.1952	2.25	3.4	3.2	1
0.5813	0.3255	0.0933	2	3.4	3.75	3
0.8019	0.1368	0.0613	2.1	3.3	3.5	2
0.1838	0.693	0.1231	1.57	3.75	6	3
0.3437	0.0492	0.6071	3.5	3.3	2.1	1
0.9358	0.0575	0.0067	1.14	8	15	1
0.9693	0.0192	0.0115	1.2	6.5	13	1
0.8665	0.0794	0.0541	1.36	5	7.5	1
0.6587	0.0724	0.2688	2.1	3.3	3.5	1
0.4818	0.445	0.0732	1.5	3.75	7.5	1
0.1556	0.5048	0.3395	2.3	3.25	3.1	2
0.8996	0.0367	0.0637	2.3	3.25	3.1	1
0.8993	0.0234	0.0773	1.8	3.5	4.5	1
0.7637	0.1173	0.119	2.4	3.3	2.88	2
0.6493	0.0626	0.2881	3.5	3.3	2.1	1
0.2492	0.5484	0.2024	4.33	3.6	1.8	2
0.727	0.0669	0.2061	1.8	3.5	4.5	1
0.0382	0.0591	0.9027	13	5.5	1.25	3
0.1509	0.0799	0.7693	4.5	3.75	1.73	1
0.453	0.3559	0.1912	2.3	3.2	3.2	1
0.4257	0.3709	0.2034	1.67	3.5	5.25	2
0.7452	0.1125	0.1423	2	3.3	3.75	3
0.5057	0.3059	0.1884	1.67	3.5	5.5	1
0.1496	0.4519	0.3984	2.25	3.3	3.2	2
0.7919	0.1069	0.1012	2.5	3.2	2.88	1
0.9585	0.03	0.0114	1.2	6.5	13	1
0.5568	0.1639	0.2794	1.53	3.75	7	1
0.6344	0.1274	0.2383	2.5	3.25	2.8	3
0.5862	0.2114	0.2024	2.7	3.4	2.5	1
0.6449	0.2635	0.0916	1.73	3.5	5	1
0.1593	0.1688	0.6719	2.2	3.3	3.25	1
0.4418	0.2124	0.3457	1.85	3.4	4.33	2
0.9103	0.0634	0.0263	1.3	5.5	9	1
0.6404	0.302	0.0577	1.91	3.4	4	3
0.6385	0.3448	0.0167	1.57	4	5.5	1
0.8563	0.0723	0.0714	1.17	7	15	1
0.4039	0.0237	0.5724	1.91	3.4	4	3
0.0138	0.1374	0.8488	11	5.75	1.25	3
0.2472	0.1863	0.5664	2.5	3.3	2.75	1
0.3555	0.2625	0.3821	2.1	3.3	3.5	3
0.6431	0.336	0.0208	1.67	3.75	5	2
0.6168	0.0868	0.2963	2.38	3.25	3	1
0.6779	0.1667	0.1555	2.5	3.25	2.8	3
0.547	0.1399	0.313	1.91	3.4	4	1
0.1694	0.6296	0.2011	3	3.25	2.38	2
0.0594	0.6126	0.328	11	5.75	1.25	2
0.6632	0.103	0.2337	1.62	3.6	5.75	1
0.6625	0.2709	0.0666	1.4	4.5	8	1
0.56	0.2954	0.1446	1.67	3.6	5.25	1
0.1142	0.51	0.3758	2.4	3.25	2.9	2
0.2169	0.4872	0.2959	1.62	3.6	5.75	3
0.7262	0.0631	0.2107	1.73	3.6	4.75	1
0.1898	0.5889	0.2213	2.2	3.25	3.25	2
0.3745	0.1722	0.4534	2.5	3.3	2.8	2
0.6444	0.2488	0.1069	1.57	3.8	6	2
0.5655	0.3651	0.0695	2.1	3.3	3.5	1
0.7739	0.1482	0.0779	1.62	3.6	5.5	2
0.2374	0.6352	0.1275	2.38	3.25	3	2
0.0841	0.3243	0.5917	2.1	3.3	3.5	1
0.9122	0.0561	0.0318	1.4	4.5	8	1
0.1469	0.7523	0.1008	2.2	3.3	3.25	2
0.6992	0.2533	0.0475	2.2	3.3	3.25	1
0.0276	0.2762	0.6963	10	5.25	1.29	3
0.7071	0.2347	0.0582	1.36	4.5	9	1
0.8053	0.1038	0.0908	1.73	3.5	5	1
0.6385	0.2579	0.1036	2.1	3.3	3.5	2
0.7325	0.0747	0.1928	3.2	3.3	2.25	1
0.8926	0.0291	0.0783	1.67	3.6	5.25	3
0.9659	0.0233	0.0107	1.13	8	19	1
0.5589	0.0074	0.4337	2.4	3.3	2.88	1
0.4237	0.1389	0.4374	2.88	3.2	2.5	1
0.6696	0.2475	0.083	2.1	3.3	3.5	1
0.3671	0.1191	0.5137	2	3.3	3.75	3
0.2914	0.0671	0.6415	1.57	3.75	6	1
0.1953	0.0936	0.7111	11	5.25	1.29	3
0.0273	0.5448	0.4279	1.29	5.25	11	2
0.0388	0.4971	0.464	2.4	3.3	2.88	1
0.3402	0.2601	0.3997	2.05	3.3	3.6	1
0.9338	0.0554	0.0108	1.13	8	19	1
0.1317	0.533	0.3353	2.35	3.3	3	2
0.4365	0.2371	0.3264	2.88	3.3	2.4	2
0.5324	0.3741	0.0935	1.5	4	7	1
0.5613	0.3577	0.0809	2.25	3.3	3.2	2
0.653	0.312	0.035	1.85	3.5	4	1
0.012	0.0344	0.9536	9	4.75	1.36	3
0.0243	0.5145	0.4612	1.91	3.4	4	2
0.1758	0.0488	0.7754	7.5	4.2	1.44	3
0.7778	0.0537	0.1686	2.9	3.3	2.38	1
0.3406	0.4303	0.2291	1.91	3.4	4	2
0.1393	0.1862	0.6744	2.1	3.3	3.5	3
0.5003	0.1337	0.366	2.2	3.3	3.3	1
0.9405	0.0556	0.0039	1.3	5.25	10	1
0.362	0.2282	0.4098	2.25	3.3	3.2	1
0.5278	0.3889	0.0832	2.5	3.25	2.8	1
0.5042	0.1929	0.3029	1.91	3.4	4	1
0.946	0.0479	0.0062	1.17	7	15	1
0.1268	0.4028	0.4705	1.4	4.5	8	1
0.2998	0.6379	0.0623	1.85	3.4	4.2	1
0.2569	0.2409	0.5023	2.4	3.3	2.88	2
0.3486	0.525	0.1264	1.83	3.5	4.33	1
0.3834	0.2967	0.3199	1.8	3.5	4.5	2
0.0084	0.1593	0.8323	9.5	5.25	1.3	3
0.2711	0.4586	0.2703	1.73	3.5	5	2
0.6456	0.3095	0.0449	1.62	3.75	5.5	1
0.3047	0.1063	0.589	2.88	3.3	2.4	3
0.2861	0.2718	0.4421	3.25	3.25	2.25	3
0.1724	0.0797	0.7479	2.5	3.4	2.7	3
0.2392	0.3026	0.4582	2	3.4	3.75	2
0.865	0.0711	0.0639	1.5	4	7	1
0.4376	0.1636	0.3988	2.8	3.25	2.5	3
0.4494	0.41	0.1406	1.8	3.5	4.5	1
0.5884	0.0218	0.3898	2.5	3.25	2.8	1
0.2049	0.6468	0.1483	2	3.4	3.8	2
0.6856	0.0722	0.2422	2.38	3.25	3	1
0.8734	0.0771	0.0495	2.25	3.25	3.2	1
0.7623	0.027	0.2106	2.5	3.3	2.75	1
0.4799	0.1118	0.4082	1.91	3.4	4	3
0.8365	0.1239	0.0396	4	3.5	1.91	1
0.4943	0.3135	0.1922	1.36	4.5	9	3
0.8682	0.0652	0.0666	1.13	8.5	17	1
0.5897	0.3468	0.0635	1.91	3.4	4	2
0.1637	0.1172	0.7191	2.1	3.3	3.5	1
0.1588	0.6063	0.235	2.2	3.3	3.2	2
0.3987	0.0558	0.5456	10	5.5	1.29	3
0.9186	0.0099	0.0714	1.62	3.75	5.5	1
0.22	0.2971	0.4829	9	5	1.33	2
0.7853	0.0619	0.1527	1.4	4.33	8.5	1
0.7574	0.1512	0.0914	1.83	3.5	4.33	1
0.304	0.5865	0.1095	1.73	3.5	5	2
0.5182	0.3916	0.0902	1.91	3.4	4	2
0.5105	0.198	0.2914	1.91	3.4	4	2
0.7737	0.0698	0.1565	1.4	4.5	8	1
0.7837	0.0804	0.136	2.4	3.3	2.88	1
0.7677	0.1963	0.036	2.4	3.3	2.88	2
0.7749	0.0598	0.1653	1.62	3.6	6	1
0.8679	0.0059	0.1262	1.1	8.5	29	1
0.704	0.0223	0.2737	1.4	4.5	8	1
0.2967	0.0754	0.6279	10	5.5	1.29	3
0.3963	0.2163	0.3873	2.2	3.2	3.4	3
0.624	0.0241	0.3519	1.8	3.5	4.5	1
0.7243	0.1711	0.1046	2.8	3.25	2.5	1
0.1066	0.7427	0.1507	1.5	4	7	2
0.439	0.2847	0.2763	3	3.25	2.38	3
0.2672	0.1644	0.5684	2.25	3.25	3.25	3
0.4269	0.4821	0.091	2.5	3.25	2.8	2
0.2204	0.3923	0.3873	2.88	3.3	2.4	3
0.2653	0.1756	0.5591	2.4	3.3	2.88	3
0.3977	0.5298	0.0724	1.83	3.5	4.33	2
0.7244	0.1269	0.1486	2.1	3.3	3.5	1
0.2721	0.5721	0.1558	2.4	3.3	2.88	2
0.207	0.034	0.759	5.5	3.8	1.57	3
0.6739	0.211	0.1151	2.5	3.3	2.75	1
0.2644	0.0971	0.6384	2	3.4	3.75	3
0.9462	0.0427	0.0111	1.13	8	19	1
0.187	0.2209	0.5921	1.36	5	8	1
0.608	0.3672	0.0248	3.2	3.25	2.25	1
0.5681	0.0209	0.411	1.06	11	29	1
0.6846	0.1572	0.1582	1.57	3.8	6	2
0.8242	0.0902	0.0856	1.25	5.75	11	1
0.2026	0.4472	0.3502	1.8	3.5	4.33	2
0.8937	0.0732	0.0331	2	3.5	3.6	1
0.0259	0.1172	0.8569	5.75	4.2	1.53	3
0.8679	0.0447	0.0874	1.73	3.6	4.75	1
0.4615	0.4386	0.0998	3.2	3.3	2.25	3
0.2331	0.4915	0.2754	1.75	3.75	4.75	1
0.6119	0.2298	0.1583	2.1	3.2	3.6	1
0.6561	0.3223	0.0216	1.8	3.5	4.5	1
0.3538	0.2634	0.3828	3.75	3.4	2	1
0.8846	0.034	0.0814	1.11	9	19	1
0.278	0.0299	0.6922	6	4.33	1.5	3
0.5373	0.251	0.2117	1.67	3.8	5	2
0.097	0.514	0.389	1.67	3.75	5	2
0.7433	0.1665	0.0902	2.1	3.2	3.6	1
0.2179	0.2905	0.4916	1.73	3.8	4.5	1
0.4278	0.5169	0.0553	3	3.25	2.38	1
0.1109	0.1133	0.7757	6.5	4.5	1.44	3
0.7551	0.1121	0.1328	1.8	3.6	4.33	1
0.8179	0.0586	0.1234	4.75	4.2	1.65	3
0.5045	0.4582	0.0373	1.29	5.5	9.5	1
0.662	0.2305	0.1074	4	3.6	1.85	2
0.8295	0.0468	0.1237	1.04	13	34	1
0.0079	0.4846	0.5074	10	5.5	1.29	2
0.1152	0.6471	0.2377	2.35	3.4	2.9	2
0.6598	0.2949	0.0453	1.3	5.25	9.5	1
0.8521	0.0841	0.0638	2.2	3.6	3	1
0.371	0.4096	0.2193	2.5	3.25	2.8	3
0.1958	0.1547	0.6495	3.6	3.5	2	3
0.4888	0.0457	0.4655	2.88	3.3	2.4	3
0.4095	0.2974	0.2931	2.1	3.3	3.5	1
0.3173	0.5416	0.1411	2.1	3.3	3.5	2
0.2438	0.6246	0.1316	8	4.75	1.36	2
0.3631	0.2512	0.3856	2	3.4	3.75	2
0.0166	0.1394	0.844	15	6	1.2	3
0.6108	0.3336	0.0556	3	3.25	2.38	1
0.7838	0.1769	0.0393	1.53	4	6	1
0.058	0.5585	0.3836	3	3.25	2.38	3
0.7292	0.0961	0.1747	1.06	11	34	3
0.8688	0.1044	0.0268	1.17	6.5	17	1
0.9445	0.0309	0.0247	1.44	4.33	7	1
0.2869	0.238	0.4751	1.57	3.8	6	1
0.5166	0.1213	0.3621	1.5	4	7	2
0.551	0.1321	0.3169	2.4	3.3	2.9	1
0.1513	0.7281	0.1206	1.8	3.5	4.5	1
0.8327	0.0362	0.131	1.91	3.4	4	3
0.0286	0.7113	0.2601	2.2	3.25	3.3	2
0.8043	0.0424	0.1533	2	3.3	3.75	1
0.8735	0.0806	0.046	1.91	3.4	4	1
0.5574	0.097	0.3456	8.5	4.6	1.36	3
0.2308	0.6142	0.155	2.4	3.25	2.9	2
0.4478	0.054	0.4982	5	3.75	1.67	3
0.1458	0.5565	0.2977	3.5	3.2	2.15	3
0.0766	0.3514	0.572	3.75	3.3	2	3
0.0764	0.3572	0.5664	3.25	3.25	2.2	3
0.7713	0.1639	0.0647	2.25	3.2	3.25	1
0.2621	0.3019	0.436	2.25	3.2	3.25	2
0.7879	0.1706	0.0415	1.91	3.4	4	1
0.4531	0.0459	0.501	2.1	3.25	3.6	1
0.8975	0.069	0.0334	1.17	7	15	1
0.6343	0.0251	0.3406	1.75	3.5	4.75	3
0.7784	0.169	0.0526	1.14	7	21	1
0.7355	0.1416	0.123	2.1	3.25	3.5	2
0.1731	0.6529	0.174	1.95	3.3	4	2
0.6421	0.1706	0.1873	1.8	3.4	4.75	3
0.8556	0.1167	0.0277	1.5	4	7	2
0.7827	0.084	0.1332	1.67	3.75	5	1
0.4582	0.0319	0.5099	6	3.8	1.57	3
0.0719	0.4203	0.5078	12	5.5	1.25	2
0.4305	0.0281	0.5415	3.25	3.3	2.2	3
0.7748	0.0751	0.1501	1.53	4	6	1
0.6067	0.3044	0.089	2.2	3.3	3.25	1
0.0439	0.6543	0.3019	3.5	3.3	2.1	1
0.1888	0.3436	0.4676	2.1	3.3	3.5	3
0.2321	0.4351	0.3328	2.05	3.3	3.6	1
0.2115	0.4226	0.3659	2.4	3.3	2.9	3
0.2618	0.0963	0.6419	3	3.25	2.38	3
0.7639	0.0542	0.1819	2.2	3.25	3.25	1
0.658	0.3021	0.0399	1.73	3.4	5.25	1
0.1365	0.6266	0.2369	2.05	3.3	3.6	2
0.1727	0.5143	0.313	2.2	3.25	3.25	2
0.7371	0.2425	0.0204	1.17	7	15	2
0.8741	0.0937	0.0321	2.05	3.3	3.6	1
0.6983	0.2614	0.0403	1.73	3.5	5	2
0.9773	0.0051	0.0176	1.17	7	15	1
0.2276	0.7172	0.0552	2.1	3.3	3.5	1
0.909	0.0314	0.0596	1.73	3.5	5	1
0.3246	0.0959	0.5795	1.8	3.5	4.5	1
0.6742	0.0235	0.3024	1.4	4.5	7.5	1
0.07	0.2571	0.6729	8	4.5	1.4	3
0.7483	0.1003	0.1514	1.8	3.5	4.5	1
0.1619	0.5501	0.2879	2.3	3.2	3.2	2
0.5215	0.1244	0.3542	2.4	3.2	3	1
0.1618	0.7663	0.0719	1.91	3.4	4	3
0.6327	0.2087	0.1586	2.1	3.3	3.5	1
0.7264	0.1695	0.1041	3.4	3.4	2.1	1
0.2263	0.5899	0.1838	2.8	3.25	2.5	2
0.9318	0.0477	0.0205	1.14	7	21	1
0.6846	0.1877	0.1277	1.57	3.75	6	3
0.1545	0.1927	0.6528	11	5.75	1.25	3
0.2136	0.6699	0.1165	2.2	3.25	3.25	2
0.7278	0.1765	0.0957	1.75	3.4	5	1
0.8614	0.1209	0.0177	1.73	3.5	5	1
0.1859	0.4683	0.3458	2.1	3.25	3.5	1
0.2024	0.5202	0.2774	1.7	3.6	5	1
0.7359	0.2483	0.0159	2.3	3.25	3.1	1
0.7164	0.0192	0.2645	2.1	3.25	3.5	1
0.5505	0.2519	0.1976	1.29	5	11	1
0.044	0.0825	0.8735	10	5	1.3	3
0.6022	0.3112	0.0865	1.4	4.33	7.5	2
0.4342	0.284	0.2819	2	3.5	3.6	1
0.4073	0.0719	0.5208	1.5	4.33	6	2
0.6138	0.115	0.2712	2.63	3.3	2.63	1
0.2989	0.4278	0.2734	2.1	3.25	3.6	3
0.8558	0.1321	0.012	2.5	3.3	2.75	1
0.3185	0.5313	0.1502	3.5	3.3	2.1	2
0.4954	0.4635	0.041	1.62	3.8	5.5	1
0.8158	0.1279	0.0563	1.91	3.4	4	1
0.2625	0.1962	0.5413	2.1	3.25	3.6	1
0.4656	0.2933	0.2411	2.1	3.3	3.5	2
0.0202	0.1175	0.8623	8.5	5	1.33	3
0.5699	0.3279	0.1022	2.3	3.2	3.2	3
0.582	0.2314	0.1866	2	3.3	3.8	1
0.8992	0.0927	0.0081	1.29	5.5	9.5	1
0.7576	0.1568	0.0856	1.8	3.6	4.33	1
0.3953	0.0678	0.5369	2.4	3.2	3	1
0.253	0.3469	0.4002	2.2	3.4	3.2	1
0.8898	0.0344	0.0758	1.67	3.75	5	1
0.8493	0.0607	0.09	1.62	3.75	5.5	1
0.7182	0.1129	0.1689	1.2	6.25	13	1
0.8522	0.1039	0.0438	2.1	3.3	3.5	1
0.4871	0.4736	0.0393	1.95	3.5	3.8	1
0.5386	0.4268	0.0346	1.8	3.5	4.5	2
0.3604	0.3486	0.2909	2.38	3	3.2	2
0.0293	0.0661	0.9046	12	5.5	1.25	3
0.63	0.1758	0.1942	1.62	3.75	5.5	1
0.5068	0.0737	0.4195	3	3.25	2.38	3
0.5642	0.1859	0.2499	12	5.5	1.25	3
0.9219	0.0718	0.0063	1.17	7	15	1
0.3843	0.5076	0.1081	2	3.5	3.6	2
0.6214	0.2664	0.1122	1.91	3.3	4.2	1
0.7378	0.1932	0.069	2.25	3.25	3.2	1
0.656	0.1225	0.2215	2.38	3.25	3	1
0.6762	0.2619	0.0619	1.83	3.4	4.5	1
0.424	0.4845	0.0915	1.67	3.75	5	3
0.5578	0.3628	0.0794	2.75	3.3	2.5	3
0.1221	0.3752	0.5026	1.8	3.5	4.5	2
0.4194	0.5564	0.0242	1.62	3.6	6	3
0.5746	0.2144	0.211	1.67	3.75	5	3
0.0248	0.1349	0.8403	3.25	3.25	2.2	3
0.8284	0.1152	0.0564	1.73	3.6	4.75	1
0.8492	0.0297	0.121	1.83	3.5	4.33	1
0.4448	0.4145	0.1406	1.73	3.75	4.5	1
0.6735	0.126	0.2005	2.2	3.2	3.4	1
0.662	0.1265	0.2116	2.1	3.25	3.6	3
0.8523	0.0154	0.1323	1.33	5	9	1
0.7292	0.0382	0.2325	2.1	3.3	3.5	1
0.2703	0.0428	0.6869	4.2	3.5	1.83	1
0.1752	0.0301	0.7946	15	6	1.2	3
0.837	0.1352	0.0278	1.4	4.5	7.5	1
0.3961	0.2962	0.3076	2.2	3.2	3.4	2
0.8764	0.0553	0.0683	1.62	3.75	5.5	1
0.4316	0.3169	0.2514	2	3.4	3.75	1
0.8265	0.0353	0.1381	2	3.4	3.75	1
0.5784	0.3522	0.0694	2.3	3.3	3.1	1
0.85	0.0936	0.0564	1.83	3.5	4.2	1
0.4654	0.0704	0.4642	2.2	3.2	3.4	1
0.8944	0.0333	0.0723	1.44	4.2	7	1
0.3329	0.2399	0.4272	2.5	3.3	2.75	1
0.5833	0.0195	0.3972	1.4	4.5	7.5	3
0.7958	0.078	0.1262	1.95	3.4	3.9	1
0.8285	0.0804	0.0912	1.1	8.5	26	1
0.7275	0.0299	0.2426	2.1	3.4	3.4	1
0.4735	0.2968	0.2297	1.73	3.5	5	3
0.1263	0.72	0.1537	1.91	3.5	3.9	2
0.0556	0.4278	0.5165	12	5.5	1.25	3
0.5899	0.2992	0.1109	1.4	4.5	7.5	2
0.2166	0.1223	0.6611	12	5.5	1.25	3
0.4096	0.3979	0.1924	2.05	3.25	3.75	2
0.7374	0.0489	0.2137	2.8	3.25	2.5	3
0.1921	0.0867	0.7212	3.1	3.25	2.3	3
0.5052	0.4548	0.0399	1.53	3.8	6.5	1
0.7896	0.0611	0.1493	2.5	3.2	2.8	3
0.45	0.1117	0.4383	3.25	3.5	2.1	3
0.8415	0.0263	0.1322	2	3.4	3.75	2
0.6297	0.1283	0.242	1.2	6.5	13	1
0.1242	0.7549	0.121	1.91	3.4	4	2
0.8064	0.1668	0.0268	1.67	3.5	5.5	3
0.8954	0.0118	0.0928	1.06	11	29	1
0.7371	0.2296	0.0334	1.62	3.75	5.5	1
0.478	0.285	0.237	2.2	3.3	3.25	3
0.7476	0.1438	0.1086	1.62	3.75	5.5	1
0.7978	0.1508	0.0514	1.44	4.33	7	2
0.5086	0.1248	0.3666	10	5.25	1.29	3
0.3135	0.1697	0.5169	1.83	3.4	4.5	1
0.7535	0.1624	0.0842	1.44	4.33	7	1
0.5065	0.2131	0.2804	2.2	3.4	3.2	1
0.0233	0.055	0.9216	13	6.5	1.2	3
0.5447	0.3389	0.1164	2.25	3.4	3.1	2
0.3749	0.1482	0.4769	2.8	3.25	2.5	3
0.3612	0.2831	0.3557	1.73	3.6	4.75	1
0.6395	0.1402	0.2203	4.33	3.4	1.85	3
0.4757	0.1999	0.3244	1.73	3.4	4.5	1
0.4987	0.385	0.1163	2.25	3.25	3.2	2
0.2228	0.7502	0.027	1.29	5.5	10	1
0.5925	0.0396	0.3679	1.91	3.4	4	2
0.5113	0.4197	0.069	2.9	3.25	2.4	1
0.9437	0.0339	0.0224	1.67	3.6	5.25	1
0.3771	0.1975	0.4254	1.8	3.25	5	3
0.3944	0.1917	0.4139	1.73	3.5	5	3
0.3536	0.5342	0.1122	2.2	3.3	3.25	1
0.7897	0.1478	0.0625	1.53	3.8	6.5	1
0.899	0.0749	0.0261	1.91	3.4	4	1
0.3663	0.3651	0.2686	10	6	1.25	2
0.9188	0.0361	0.0451	1.08	10	23	1
0.7684	0.2029	0.0287	1.44	4.2	7.5	1
0.8066	0.0885	0.1049	1.83	3.5	4.33	1
0.9134	0.06	0.0266	1.07	11	23	1
0.8375	0.1369	0.0257	1.4	4.5	7.5	1
0.7985	0.1491	0.0524	1.44	4.33	7	1
0.6444	0.1576	0.198	2.2	3.2	3.4	1
0.6352	0.1423	0.2225	2.1	3.3	3.5	3
0.8545	0.1219	0.0236	1.17	7	15	1
0.6737	0.1519	0.1744	2.9	3.3	2.38	1
0.6957	0.2133	0.091	1.5	4.1	6.5	1
0.6948	0.2542	0.051	2	3.4	3.75	1
0.7904	0.0471	0.1624	1.73	3.6	4.75	1
0.0281	0.1447	0.8271	15	7	1.17	3
0.4951	0.3327	0.1722	3.5	3.3	2.1	2
0.3278	0.249	0.4232	2.8	3.25	2.5	1
0.1526	0.1126	0.7348	1.83	3.5	4.33	3
0.7771	0.1905	0.0325	1.8	3.25	5	3
0.6388	0.3013	0.06	2	3.4	3.75	1
0.5802	0.2488	0.171	1.83	3.5	4.33	3
0.389	0.0179	0.5931	2.5	3.25	2.8	3
0.2596	0.2023	0.5382	9	5	1.33	1
0.6704	0.025	0.3045	3.5	3.3	2.1	2
0.7727	0.1379	0.0894	2.5	3.3	2.75	1
0.5777	0.3452	0.0771	1.67	3.5	5.5	1
0.418	0.559	0.0231	1.14	7.5	17	1
0.771	0.2189	0.0101	1.83	3.5	4.33	1
0.5743	0.2599	0.1659	2.1	3.3	3.5	2
0.7087	0.1894	0.1019	1.25	5.25	13	3
0.1731	0.5921	0.2348	2	3.3	3.75	2
0.7455	0.2367	0.0178	1.17	6.5	19	1
0.5244	0.3425	0.1331	1.53	4	6	2
0.8118	0.085	0.1032	1.44	4.2	7.5	1
0.7822	0.1165	0.1014	2.1	3.4	3.4	3
0.5984	0.078	0.3236	3	3.4	2.3	1
0.0264	0.3973	0.5763	15	8	1.14	2
0.0406	0.2193	0.7402	7	4.33	1.44	3
0.3332	0.4903	0.1765	2	3.4	3.75	1
0.8883	0.0526	0.0591	3.5	3.3	2.1	1
0.7137	0.0945	0.1918	2.3	3.3	3.1	1
0.3801	0.3312	0.2887	2.1	3.4	3.4	2
0.7186	0.05	0.2313	2.1	3.25	3.6	1
0.5112	0.0388	0.45	2.1	3.4	3.4	1
0.8859	0.0869	0.0272	1.14	7.5	17	1
0.5939	0.3338	0.0724	1.44	4.33	7	2
0.3253	0.205	0.4697	2.88	3.3	2.4	3
0.0117	0.5077	0.4806	2.05	3.3	3.6	2
0.8809	0.1052	0.0139	1.13	7.5	21	1
0.5454	0.1476	0.3069	1.8	3.5	4.5	3
0.6987	0.1493	0.152	2.2	3.3	3.25	1
0.7063	0.0683	0.2254	1.57	3.8	6	1
0.4492	0.1701	0.3808	1.5	4.1	6.5	2
0.7768	0.2099	0.0133	2.05	3.3	3.6	1
0.4927	0.4222	0.0851	2.1	3.4	3.4	2
0.6426	0.1813	0.1761	1.95	3.3	4	1
0.063	0.0344	0.9027	7.5	4.5	1.4	2
0.0277	0.1824	0.7899	8.5	5	1.33	3
0.2179	0.5872	0.1949	1.91	3.4	4	2
0.288	0.0052	0.7068	2.3	3.3	3.1	3
0.7189	0.0779	0.2031	2.3	3.3	3.1	2
0.4032	0.5079	0.0889	2.4	3.2	3	1
0.1806	0.6038	0.2156	2.8	3.25	2.5	2
0.7466	0.2078	0.0456	1.85	3.4	4.33	1
0.6353	0.0836	0.2811	2.1	3.3	3.5	3
0.6777	0.1961	0.1262	1.57	4	5.5	1
0.6528	0.2033	0.1438	2.7	3.25	2.6	2
0.5621	0.1814	0.2565	1.95	3.3	4	2
0.6717	0.2584	0.0699	1.91	3.4	4	2
0.0312	0.101	0.8678	5.5	4	1.57	3
0.3718	0.1199	0.5083	1.5	4	7	1
0.7663	0.0398	0.1939	2.6	3.25	2.7	1
0.154	0.3614	0.4846	2.38	3.25	3	2
0.9596	0.014	0.0264	1.14	7.5	17	1
0.4352	0.3206	0.2441	2.1	3.4	3.4	1
0.8946	0.0851	0.0203	1.1	9	21	1
0.2019	0.5439	0.2542	2.7	3.2	2.6	3
0.4211	0.1145	0.4645	2.4	3.3	2.9	1
0.0623	0.2295	0.7082	2	3.4	3.75	3
0.3706	0.4506	0.1788	2.38	3.2	3	1
0.3299	0.547	0.1231	2	3.3	3.75	3
0.0441	0.2477	0.7082	8	4.75	1.36	3
0.607	0.0519	0.3411	2.3	3.25	3.1	1
0.6283	0.0745	0.2971	2.2	3.25	3.25	1
0.6536	0.1143	0.2321	3.25	3.4	2.15	2
0.934	0.0462	0.0198	1.14	7.5	17	1
0.1816	0.6114	0.207	2.9	3.25	2.4	1
0.7754	0.0655	0.159	2	3.3	3.8	1
0.4002	0.448	0.1518	2.25	3.2	3.25	2
0.5054	0.4077	0.0868	2	3.3	3.8	1
0.058	0.4575	0.4846	7.5	4.5	1.4	2
0.0473	0.1369	0.8159	2	3.4	3.75	3
0.726	0.2402	0.0338	1.6	3.8	5.75	2
0.6351	0.0929	0.2719	2.3	3.25	2.8	2
0.0248	0.0224	0.9529	5.25	4	1.62	3
0.919	0.075	0.006	1.13	8.5	17	1
0.5791	0.3599	0.061	1.95	3.4	3.8	1
0.3782	0.1386	0.4833	2.3	3.4	3	3
0.5662	0.193	0.2408	2.15	3.25	3.4	3
0.5588	0.0486	0.3926	2.1	3.4	3.4	3
0.7795	0.1151	0.1054	2	3.4	3.75	1
0.5392	0.2723	0.1885	2	3.5	3.6	1
0.2939	0.2474	0.4587	1.91	3.4	4	1
0.0359	0.5751	0.389	1.95	3.5	3.7	3
0.4929	0.2623	0.2448	2.8	3.25	2.5	3
0.9797	0.015	0.0053	1.14	7.5	17	3
0.0142	0.2117	0.7741	5.5	3.8	1.62	3
0.4741	0.4653	0.0606	1.91	3.4	4	3
0.6631	0.1046	0.2323	2.3	3.2	3.1	1
0.6315	0.0433	0.3253	2.3	3.25	3.1	1
0.6028	0.212	0.1852	2.5	3.25	2.8	3
0.6333	0.2628	0.1039	1.53	4	6	1
0.4125	0.0199	0.5676	1.83	3.5	4.33	3
0.1982	0.4631	0.3388	2.9	3.3	2.4	3
0.2067	0.0312	0.7621	4.5	3.75	1.73	3
0.8034	0.0892	0.1074	1.11	8.5	21	1
0.6714	0.1046	0.224	2.6	3.2	2.75	2
0.7696	0.0947	0.1356	1.53	4	6	1
0.4797	0.2218	0.2985	2.1	3.25	3.6	2
0.4271	0.4838	0.0891	1.75	3.5	4.75	2
0.6176	0.293	0.0894	1.91	3.4	4	2
0.3897	0.1995	0.4109	2	3.4	3.75	1
0.5317	0.4211	0.0472	1.91	3.4	4	1
0.228	0.4259	0.3461	2.1	3.3	3.5	1
0.3436	0.1883	0.4681	3.8	3.4	2	3
0.286	0.4737	0.2403	2.88	3.3	2.4	1
0.5956	0.3533	0.0511	1.91	3.4	4	1
0.4568	0.222	0.3212	2.75	3.6	2.38	2
0.7452	0.0426	0.2122	2.7	3.25	2.6	2
0.3266	0.4203	0.2531	2.1	3.25	3.5	1
0.5997	0.0786	0.3218	2.1	3.25	3.5	1
0.5282	0.1749	0.2969	2.4	3.25	2.9	3
0.5832	0.1724	0.2444	2.1	3.25	3.5	1
0.1322	0.458	0.4098	1.57	4	5.5	1
0.7461	0.1029	0.1511	1.62	3.75	5.5	1
0.8889	0.0941	0.017	1.2	6	15	1
0.8963	0.0086	0.0951	2.38	3.5	2.8	3
0.9516	0.0243	0.024	1.44	4.5	6.5	1
0.5939	0.2387	0.1675	2	3.4	3.75	1
0.5714	0.0776	0.351	2	3.4	3.75	1
0.7088	0.0474	0.2438	2.3	3.3	3.1	3
0.6832	0.1403	0.1765	1.95	3.5	3.75	1
0.7561	0.056	0.1879	2	3.4	3.75	1
0.2241	0.4799	0.2959	1.8	3.5	4.5	1
0.3362	0.1709	0.4929	3.3	3.4	2.15	3
0.7268	0.0536	0.2196	1.3	5.5	9	3
0.2825	0.2278	0.4897	7.5	4.5	1.4	1
0.5041	0.4485	0.0474	4	3.8	1.8	3
0.364	0.5965	0.0395	2.1	3.1	3.75	2
0.2439	0.1152	0.6409	1.73	3.75	4.5	1
0.1951	0.4694	0.3354	2.9	3.3	2.4	1
0.729	0.1356	0.1353	2.2	3.25	3.3	1
0.171	0.3489	0.4801	1.8	3.5	4.75	1
0.5933	0.2319	0.1748	2.75	3.25	2.5	1
0.6386	0.057	0.3044	1.53	4	6	1
0.8762	0.0562	0.0676	1.57	4	5.5	3
0.8777	0.0464	0.0759	1.44	4.33	7	1
0.4616	0.4615	0.0769	2.1	3.25	3.5	3
0.0684	0.2251	0.7065	3	3.5	2.25	3
0.166	0.7842	0.0498	2.05	3.3	3.6	2
0.8414	0.064	0.0946	1.44	4.33	7	1
0.8574	0.0882	0.0543	1.17	7	15	1
0.2976	0.2624	0.44	2.6	3.25	2.7	2
0.5285	0.2674	0.2041	2.1	3.3	3.5	3
0.7508	0.1533	0.0959	2.25	3.4	3.1	1
0.6744	0.0503	0.2753	1.73	3.6	4.75	1
0.9341	0.0066	0.0593	1.2	6.5	13	1
0.4616	0.2564	0.2821	3.2	3.3	2.25	1
0.5334	0.122	0.3446	5.5	3.75	1.62	2
0.193	0.3525	0.4545	2.9	3.3	2.4	2
0.4101	0.5522	0.0378	2.2	3.3	3.25	2
0.2007	0.4373	0.362	11	5	1.3	2
0.5853	0.1453	0.2694	2.25	3.4	3.1	1
0.7239	0.0172	0.2589	2.1	3.4	3.4	1
0.6667	0.2019	0.1314	2.75	3.5	2.4	1
0.2549	0.647	0.0981	1.7	3.75	4.75	2
0.4936	0.1168	0.3896	1.29	5.5	9.5	1
0.6016	0.2655	0.1328	1.53	4.33	5.5	2
0.2988	0.3243	0.377	1.8	3.6	4.33	1
0.5498	0.2034	0.2468	1.53	4.33	5.5	1
0.6418	0.2116	0.1466	1.33	5	8.5	1
0.5482	0.2963	0.1555	1.65	3.4	6	2
0.1748	0.0174	0.8078	4	3.8	1.8	3
0.6969	0.2666	0.0365	1.6	3.8	5.5	1
0.1013	0.2817	0.617	3	3.5	2.25	3
0.3237	0.3415	0.3348	2.2	3.4	3.2	2
0.061	0.3189	0.62	1.44	4.2	6	3
0.2776	0.0442	0.6782	5.5	4.33	1.53	3
0.3095	0.0555	0.635	3.25	3.5	2.1	3
0.5234	0.0525	0.4241	2.5	2.75	3.3	3
0.5393	0.3412	0.1196	1.8	3	5.75	1
0.9537	0.0274	0.0189	1.13	8.5	17	1
0.1945	0.2922	0.5134	3	3.5	2.25	3
0.6871	0.1658	0.1472	2.38	3.25	3	2
0.5338	0.0908	0.3754	2.3	3.4	3	3
0.2502	0.2543	0.4956	2.05	3.25	3.75	3
0.8449	0.1169	0.0382	1.4	4.33	8	1
0.1271	0.6055	0.2674	1.57	3.75	6	2
0.3953	0.5244	0.0803	1.53	3.8	6.5	2
0.7678	0.1024	0.1298	1.8	3.5	4.5	2
0.6795	0.206	0.1145	2	3.4	3.75	1
0.8363	0.0938	0.07	2.1	3.4	3.4	1
0.0464	0.2406	0.713	8.5	5	1.33	3
0.9024	0.0261	0.0715	1.25	5.75	11	1
0.9705	0.0139	0.0156	1.08	10	26	1
0.0279	0.3106	0.6615	15	7	1.17	2
0.8524	0.0284	0.1192	1.91	3.6	3.75	1
0.4593	0.3574	0.1833	2.1	3.4	3.4	2
0.2821	0.032	0.6859	1.91	3.4	4	1
0.3671	0.5466	0.0863	2.4	3.3	2.9	1
0.7064	0.0653	0.2283	1.91	3.4	4	1
0.1696	0.5764	0.254	2.1	3.3	3.5	2
0.8004	0.015	0.1846	2.2	3.2	3.4	2
0.9198	0.006	0.0743	1.4	4.33	8.5	1
0.7065	0.0918	0.2017	1.08	10	26	1
0.7641	0.1358	0.1001	3.3	3.3	2.2	1
0.704	0.1384	0.1576	3.1	3.4	2.25	3
0.5415	0.05	0.4086	1.53	4	6	1
0.0404	0.3124	0.6472	3.3	3.3	2.2	3
0.1379	0.1325	0.7296	2	3.4	3.75	3
0.6035	0.316	0.0805	1.44	4.2	7.5	1
0.7077	0.1048	0.1875	1.95	3.5	3.8	3
0.0082	0.0439	0.9479	13	6.5	1.2	1
0.6804	0.0484	0.2712	2.1	3.2	3.6	1
0.2916	0.3184	0.3901	2.63	3.3	2.63	2
0.5442	0.0919	0.3638	2	3.4	3.75	1
0.8064	0.0921	0.1015	1.62	3.75	5.5	1
0.8011	0.0207	0.1782	1.4	4.5	7.5	1
0.7973	0.1655	0.0372	1.62	3.75	5.5	1
0.0276	0.168	0.8044	13	6.5	1.2	2
0.0456	0.6596	0.2948	7.5	4.5	1.4	2
0.5279	0.0922	0.3799	2.1	3.25	3.5	3
0.9493	0.0417	0.009	1.67	3.6	5.25	1
0.7783	0.0978	0.1239	2.1	3.25	3.5	1
0.3822	0.4822	0.1356	2.2	3.25	3.3	2
0.9074	0.0209	0.0717	1.2	6.5	13	1
0.9359	0.0571	0.007	1.1	9	21	1
0.3972	0.2108	0.3919	2.3	3.25	3.1	1
0.0196	0.7233	0.2571	2.25	3.25	3.2	2
0.6952	0.243	0.0619	2.2	3.25	3.3	1
0.4556	0.4237	0.1207	2.1	3.3	3.5	1
0.2235	0.6782	0.0983	2.05	3.3	3.6	2
0.5156	0.0157	0.4687	3.2	3.4	2.2	2
0.0195	0.6165	0.364	2.5	3.25	2.8	1
0.8019	0.1776	0.0205	1.57	4	5.5	1
0.4533	0.3231	0.2237	1.83	3.5	4.33	2
0.054	0.6547	0.2912	2.2	3.3	3.25	2
0.3107	0.3196	0.3698	1.33	4.5	11	1
0.3964	0.5261	0.0775	1.62	3.8	5.5	2
0.3466	0.3065	0.347	1.91	3.6	3.75	2
0.1039	0.1592	0.7369	1.73	3.6	4.75	3
0.0514	0.267	0.6815	10	6	1.25	3
0.1497	0.7759	0.0744	2.4	3.2	3	3
0.1412	0.2629	0.596	13	7.5	1.17	3
0.9179	0.0596	0.0225	1.06	12	26	1
0.2008	0.3688	0.4304	2.25	3.5	3	2
0.1369	0.7073	0.1558	3.5	3.3	2.1	2
0.4398	0.1143	0.4459	3	3.4	2.3	2
0.7932	0.1719	0.0349	1.14	8	16	1
0.5051	0.253	0.2419	2.9	3.25	2.4	1
0.5433	0.06	0.3967	1.36	4.75	8.5	1
0.7905	0.0391	0.1704	2.2	3.2	3.4	3
0.7653	0.1527	0.082	2	3.3	3.8	1
0.594	0.2178	0.1882	1.83	3.5	4.33	1
0.7487	0.2425	0.0088	1.17	7.5	13	2
0.1069	0.038	0.8552	7.5	4.5	1.4	3
0.0602	0.244	0.6958	2.5	3.2	2.88	3
0.8548	0.0871	0.0581	2	3.3	3.75	1
0.1014	0.6565	0.2421	1.44	4.2	7.5	2
0.8239	0.047	0.129	1.73	3.6	4.75	3
0.8392	0.1132	0.0476	1.91	3.4	4	1
0.3604	0.3593	0.2804	2.3	3.2	3.2	2
0.3863	0.4979	0.1157	1.67	3.75	5	2
0.6157	0.1156	0.2687	1.91	3.3	4.2	3
0.2623	0.03	0.7077	23	9	1.1	3
0.6205	0.2566	0.1229	1.4	4.5	7.5	2
0.0516	0.5496	0.3987	1.95	3.3	4	2
0.9427	0.0048	0.0525	1.73	3.5	5	1
0.589	0.0639	0.3471	2	3.3	3.8	3
0.9527	0.0127	0.0347	1.13	8	21	1
0.213	0.4526	0.3344	2.9	3.3	2.4	1
0.235	0.084	0.681	3.3	3.3	2.2	3
0.7026	0.2045	0.0929	2.38	3.4	2.88	1
0.6499	0.174	0.1762	2.2	3.3	3.3	1
0.9439	0.0303	0.0258	1.06	11	34	1
0.1144	0.0379	0.8477	15	7	1.17	3
0.6899	0.0482	0.2619	1.44	4.33	7	1
0.6536	0.0946	0.2518	2	3.4	3.75	1
0.6843	0.1294	0.1863	1.4	4.5	8	1
0.6058	0.0778	0.3164	1.73	3.5	5	1
0.3773	0.222	0.4007	2.3	3.2	3.2	1
0.5833	0.1956	0.2211	2.6	3.2	2.75	1
0.2416	0.6797	0.0787	2.6	3.2	2.75	2
0.5343	0.1331	0.3326	1.4	4.5	8	3
0.2264	0.6699	0.1037	2.63	3.25	2.63	2
0.5092	0.0117	0.4791	3	3.25	2.38	3
0.0506	0.4119	0.5375	3	3.2	2.38	2
0.346	0.293	0.361	11	6.5	1.22	2
0.7347	0.1521	0.1132	1.85	3.4	4.33	2
0.5366	0.2035	0.2599	3	3.25	2.38	1
0.0361	0.6955	0.2684	2.1	3.25	3.5	2
0.9018	0.0371	0.0611	1.06	11	29	1
0.9516	0.0163	0.0321	1.91	3.4	4	1
0.2579	0.4056	0.3365	2.1	3.3	3.5	2
0.9382	0.0169	0.0448	1.06	12	26	1
0.2128	0.1751	0.6121	6	4	1.53	3
0.911	0.0639	0.0251	2	3.3	3.8	1
0.1936	0.2695	0.5369	1.57	4	5.5	1
0.2617	0.6581	0.0802	1.91	3.4	4	2
0.8927	0.0509	0.0563	1.91	3.5	4	3
0.1713	0.1727	0.656	2.25	3.25	3.2	2
0.6161	0.129	0.2549	2.2	3.2	3.4	1
0.2053	0.2357	0.559	3.2	3.2	2.25	3
0.2938	0.2913	0.4148	13	6.5	1.2	1
0.639	0.3175	0.0435	1.17	6.5	17	1
0.4777	0.0836	0.4388	3.4	3.4	2.1	3
0.3365	0.2163	0.4473	1.44	4.2	7.5	3
0.7254	0.0844	0.1902	2	3.4	3.75	3
0.4475	0.1	0.4525	1.83	3.5	4.33	3
0.665	0.0484	0.2865	1.83	3.5	4.33	1
0.8403	0.0783	0.0814	1.83	3.4	4.5	1
0.0569	0.3743	0.5687	2.9	3.25	2.4	3
0.937	0.0293	0.0336	1.73	3.5	5	1
0.9744	0.0197	0.0059	1.06	11	29	1
0.653	0.2972	0.0498	1.1	8.5	26	1
0.4492	0.3909	0.16	2.75	3.2	2.6	1
0.1388	0.2371	0.624	13	6	1.22	3
0.8212	0.0932	0.0855	1.5	4	7	1
0.7343	0.1982	0.0675	1.57	4	5.5	1
0.944	0.014	0.042	2.1	3.25	3.5	1
0.847	0.0912	0.0617	2.75	3.3	2.5	2
0.7045	0.22	0.0755	2.1	3.25	3.6	1
0.4416	0.17	0.3884	3	3.2	2.4	1
0.4866	0.2663	0.2472	1.62	3.8	5.5	1
0.2043	0.7379	0.0577	2.25	3.1	3.4	2
0.0707	0.277	0.6523	3.2	3.25	2.25	1
0.6963	0.0292	0.2745	2.8	3.3	2.5	1
0.6883	0.2236	0.088	2.4	3.5	2.8	3
0.7832	0.0973	0.1195	1.4	4.5	8	2
0.266	0.2929	0.4411	2.8	3.25	2.5	1
0.8602	0.0693	0.0705	1.73	3.5	5	1
0.5622	0.1143	0.3235	1.62	3.75	5.5	2
0.262	0.3963	0.3418	2	3.2	4	3
0.3055	0.1627	0.5317	1.8	3.5	4.5	2
0.4904	0.3959	0.1137	2.1	3.25	3.6	3
0.8589	0.0411	0.1	1.4	4.33	8.5	1
0.3185	0.0999	0.5816	2.1	3.4	3.4	3
0.2362	0.022	0.7419	8	4.5	1.4	3
0.5734	0.281	0.1456	2.2	3.25	3.25	3
0.1905	0.2565	0.553	1.5	4	6.5	3
0.6419	0.1885	0.1696	2.5	3.25	2.8	1
0.8211	0.0488	0.1301	2.1	3.4	3.4	1
0.3112	0.5798	0.109	2.1	3.3	3.5	2
0.398	0.409	0.193	1.73	3.6	4.75	1
0.4655	0.4194	0.1152	1.91	3.4	4	2
0.1955	0.3443	0.4602	2.2	3.25	3.25	2
0.8379	0.027	0.1352	1.06	11	29	1
0.8805	0.0155	0.1041	2	3.3	3.8	1
0.0983	0.4002	0.5016	2.2	3.25	3.3	2
0.6508	0.0623	0.2869	1.91	3.5	4	1
0.0693	0.2483	0.6824	13	6	1.22	2
0.1702	0.3026	0.5272	2.5	3.3	2.75	2
0.7129	0.1277	0.1594	3	3.25	2.38	1
0.6328	0.0745	0.2927	3	3.4	2.3	2
0.6011	0.0936	0.3052	2.25	3.2	3.25	3
0.0094	0.4372	0.5534	11	5	1.29	3
0.4908	0.3912	0.1181	1.8	3.5	4.5	2
0.6815	0.1947	0.1238	1.4	4.5	8	3
0.1347	0.4446	0.4208	2.6	3.2	2.75	2
0.7981	0.0607	0.1412	1.62	3.75	5.5	1
0.7718	0.0658	0.1624	1.67	3.75	5	1
0.8472	0.0939	0.0589	1.07	11	26	1
0.4611	0.106	0.4328	1.73	3.5	5	3
0.6923	0.1579	0.1497	3.1	3.25	2.3	1
0.4102	0.4677	0.1221	2.5	3.3	2.75	2
0.6611	0.1618	0.1771	1.73	3.5	5	1
0.6575	0.0727	0.2698	2.5	3.2	2.8	3
0.3873	0.133	0.4798	2.9	3.3	2.4	3
0.1876	0.7657	0.0467	1.83	3.4	4.5	2
0.0923	0.1659	0.7418	9.5	5.5	1.29	3
0.0616	0.3188	0.6195	3.25	3.25	2.25	2
0.9307	0.0222	0.0471	1.2	6.5	15	1
0.8469	0.0864	0.0668	2	3.4	3.75	3
0.0916	0.2137	0.6946	1.83	3.5	4.33	1
0.831	0.0646	0.1044	1.91	3.4	4	1
0.965	0.0196	0.0154	1.07	11	26	1
0.0071	0.5698	0.423	3	3.2	2.38	3
0.2895	0.1763	0.5343	12	6	1.22	2
0.6725	0.01	0.3175	1.62	3.75	5.5	3
0.4157	0.019	0.5653	2.4	3.3	2.88	3
0.7727	0.0825	0.1448	2.2	3.3	3.3	1
0.1598	0.5482	0.292	3.25	3.3	2.2	2
0.8334	0.0431	0.1235	2	3.4	3.75	1
0.287	0.0558	0.6572	3.1	3.3	2.3	3
0.2131	0.6623	0.1246	1.73	3.5	5	2
0.8456	0.1266	0.0277	1.07	11	26	1
0.0603	0.1081	0.8315	9	5	1.33	3
0.2729	0.0717	0.6554	2.3	3.2	3.2	2
0.3639	0.5645	0.0715	2.2	3.2	3.4	1
0.3141	0.3769	0.309	2	3.4	3.75	2
0.4229	0.3273	0.2498	1.83	3.5	4.33	3
0.3802	0.2886	0.3312	2.25	3.25	3.25	2
0.2649	0.4573	0.2778	2.38	3.2	3	3
0.5716	0.2645	0.164	3	3.2	2.4	1
0.2477	0.4669	0.2854	2.8	3.2	2.5	1
0.3885	0.3804	0.231	9.5	5	1.33	1
0.613	0.2747	0.1123	3.75	3.4	2	2
0.8545	0.0212	0.1243	1.62	3.75	5.5	3
0.701	0.0721	0.2269	1.73	3.5	5	1
0.9503	0.0406	0.0091	1.08	10	26	1
0.6848	0.1234	0.1918	1.36	4.5	9	1
0.6597	0.0459	0.2945	2.5	3.2	2.8	1
0.4823	0.1625	0.3552	1.57	3.75	6	1
0.6792	0.0715	0.2492	2.8	3.25	2.5	1
0.1813	0.4097	0.409	2	3.3	3.75	2
0.9561	0.0129	0.031	1.08	9.5	26	1
0.7554	0.1823	0.0622	1.62	3.75	5.5	1
0.4761	0.2188	0.3051	1.83	3.6	4.2	1
0.7918	0.0128	0.1954	1.25	5.75	11	1
0.8249	0.1123	0.0628	2.3	3.2	3.2	1
0.2624	0.1922	0.5454	2.3	3.2	3.2	3
0.5658	0.3282	0.1059	2.25	3.25	3.2	1
0.3111	0.456	0.2329	4	3.4	1.91	2
0.2324	0.1395	0.6281	2.6	3.2	2.75	3
0.5857	0.3793	0.035	2	3.4	3.75	2
0.3972	0.0485	0.5544	1.73	3.5	5	3
0.7825	0.1632	0.0543	1.44	4.2	7.5	1
0.2774	0.4886	0.234	2.05	3.25	3.75	2
0.056	0.0357	0.9083	7	4.33	1.44	3
0.3646	0.5313	0.104	1.91	3.3	4.2	1
0.7034	0.0632	0.2334	2.1	3.25	3.5	1
0.5087	0.0458	0.4454	1.75	3.5	4.75	3
0.2601	0.0275	0.7124	8	4.75	1.36	3
0.6285	0.2339	0.1376	2.25	3.25	3.2	2
0.8015	0.1686	0.0299	1.08	11	26	1
0.3793	0.0338	0.5869	2.4	3.2	3	3
0.2398	0.3976	0.3626	1.91	3.3	4.2	2
0.2927	0.5692	0.1381	2.38	3.25	3	2
0.211	0.6024	0.1866	1.83	3.4	4.5	1
0.8559	0.0608	0.0833	1.62	3.6	6	1
0.2711	0.0824	0.6465	3.5	3.3	2.1	3
0.9128	0.0699	0.0173	1.13	8	21	1
0.5575	0.3942	0.0483	3.1	3.25	2.3	1
0.6941	0.0628	0.2432	2.5	3.2	2.88	1
0.0722	0.0608	0.867	7	4.33	1.44	3
0.8468	0.061	0.0922	1.53	3.8	6.5	1
0.3963	0.2789	0.3249	1.73	3.6	4.75	1
0.5912	0.126	0.2827	3.25	3.3	2.2	1
0.4532	0.4755	0.0712	1.33	4.75	10	1
0.1535	0.386	0.4605	2.1	3.4	3.4	1
0.496	0.1457	0.3583	2.8	3.25	2.5	1
0.2215	0.072	0.7065	13	6	1.22	3
0.1858	0.5297	0.2845	1.5	4	7	2
0.1341	0.7628	0.1031	1.91	3.4	4	3
0.6959	0.1218	0.1823	1.95	3.3	4	1
0.6584	0.0845	0.257	2	3.3	3.8	1
0.4822	0.1026	0.4152	8.5	4.75	1.36	3
0.2581	0.1258	0.6161	2.2	3.3	3.3	1
0.2174	0.5518	0.2309	2.5	3.2	2.88	2
0.5002	0.1121	0.3877	2.25	3.4	3.1	3
0.8957	0.0469	0.0574	2.4	3.2	3	1
0.6032	0.1425	0.2543	3	3.25	2.38	1
0.319	0.6478	0.0332	1.17	7.5	14	2
0.6154	0.2514	0.1332	1.67	3.75	5	1
0.7123	0.1611	0.1266	1.05	13	34	1
0.31	0.5757	0.1143	2.2	3.2	3.4	2
0.5989	0.2279	0.1732	1.8	3.5	4.5	1
0.7511	0.0442	0.2047	2	3.4	3.75	3
0.0338	0.451	0.5152	2.38	3.25	3	3
0.7569	0.1935	0.0496	1.29	5	11	3
0.1156	0.259	0.6255	8.5	4.75	1.36	2
0.5869	0.2554	0.1576	1.91	3.4	4	2
0.9104	0.0253	0.0642	1.67	3.75	5	1
0.1155	0.2823	0.6022	3.2	3.25	2.25	3
0.3873	0.1981	0.4146	2.8	3.25	2.5	1
0.0635	0.2694	0.6671	13	6	1.22	3
0.8284	0.1217	0.0499	1.13	8	21	1
0.0612	0.5607	0.3781	1.36	4.5	9	2
0.2967	0.2649	0.4384	1.67	3.75	5	2
0.7457	0.0786	0.1757	2.38	3.25	3	3
0.5944	0.1284	0.2772	2.1	3.3	3.5	3
0.3937	0.1968	0.4095	2.1	3.4	3.4	3
0.4092	0.0246	0.5663	4.5	3.5	1.8	1
0.2966	0.1129	0.5905	3	3.25	2.38	3
0.8744	0.1041	0.0215	1.11	9	21	1
0.7149	0.0818	0.2033	1.67	3.8	5	3
0.0243	0.2354	0.7403	8	4.5	1.4	3
0.2933	0.3838	0.3229	2.1	3.3	3.5	3
0.3296	0.149	0.5214	2.1	3.3	3.5	3
0.7339	0.1364	0.1297	1.62	3.8	5.5	1
0.7023	0.0448	0.2529	2.1	3.3	3.5	1
0.6395	0.311	0.0495	1.62	3.8	5.5	2
0.4954	0.0634	0.4412	2	3.4	3.75	2
0.5443	0.4391	0.0166	1.73	3.6	4.75	1
0.6522	0.2803	0.0675	2.1	3.3	3.5	1
0.1003	0.2325	0.6672	1.91	3.4	4	2
0.8487	0.0636	0.0876	1.73	3.5	5	1
0.7814	0.1453	0.0732	2.05	3.4	3.6	1
0.0145	0.2987	0.6868	19	7.5	1.14	3
0.6095	0.2281	0.1624	2.25	3.25	3.2	1
0.7446	0.1455	0.1098	3	3.4	2.3	1
0.0514	0.802	0.1467	1.83	3.5	4.33	2
0.8374	0.1106	0.052	1.2	6.5	13	2
0.9591	0.014	0.027	1.4	4.5	8	1
0.8101	0.1788	0.011	1.06	13	26	1
0.8021	0.0669	0.131	2.5	3.25	2.8	1
0.5936	0.2873	0.1191	2.25	3.4	3.1	2
0.1511	0.0203	0.8286	5.5	4	1.57	3
0.7184	0.1778	0.1039	2.63	3.4	2.6	2
0.3325	0.5432	0.1243	2.6	3.2	2.75	1
0.4962	0.2231	0.2807	1.5	4.2	6.5	1
0.1946	0.115	0.6904	2.7	3.2	2.63	3
0.5451	0.2865	0.1684	1.44	4.33	7	1
0.1498	0.3904	0.4598	2.5	3.3	2.8	1
0.2233	0.0256	0.7511	15	6	1.2	3
0.7772	0.0041	0.2187	1.06	11	29	1
0.458	0.3816	0.1605	1.67	3.8	5	1
0.5178	0.343	0.1391	1.91	3.5	4	1
0.6468	0.1483	0.205	2.88	3.4	2.38	1
0.7723	0.152	0.0757	1.5	4.2	6.5	2
0.5506	0.1396	0.3098	2.8	3.4	2.4	3
0.7114	0.1081	0.1805	1.5	4	7	2
0.5759	0.3038	0.1203	2.1	3.4	3.4	1
0.5176	0.0837	0.3987	2.6	3.3	2.63	1
0.1922	0.018	0.7898	1.62	4	5	3
0.5433	0.096	0.3607	1.8	3.6	4.33	1
0.7875	0.1311	0.0814	1.57	3.8	6	2
0.6996	0.0632	0.2373	2.3	3.4	3	1
0.7209	0.0542	0.2249	1.57	3.75	6	1
0.5444	0.1173	0.3383	2.25	3.25	3.2	1
0.439	0.2195	0.3415	3.6	3.5	2	3
0.6146	0.1132	0.2722	2.25	3.25	3.2	2
0.5102	0.3234	0.1664	1.62	3.75	5.5	1
0.2728	0.5306	0.1966	3.1	3.3	2.3	2
0.2791	0.1823	0.5386	1.67	3.75	5	3
0.7753	0.0785	0.1463	1.91	3.4	4	3
0.6509	0.0774	0.2717	1.83	3.5	4.33	1
0.6975	0.1139	0.1886	1.5	4	6.5	1
0.6821	0.1904	0.1275	1.8	3.5	4.5	2
0.407	0.3702	0.2228	3.2	3.3	2.25	2
0.749	0.0436	0.2074	2.2	3.4	3.2	1
0.8544	0.1215	0.0242	1.22	6	13	1
0.0067	0.2266	0.7667	9	5	1.33	3
0.6888	0.0889	0.2223	3.2	3.4	2.2	1
0.6288	0.2142	0.157	1.4	4.5	8	2
0.5155	0.1383	0.3461	1.83	3.5	3.75	1
0.2744	0.0973	0.6283	2.4	3.4	2.8	3
0.1689	0.0807	0.7504	6	4	1.53	3
0.511	0.3195	0.1695	1.4	4.5	7.5	2
0.6373	0.1012	0.2615	1.2	6	15	1
0.9231	0.0057	0.0713	1.85	3.5	4.2	1
0.1618	0.1611	0.6771	1.73	3.6	4.75	3
0.6046	0.0945	0.3009	1.44	4	8	1
0.3023	0.4827	0.215	2.25	3.4	3.1	1
0.5246	0.2833	0.1921	1.8	3.5	4.5	2
0.6019	0.032	0.3661	2	3.5	3.6	1
0.5062	0.0872	0.4067	1.13	8	19	1
0.0281	0.3097	0.6622	7.5	5	1.36	3
0.5384	0.4192	0.0424	1.91	3.4	4	1
0.368	0.0524	0.5795	1.8	3.5	4.5	1
0.4644	0.0441	0.4915	1.7	3.6	5	1
0.7704	0.093	0.1367	2.3	3.25	3.1	1
0.8383	0.0137	0.148	1.57	4.2	4.5	1
0.5313	0.2773	0.1914	1.33	5	9	1
0.0821	0.1132	0.8048	7.5	5.5	1.33	2
0.5128	0.1587	0.3285	2.7	3.4	2.5	1
0.382	0.3863	0.2318	2.8	3.5	2.38	2
0.335	0.1619	0.503	5.5	4	1.57	3
0.453	0.1063	0.4407	1.57	4	5.5	1
0.3358	0.624	0.0402	1.3	5.5	9	1
0.6971	0.113	0.1899	1.2	7	11	1
0.1064	0.2918	0.6018	6	4	1.53	3
0.7138	0.1848	0.1014	1.83	3.5	4.33	1
0.5631	0.0563	0.3806	2.3	3.4	3	3
0.7577	0.0276	0.2147	2.25	3.25	3.2	3
0.7796	0.1164	0.104	2	3.3	3.8	1
0.9423	0.0396	0.0181	1.62	3.75	5.5	1
0.5992	0.0929	0.308	1.83	3.5	4.2	3
0.8309	0.1214	0.0477	1.1	9	26	1
0.7007	0.1675	0.1318	3.2	3.4	2.2	2
0.3863	0.5995	0.0142	1.25	6	10	2
0.4252	0.4814	0.0934	2	3.4	3.75	1
0.8164	0.034	0.1497	2.2	3.3	3.3	1
0.0331	0.4294	0.5374	2.15	3.3	3.4	3
0.0827	0.0812	0.836	1.7	3.6	5	3
0.6793	0.071	0.2497	1.67	3.6	5.25	3
0.0905	0.7789	0.1305	1.91	3.5	4	2
0.379	0.3787	0.2423	2	3.4	3.75	1
0.0161	0.6168	0.367	9.5	5.5	1.29	1
0.6957	0.193	0.1113	3	3.25	2.38	2
0.0177	0.0571	0.9251	12	6	1.22	3
0.4986	0.4707	0.0307	1.44	4.2	7.5	2
0.7498	0.2041	0.0461	1.6	4	5.5	1
0.6037	0.3269	0.0695	2.05	3.4	3.5	1
0.6149	0.0648	0.3202	2	3.3	3.75	1
0.7145	0.0645	0.2209	2.2	3.2	3.4	2
0.8188	0.0619	0.1193	2.1	3.2	3.6	1
0.0497	0.4182	0.5321	2.7	3.25	2.6	3
0.7963	0.1116	0.0921	2	3.4	3.75	1
0.9503	0.0331	0.0166	1.22	6	13	1
0.7609	0.1002	0.1389	2.2	3.2	3.4	1
0.7467	0.1084	0.1449	1.08	10	23	1
0.7431	0.1321	0.1248	2.8	3.25	2.5	2
0.1495	0.2225	0.628	11	6	1.25	3
0.8049	0.1381	0.057	1.7	3.6	5	1
0.7941	0.0345	0.1714	5	4	1.62	1
0.6646	0.0857	0.2497	1.44	4.33	7	1
0.8823	0.0757	0.0421	1.33	5	9	1
0.2052	0.5869	0.2079	2.2	3.4	3.2	2
0.3836	0.4245	0.1919	2.3	3.2	3.2	2
0.3312	0.1292	0.5396	2.2	3.25	3.25	2
0.7427	0.1361	0.1212	1.8	3.5	4.5	1
0.318	0.0961	0.5859	2.1	3.3	3.5	3
0.9383	0.03	0.0317	1.05	12	34	1
0.8192	0.1687	0.0121	1.95	3.5	3.75	1
0.7589	0.1503	0.0908	2	3.4	3.75	1
0.8022	0.0224	0.1754	2.25	3.25	3.2	1
0.2565	0.4365	0.3071	2.2	3.4	3.2	2
0.4856	0.4758	0.0386	1.3	5.25	10	1
0.6138	0.3314	0.0548	2.1	3.4	3.4	1
0.7787	0.1468	0.0745	2.8	3.25	2.5	1
0.1368	0.3732	0.49	2.6	3.3	2.63	3
0.2659	0.5758	0.1583	9	5.5	1.3	3
0.1324	0.1034	0.7643	3.1	3.3	2.3	3
0.6867	0.1611	0.1522	1.7	3.75	4.75	1
0.0597	0.0407	0.8996	6	4.33	1.5	3
0.8052	0.0719	0.1229	2.3	3.4	3	1
0.7993	0.101	0.0997	1.36	4.75	8.5	1
0.0557	0.323	0.6213	3.6	3.5	2	3
0.599	0.0283	0.3727	2.3	3.25	3.1	1
0.3589	0.241	0.4	1.95	3.3	4	1
0.9218	0.0469	0.0314	1.13	8	21	1
0.7379	0.0908	0.1713	1.83	3.5	4.33	1
0.5574	0.015	0.4276	2.1	3.25	3.6	1
0.4213	0.0909	0.4878	2.63	3.3	2.63	1
0.6485	0.1221	0.2294	1.95	3.3	4	1
0.2743	0.5073	0.2184	1.91	3.5	4	2
0.8521	0.0167	0.1312	2.3	3.3	3.1	1
0.4199	0.2018	0.3783	2.3	3.3	3.1	3
0.5981	0.1335	0.2684	1.83	3.5	4.33	1
0.8898	0.0691	0.0412	1.73	3.75	4.5	1
0.6136	0.3644	0.022	1.83	4	3.75	2
0.1258	0.4826	0.3916	3.5	3.3	2.1	1
0.1918	0.4808	0.3273	1.83	3.5	4.33	3
0.29	0.1327	0.5773	10	5	1.3	3
0.8872	0.0652	0.0476	1.53	3.8	6.5	1
0.4182	0.1392	0.4426	1.1	9	23	1
0.2883	0.5228	0.1889	1.62	3.8	5.5	1
0.3997	0.4022	0.1981	1.91	3.4	4	1
0.449	0.3331	0.218	1.83	3.5	4.2	3
0.398	0.0668	0.5352	1.91	3.4	4	3
0.1504	0.6094	0.2402	2	3.4	3.75	2
0.5288	0.007	0.4642	3.4	3.4	2.1	3
0.1639	0.4318	0.4043	1.62	3.8	5.5	1
0.6544	0.0434	0.3022	2.9	3.3	2.4	1
0.3291	0.4711	0.1998	1.91	3.5	4	2
0.5475	0.0922	0.3604	2.8	3.3	2.5	2
0.0293	0.3425	0.6282	11	6	1.25	3
0.2397	0.1136	0.6468	1.85	3.5	4.2	3
0.8612	0.1066	0.0322	1.3	5	11	1
0.7981	0.177	0.0249	2	3.4	3.75	1
0.226	0.0492	0.7248	8	4.5	1.4	3
0.341	0.1849	0.4741	3	3.25	2.38	1
0.1544	0.7805	0.0651	2.1	3.3	3.5	2
0.8246	0.0652	0.1102	1.08	10	26	1
0.2738	0.2429	0.4833	1.4	4.5	8	3
0.8534	0.121	0.0256	1.08	10	26	1
0.2881	0.0675	0.6444	2.4	3.4	2.8	1
0.1834	0.4985	0.3182	2.38	3.4	2.88	3
0.4359	0.373	0.1911	1.95	3.3	4	1
0.0719	0.1803	0.7479	2.05	3.2	3.8	3
0.7338	0.075	0.1912	1.5	4	7	2
0.3684	0.199	0.4325	1.83	3.5	4.33	3
0.2397	0.4028	0.3575	1.91	3.4	4	3
0.7853	0.0587	0.156	1.7	3.8	4.75	3
0.8822	0.027	0.0908	1.8	3.5	4.5	3
0.6034	0.3527	0.0439	1.53	4	6	3
0.942	0.0142	0.0438	2.38	3.4	2.9	1
0.5577	0.4077	0.0345	2.05	3.25	3.75	1
0.2573	0.3909	0.3518	2.38	3.5	2.8	1
0.869	0.0855	0.0455	1.36	4.75	8.5	1
0.1439	0.0893	0.7668	9	5.5	1.3	3
0.0053	0.382	0.6127	13	6	1.22	3
0.2087	0.5667	0.2246	2.8	3.4	2.4	2
0.8295	0.0366	0.1338	1.08	10	26	1
0.195	0.172	0.633	3	3.2	2.4	2
0.7689	0.1905	0.0406	1.17	8	12	1
0.5089	0.2509	0.2402	1.5	4	7	1
0.2094	0.429	0.3617	1.91	3.4	4	2
0.821	0.0893	0.0897	2	3.3	3.8	1
0.0186	0.5561	0.4253	4.5	3.75	1.73	3
0.294	0.3243	0.3817	2.05	3.4	3.5	3
0.7563	0.1048	0.1389	1.67	3.5	5.5	1
0.7427	0.106	0.1512	1.75	3.5	4.75	1
0.6833	0.2791	0.0376	1.85	3.5	4.2	2
0.3362	0.0383	0.6255	10	5.5	1.29	1
0.7984	0.0859	0.1158	2.1	3.4	3.4	1
0.1358	0.1575	0.7067	1.85	3.4	4.33	1
0.923	0.0115	0.0655	2.1	3.4	3.4	1
0.6732	0.1995	0.1273	1.67	3.8	5	2
0.7427	0.1546	0.1027	1.62	3.8	5.5	1
0.4358	0.3649	0.1992	2.1	3.4	3.4	3
0.1575	0.1274	0.7151	13	6.5	1.2	3
0.4942	0.1648	0.341	2.1	3.3	3.5	3
0.7298	0.1728	0.0973	1.91	3.5	4	1
0.8596	0.0097	0.1307	1.09	10	21	1
0.7704	0.0275	0.2021	2.6	3.25	2.7	1
0.6875	0.2305	0.082	1.44	4.5	6.5	1
0.7496	0.0916	0.1588	1.6	3.8	5.75	3
0.1608	0.4904	0.3487	2	3.5	3.6	2
0.4501	0.5259	0.0241	2.05	3.4	3.5	2
0.2434	0.4758	0.2808	2.1	3.4	3.4	3
0.586	0.1259	0.2881	2	3.5	3.6	2
0.4711	0.2191	0.3098	1.7	3.75	4.75	3
0.2178	0.489	0.2932	2.8	3.3	2.5	2
0.5606	0.0704	0.3691	1.44	4.33	7	1
0.2532	0.3499	0.3968	2.63	3.3	2.63	3
0.6738	0.2491	0.0771	1.91	3.3	4.2	2
0.0169	0.5992	0.3839	10	6	1.25	3
0.6151	0.3174	0.0675	1.83	3.75	4	1
0.7322	0.0409	0.2269	1.29	5.5	10	1
0.0753	0.0607	0.864	9	5.5	1.3	3
0.3345	0.5628	0.1027	2	3.2	4	1
0.7707	0.1217	0.1076	2.25	3.3	3.2	3
0.4473	0.526	0.0266	1.95	3.3	4	2
0.7546	0.0889	0.1565	2.4	3.3	2.88	2
0.8353	0.146	0.0187	2.4	3.4	2.8	3
0.3563	0.0862	0.5575	2.1	3.3	3.5	3
0.679	0.2836	0.0374	1.25	6	10	1
0.6172	0.3403	0.0425	1.1	10	17	2
0.5272	0.146	0.3268	1.44	4.33	7	3
0.0995	0.2147	0.6858	2	3.4	3.75	3
0.3284	0.1157	0.5559	2.05	3.4	3.5	3
0.1857	0.4025	0.4118	2.2	3.3	3.25	2
0.8582	0.0803	0.0615	1.8	3.6	4.33	1
0.8597	0.0786	0.0617	2.38	3.4	2.88	1
0.5849	0.0507	0.3643	2.25	3.25	3.25	1
0.6501	0.0183	0.3316	1.29	5.5	10	1
0.6821	0.2197	0.0982	1.67	3.75	5	1
0.6388	0.0821	0.2791	1.83	3.5	4.2	3
0.6773	0.0811	0.2416	1.7	3.6	5	3
0.7001	0.0119	0.288	5.5	4.1	1.57	1
0.1984	0.4607	0.3409	1.95	3.3	4	3
0.0392	0.2603	0.7005	13	6	1.22	3
0.2838	0.2591	0.4571	2.2	3.4	3.2	3
0.6194	0.1377	0.2429	3.25	3.2	2.25	3
0.2722	0.341	0.3868	3	3.4	2.3	1
0.4579	0.0795	0.4626	2.25	3.3	3.2	1
0.8891	0.0575	0.0534	1.53	4.1	6	1
0.8602	0.0118	0.128	1.1	10	21	1
0.116	0.369	0.5151	1.95	3.3	4	1
0.3009	0.5686	0.1306	3.4	3.4	2.1	2
0.7699	0.1505	0.0796	1.18	7	13	1
0.8365	0.0596	0.1039	2.2	3.3	3.3	1
0.333	0.3227	0.3443	1.91	3.5	4	3
0.7858	0.0711	0.1431	2.25	3.2	3.3	1
0.5698	0.2834	0.1468	7	4.33	1.44	2
0.4573	0.0797	0.463	2.1	3.4	3.4	1
0.6514	0.1377	0.2109	2	3.4	3.75	1
0.9376	0.0346	0.0278	1.29	5.5	10	1
0.4547	0.0883	0.457	1.91	3.5	4	1
0.4583	0.0094	0.5323	7	4.75	1.4	3
0.3488	0.129	0.5222	1.75	3.5	4.75	2
0.7123	0.1665	0.1211	1.83	3.5	4.33	2
0.3397	0.1399	0.5205	2	3.4	3.75	1
0.3196	0.2207	0.4597	2.7	3.25	2.6	2
0.574	0.0487	0.3774	2.15	3.3	3.4	1
0.4738	0.2879	0.2383	1.62	3.75	5.5	2
0.2569	0.0503	0.6928	10	5.5	1.29	1
0.8986	0.0855	0.0159	1.3	5.5	9	1
0.5724	0.2302	0.1974	2	3.4	3.75	1
0.1566	0.6266	0.2169	4.5	3.75	1.75	3
0.4696	0.1183	0.4122	2	3.4	3.75	1
0.1158	0.2988	0.5854	1.91	3.5	4	2
0.2896	0.4953	0.2151	2.2	3.4	3.2	2
0.3004	0.2286	0.471	2.88	3.2	2.5	3
0.8302	0.0319	0.1379	2	3.4	3.75	1
0.4876	0.2823	0.2301	2.05	3.4	3.5	2
0.4096	0.0503	0.5401	3	3.25	2.38	1
0.8172	0.044	0.1388	1.07	11	29	1
0.6137	0.1217	0.2646	3	3.2	2.4	3
0.8581	0.0881	0.0538	1.14	7.5	17	1
0.4837	0.1521	0.3642	2.25	3.3	3.2	1
0.7496	0.2117	0.0387	1.4	4.4	8	1
0.4436	0.4446	0.1118	2.5	3.25	2.8	2
0.8246	0.0372	0.1382	2.1	3.2	3.6	1
0.7924	0.055	0.1525	2.05	3.25	3.75	1
0.792	0.0833	0.1247	9	5	1.33	1
0.8488	0.108	0.0432	2	3.3	3.75	1
0.5727	0.0216	0.4057	1.44	4.33	7	1
0.8047	0.1057	0.0896	1.53	4	6	2
0.6297	0.2044	0.1658	1.5	4.33	6	1
0.6713	0.0143	0.3143	1.7	3.75	4.75	1
0.0404	0.3155	0.6442	7	4.33	1.44	2
0.1701	0.7038	0.1261	2.63	3.3	2.63	3
0.2139	0.4485	0.3376	2	3.3	3.8	3
0.2095	0.0158	0.7747	2.5	3.25	2.8	3
0.2156	0.684	0.1004	2.1	3.3	3.5	2
0.8761	0.0465	0.0774	1.36	5	7.5	1
0.853	0.0345	0.1125	1.73	3.6	4.75	3
0.8367	0.0736	0.0897	1.09	10	21	1
0.7719	0.0806	0.1474	3.5	3.3	2.1	1
0.3172	0.0643	0.6185	2.4	3.3	2.88	3
0.2462	0.3912	0.3626	1.83	3.5	4.33	2
0.4296	0.3685	0.2019	1.36	4.75	8	1
0.7208	0.2	0.0792	2.1	3.3	3.5	1
0.3148	0.0751	0.6102	10	6	1.25	3
0.6016	0.2337	0.1647	1.8	3.75	4.2	1
0.6253	0.1068	0.2679	1.91	3.3	4.2	1
0.7135	0.0543	0.2322	2	3.3	3.8	1
0.8197	0.1629	0.0174	1.18	7.5	12	1
0.8312	0.0608	0.108	1.67	3.8	5	2
0.6675	0.1688	0.1637	1.4	4.75	7.5	1
0.3471	0.0682	0.5847	3.75	3.4	2	3
0.3589	0.2104	0.4307	2.25	3.4	3.1	3
0.9442	0.019	0.0368	1.18	7	13	1
0.4818	0.0257	0.4925	8.5	5	1.33	3
0.3203	0.2092	0.4705	2.2	3.2	3.4	3
0.108	0.4157	0.4763	3.2	3.2	2.3	2
0.9101	0.0524	0.0375	1.36	4.75	8	1
0.3901	0.027	0.5829	2.5	3.25	2.8	1
0.562	0.2255	0.2124	1.83	3.4	4.5	1
0.6898	0.0706	0.2396	1.75	3.5	4.75	3
0.7122	0.1307	0.1571	1.91	3.4	4	3
0.8864	0.064	0.0497	1.91	3.4	4	1
0.1907	0.7225	0.0868	2.3	3.3	3.1	2
0.1939	0.2934	0.5126	2.3	3.25	3.1	3
0.6396	0.0506	0.3097	2.88	3.6	2.3	1
0.8272	0.0278	0.145	1.5	4.2	6.5	2
0.2004	0.5483	0.2513	1.83	3.4	4.5	2
0.4946	0.309	0.1964	2.05	3.25	3.75	3
0.008	0.57	0.422	2.8	3.3	2.5	2
0.6863	0.2985	0.0152	1.75	3.6	4.75	2
0.6496	0.2325	0.1179	1.44	4.2	7.5	1
0.6564	0.0476	0.296	1.91	3.4	4	1
0.8078	0.1428	0.0494	1.11	9	19	1
0.4609	0.3109	0.2282	3.1	3.3	2.3	1
0.095	0.7055	0.1995	2.38	3.25	3	2
0.7462	0.078	0.1759	1.91	3.4	4	1
0.6072	0.3651	0.0277	2.5	3.4	2.7	1
0.6593	0.0239	0.3168	1.5	4.33	6	3
0.4237	0.0712	0.5051	6.5	4.5	1.45	3
0.3723	0.4884	0.1393	2.1	3.4	3.5	2
0.419	0.154	0.427	2.1	3.25	3.6	2
0.3947	0.3746	0.2306	2.25	3.4	3.1	1
0.5827	0.3513	0.066	2.3	3.4	3	1
0.8519	0.1147	0.0334	1.13	9	17	1
0.6705	0.2863	0.0432	1.62	3.8	5.5	1
0.3903	0.0779	0.5319	1.62	3.8	5.5	1
0.5228	0.4314	0.0458	1.11	9	21	1
0.2459	0.4182	0.3358	1.91	3.3	4.2	2
0.408	0.0469	0.5451	1.91	3.3	4.2	3
0.4393	0.0267	0.534	3.4	3.3	2.15	3
0.7954	0.122	0.0826	1.4	4.5	8	1
0.0687	0.2761	0.6552	8	5	1.36	2
0.4113	0.1355	0.4533	3.4	3.2	2.2	1
0.575	0.127	0.298	1.85	3.4	4.33	3
0.3598	0.4924	0.1478	7.5	4.75	1.4	2
0.4432	0.1742	0.3825	1.73	3.6	4.75	2
0.0756	0.3359	0.5885	2.7	3.3	2.6	2
0.8579	0.0512	0.0909	1.91	3.5	4	3
0.3923	0.1944	0.4133	2.1	3.2	3.6	3
0.7318	0.0838	0.1844	1.73	3.6	4.75	1
0.1385	0.2644	0.5971	1.83	3.6	4.2	2
0.754	0.0571	0.1888	2.3	3.3	3.1	3
0.9185	0.0189	0.0627	1.17	7	15	1
0.745	0.1562	0.0988	1.95	3.5	3.75	1
0.9277	0.0607	0.0116	1.14	8	15	1
0.8057	0.184	0.0103	1.67	3.75	5	1
0.4493	0.1786	0.3722	2	3.5	3.6	3
0.2382	0.5559	0.2059	3.6	3.5	2	2
0.6644	0.0112	0.3244	2	3.3	3.8	3
0.4149	0.4946	0.0905	1.4	4.33	8.5	1
0.9158	0.021	0.0632	1.57	3.8	6	1
0.1892	0.6459	0.1649	2.5	3.4	2.7	2
0.2113	0.402	0.3867	3.1	3.3	2.3	2
0.4228	0.0993	0.4779	2.2	3.3	3.3	3
0.2663	0.532	0.2017	2	3.4	3.75	1
0.866	0.0449	0.0891	2.3	3.2	3.2	1
0.1876	0.139	0.6734	7	4.5	1.44	3
0.6937	0.0194	0.2869	1.36	4.75	8.5	1
0.3476	0.0983	0.5542	2.5	3.4	2.7	3
0.1316	0.1258	0.7426	7.5	4.75	1.4	3
0.685	0.2638	0.0512	2.05	3.4	3.5	1
