0.2171	0.1246	0.6583	2	3	4.33	3
0.1077	0.0371	0.8552	4.75	3.1	1.91	3
0.0257	0.6239	0.3505	3.75	3.1	2.1	2
0.75	0.1724	0.0776	2.3	3	3.4	1
0.0905	0.7783	0.1312	3.5	3	2.25	2
0.839	0.0092	0.1518	1.53	3.6	7.5	1
0.1652	0.4033	0.4315	1.91	3.2	4.33	3
0.6801	0.309	0.0109	2.2	2.9	3.75	3
0.7668	0.0571	0.176	1.5	3.5	7	1
0.1664	0.305	0.5286	1.67	3.3	5.5	3
0.6295	0.0048	0.3658	2.15	3	3.8	1
0.7366	0.2611	0.0023	1.91	3.25	4.33	2
0.6694	0.1863	0.1443	1.33	4.5	12	1
0.7761	0.0341	0.1898	2.25	3	3.5	1
0.258	0.1523	0.5897	1.62	3.6	6	1
0.339	0.263	0.3979	4	3.25	2	3
0.8449	0.0335	0.1217	1.91	3.3	4.2	1
0.923	0.0218	0.0551	2.38	3	3.25	1
0.7422	0.1849	0.073	1.73	3.5	5	1
0.4793	0.5045	0.0162	2.5	2.9	3.1	2
0.0965	0.7763	0.1271	4	3.2	2	3
0.3377	0.3901	0.2722	2.35	3	3.3	1
0.5119	0.0985	0.3895	2.1	3	4	1
0.6511	0.2893	0.0595	2.3	3	3.4	1
0.1752	0.7952	0.0296	3	3	2.5	2
0.4855	0.2686	0.246	1.75	3.3	5.25	3
0.0073	0.5031	0.4896	3.6	3	2.2	3
0.5481	0.351	0.1009	1.5	3.75	7.5	1
0.0845	0.0734	0.8421	2.45	2.9	3.2	3
0.1558	0.3024	0.5418	2	3.1	4.2	2
0.0895	0.5286	0.3819	2.5	2.9	3.1	2
0.049	0.647	0.3039	2.6	2.9	3	2
0.7357	0.1929	0.0714	2.1	3.1	3.8	1
0.9261	0.0115	0.0623	1.36	4.5	10	1
0.4692	0.0647	0.4661	2	3.1	4.2	3
0.2	0.1027	0.6973	2.2	3	3.6	1
0.972	0.0126	0.0154	1.73	3.3	5.5	1
0.154	0.7871	0.0589	2.15	3.2	3.5	2
0.6541	0.2356	0.1104	1.83	3.3	4.75	1
0.2155	0.6254	0.1591	1.57	3.75	6.5	3
0.6419	0.0712	0.2869	1.29	5	12	1
0.0217	0.3529	0.6254	4.2	3.25	1.91	3
0.7699	0.0364	0.1938	1.75	3.4	5	1
0.7125	0.2626	0.0249	1.36	4.5	9	1
0.9192	0.011	0.0698	2.3	3	3.4	1
0.2535	0.2421	0.5044	2.4	3	3.2	2
0.068	0.8626	0.0694	2	3.2	4	2
0.7153	0.0282	0.2565	2.2	3.1	3.5	1
0.262	0.1372	0.6008	2.9	3	2.6	1
0.4846	0.4443	0.0711	1.75	3.4	5	1
0.0529	0.2735	0.6736	5.5	3.5	1.67	3
0.0183	0.1165	0.8652	3.6	3	2.2	3
0.7517	0.0851	0.1632	2.2	3	3.6	1
0.8467	0.1258	0.0275	1.4	4.2	8.5	1
0.1019	0.1526	0.7455	2.63	2.8	3.1	3
0.1149	0.3383	0.5468	1.85	3.2	4.75	3
0.3329	0.6324	0.0347	2	3.1	4.2	2
0.0104	0.7268	0.2628	2.6	3	2.88	2
0.2136	0.5533	0.2331	2.88	3.1	2.55	2
0.6229	0.3215	0.0556	1.75	3.4	5	1
0.1526	0.8001	0.0473	1.67	3.4	6	1
0.1586	0.3347	0.5067	3.2	3	2.4	2
0.933	0.0281	0.0388	1.44	4	8.5	1
0.4223	0.5596	0.018	1.8	3.1	4.6	3
0.5019	0.4155	0.0826	1.7	3.4	5.5	1
0.5634	0.3145	0.1221	2	3.2	4	1
0.7388	0.1809	0.0803	4.75	3.3	1.8	1
0.5358	0.2038	0.2604	1.7	3.4	5.5	1
0.6941	0.0067	0.2992	2.25	3.1	3.4	1
0.1415	0.7881	0.0704	1.62	3.6	6	2
0.4228	0.0167	0.5605	2.9	3	2.6	3
0.0515	0.2145	0.734	5	3.4	1.75	3
0.1557	0.4652	0.3791	2.3	3	3.4	1
0.8059	0.0516	0.1424	1.57	3.5	7	2
0.5075	0.1366	0.3559	1.62	3.5	6	3
0.751	0.0675	0.1816	1.91	3.1	4.6	1
0.8024	0.0148	0.1828	4	3.2	2	1
0.0189	0.2962	0.6848	3.75	3.1	2.1	3
0.7354	0.1946	0.0699	1.53	3.75	7	3
0.2512	0.3254	0.4234	1.85	3.2	4.75	3
0.3951	0.1765	0.4284	3.8	3.2	2.05	1
0.0333	0.9097	0.057	1.7	3.4	5.5	2
0.1319	0.8045	0.0636	2.1	3.1	3.75	2
0.9107	0.0057	0.0835	1.3	5	11	3
0.8952	0.0348	0.07	2.2	3.1	3.5	1
0.0883	0.203	0.7086	3.8	3.2	2.05	3
0.0378	0.9103	0.0519	1.57	3.6	6.5	1
0.8082	0.1319	0.0599	1.91	3.2	4.33	1
0.1615	0.6349	0.2036	1.73	3.3	5.5	1
0.8367	0.1249	0.0384	2.6	3	2.88	1
0.918	0.0274	0.0546	1.33	4.5	11	1
0.6427	0.005	0.3524	4.33	3	2	3
0.0935	0.2631	0.6435	3.6	3.1	2.15	3
0.5412	0.0145	0.4443	5.25	3.5	1.7	1
0.6697	0.0144	0.3159	1.8	3.4	4.75	1
0.6698	0.0228	0.3074	2.1	3.1	3.75	1
0.4253	0.0357	0.539	1.8	3.4	4.75	3
0.6234	0.3304	0.0462	2.63	2.88	3	1
0.0484	0.2995	0.6521	2.63	2.88	3	3
0.4926	0.1288	0.3787	2.1	3.1	3.75	1
0.563	0.106	0.331	1.67	3.4	6	1
0.4292	0.05	0.5208	3	2.9	2.6	3
0.0501	0.1576	0.7923	5	3.25	1.8	3
0.1721	0.7096	0.1183	2.5	2.9	3.1	2
0.2539	0.7418	0.0043	1.6	3.5	6.5	2
0.1064	0.3084	0.5852	4	3.2	2	3
0.2979	0.6618	0.0403	2	3.2	4	1
0.3468	0.4306	0.2226	1.67	3.4	6	3
0.1633	0.3915	0.4452	2.75	3	2.75	3
0.5613	0.0294	0.4093	2.65	2.9	2.9	3
0.9589	0.0196	0.0215	1.53	3.8	6.5	1
0.5179	0.1823	0.2998	1.33	4.75	10	2
0.4537	0.0549	0.4915	2.1	3.1	3.75	3
0.4104	0.2031	0.3865	1.7	3.5	5.25	3
0.5721	0.1067	0.3211	1.95	3.2	4.2	3
0.231	0.6286	0.1403	2.2	3.1	3.5	2
0.768	0.0354	0.1966	2.7	3	2.75	1
0.5281	0.2164	0.2554	2.05	3.2	3.75	2
0.6507	0.2572	0.0921	2.3	3	3.4	1
0.9377	0.022	0.0403	1.73	3.5	5	1
0.2085	0.4142	0.3772	2.3	3	3.4	1
0.7993	0.1543	0.0465	1.4	4.2	9	3
0.1881	0.2193	0.5926	8	4	1.44	2
0.2277	0.2144	0.558	2.5	2.9	3.1	1
0.0054	0.7844	0.2102	1.44	4	8	1
0.5058	0.1604	0.3337	2.75	3	2.7	1
0.6778	0.0673	0.2549	2.4	3	3.2	1
0.4926	0.1456	0.3618	2.2	3.1	3.5	3
0.4339	0.5005	0.0656	4.2	3.1	2	1
0.7621	0.0915	0.1464	1.67	3.5	5.5	1
0.338	0.6442	0.0178	1.5	3.75	7.5	2
0.5075	0.0797	0.4128	1.85	3.2	4.75	1
0.6688	0.1995	0.1317	2.2	3	3.6	1
0.7866	0.0314	0.182	1.4	4.2	8.5	1
0.3582	0.1604	0.4814	2.3	3	3.4	2
0.568	0.2364	0.1956	1.55	3.7	6.5	2
0.463	0.1276	0.4094	3.75	3.2	2.05	3
0.6816	0.0731	0.2453	5	3.3	1.75	3
0.6788	0.001	0.3202	1.67	3.4	6	1
0.8107	0.01	0.1794	1.75	3.4	5	1
0.2305	0.0932	0.6763	3.6	3.2	2.1	3
0.4302	0.2011	0.3686	1.91	3.2	4.33	1
0.2784	0.5345	0.1872	2.1	3.1	3.75	2
0.5675	0.3191	0.1135	2.2	3.1	3.5	1
0.0527	0.1874	0.76	1.83	3.3	4.75	3
0.6812	0.0558	0.263	2.88	3.1	2.55	1
0.2122	0.2455	0.5423	3.75	3.1	2.1	1
0.7355	0.1481	0.1163	3.1	3.1	2.4	1
0.4361	0.4554	0.1085	1.62	3.5	6.25	1
0.2148	0.3885	0.3967	1.75	3.4	5	1
0.6597	0.0517	0.2886	2.6	3	2.88	1
0.2556	0.5305	0.2139	2.25	3	3.5	1
0.0823	0.7255	0.1921	2.1	3.1	3.75	2
0.8833	0.0117	0.105	1.25	5.25	13	1
0.1303	0.1256	0.744	2.63	2.88	3	3
0.3825	0.1972	0.4202	2.25	3.1	3.4	3
0.6433	0.001	0.3556	2.63	3	2.88	3
0.6393	0.3437	0.017	1.67	3.5	5.5	1
0.7322	0.2019	0.0659	1.8	3.3	5	1
0.5019	0.076	0.4221	1.91	3.2	4.33	3
0.6996	0.2465	0.0539	2.1	3.1	3.75	2
0.6721	0.3112	0.0167	2	3.1	4.2	1
0.0818	0.2804	0.6378	3.6	3.2	2.1	3
0.3861	0.5263	0.0877	1.17	6.5	19	1
0.2863	0.021	0.6927	2.75	3	2.7	1
0.1246	0.2489	0.6265	3.75	3.1	2.1	3
0.9361	0.0235	0.0404	2.1	3.1	3.75	1
0.2887	0.6029	0.1084	1.57	3.6	6.5	2
0.7908	0.1819	0.0273	1.44	4	8	1
0.0303	0.9227	0.047	2.6	3	2.88	2
0.4594	0.0333	0.5073	1.83	3.3	4.75	3
0.7196	0.0619	0.2185	2.2	3.1	3.5	1
0.2927	0.026	0.6813	4.33	3.4	1.85	2
0.1913	0.5688	0.2399	2	3.2	4	2
0.5693	0.221	0.2097	2.1	3.1	3.75	2
0.7998	0.1427	0.0576	1.36	4.33	10	1
0.3689	0.0555	0.5756	3.5	3.1	2.2	2
0.8891	0.0906	0.0203	2	3.2	4	1
0.1212	0.4064	0.4724	2.5	3	3	2
0.5459	0.1258	0.3284	2	3.2	4	1
0.4293	0.0304	0.5403	1.53	3.75	7	3
0.8687	0.093	0.0384	1.44	4	8.5	3
0.1349	0.1148	0.7503	3.75	3.1	2.1	3
0.1501	0.7575	0.0924	1.62	3.6	6	2
0.745	0.1921	0.0629	1.44	4	8	1
0.5086	0.1219	0.3695	2.75	3	2.7	1
0.448	0.1563	0.3957	3.5	3.1	2.2	3
0.0218	0.745	0.2332	3	3	2.38	2
0.7858	0.0155	0.1987	2.3	3	3.1	1
0.3725	0.2418	0.3857	1.44	4	8	2
0.8214	0.1291	0.0495	2.5	3	3	3
0.6134	0.1848	0.2017	2.38	3	3.2	3
0.7646	0.212	0.0234	1.91	3.25	4.2	1
0.7913	0.1571	0.0516	2	3.2	4	1
0.7394	0.0229	0.2377	1.75	3.4	5	1
0.4137	0.0509	0.5354	4.33	3.25	1.91	3
0.0692	0.7398	0.191	1.75	3.4	5	2
0.2728	0.6912	0.036	2.15	3.1	3.6	3
0.6989	0.0054	0.2957	2	3.2	4	2
0.8808	0.0427	0.0765	2.88	3	2.6	2
0.2205	0.2681	0.5115	3	3.1	2.45	3
0.4193	0.0928	0.4879	8	4	1.44	3
0.3641	0.1437	0.4922	2.3	3.1	3.2	3
0.4736	0.3948	0.1316	3.6	3.2	2.1	3
0.8432	0.0091	0.1477	1.33	4.75	9.5	1
0.4954	0.129	0.3756	2.6	3	2.88	3
0.1723	0.1273	0.7004	1.8	3.3	4.75	3
0.5325	0.1692	0.2983	4.2	3.25	1.91	1
0.1495	0.6508	0.1997	1.95	3.2	4.2	2
0.4912	0.5047	0.0041	1.17	6.5	17	2
0.1094	0.648	0.2425	2.7	2.88	2.9	3
0.9674	0.0102	0.0224	1.44	4	8	1
0.5208	0.3891	0.0901	1.57	3.6	6.5	1
0.7785	0.0321	0.1894	3.5	3	2.25	1
0.5397	0.0281	0.4322	2.5	2.9	3.1	1
0.917	0.0274	0.0556	1.4	4.2	9	1
0.674	0.2879	0.0381	1.83	3.3	4.75	1
0.2567	0.697	0.0463	1.73	3.4	5.25	1
0.6456	0.0438	0.3105	2	3.1	4.2	2
0.428	0.0172	0.5548	3.75	3	2.15	3
0.4164	0.2491	0.3345	3.5	3	2.25	1
0.9175	0.0714	0.0111	1.83	3.25	4.75	1
0.0305	0.8728	0.0967	4.75	3.25	1.83	2
0.3749	0.1468	0.4783	1.83	3.25	4.75	3
0.8124	0.0743	0.1133	3.25	2.9	2.4	1
0.1279	0.292	0.5801	2.2	3	3.6	2
0.7372	0.2297	0.0331	1.4	4.33	8	1
0.4215	0.4881	0.0904	2.5	3	3	1
0.5871	0.3378	0.0751	3.5	3	2.25	2
0.3086	0.4773	0.2141	2.38	3	3.25	2
0.982	0.0122	0.0059	1.29	4.75	13	1
0.9312	0.0139	0.0549	1.44	4	8	1
0.2822	0.2967	0.4211	3	3	2.5	3
0.6328	0.0623	0.3049	1.53	3.75	7	1
0.0994	0.6607	0.2399	2.7	2.9	2.9	2
0.6526	0.0441	0.3033	2	3.2	4	1
0.241	0.0347	0.7243	2.5	2.9	3.1	1
0.4941	0.4817	0.0242	1.4	4.2	9	1
0.5144	0.4378	0.0479	2.3	3	3.4	2
0.0047	0.5698	0.4254	2.4	3.1	3.1	3
0.0169	0.4333	0.5498	2.5	3.1	2.9	3
0.4609	0.5228	0.0163	2.4	3.2	3	1
0.6294	0.1236	0.247	2.4	3.1	2.9	1
0.9242	0.0162	0.0596	2	3.2	4	1
0.8168	0.0253	0.1579	2.25	3.2	3.25	1
0.9329	0.0499	0.0172	1.5	4	7	1
0.0642	0.1377	0.7981	2.5	3.1	2.9	3
0.4501	0.0434	0.5064	3.6	3.25	2.1	3
0.3683	0.4768	0.155	1.91	3.25	4.2	1
0.9197	0.0397	0.0407	1.33	4.75	10	1
0.6719	0.1071	0.221	1.44	4	8	1
0.3832	0.1038	0.513	2.38	3	3.25	1
0.0594	0.2063	0.7343	1.73	3.5	5	3
0.7399	0.1091	0.151	2	3.2	4	1
0.4627	0.1783	0.3589	2.25	3	3.5	1
0.2201	0.0969	0.6831	1.62	3.6	6	3
0.2641	0.1035	0.6325	2.88	3	2.63	3
0.7144	0.0623	0.2233	1.91	3.1	4.5	1
0.0561	0.395	0.5489	7.5	4.2	1.44	2
0.4606	0.4787	0.0607	2.3	3.1	3.3	2
0.6684	0.1722	0.1594	2.25	3.1	3.4	3
0.7647	0.1411	0.0942	1.85	3.2	4.6	1
0.3995	0.1973	0.4032	2.35	3.1	3.2	1
0.1428	0.6865	0.1707	3.4	3.1	2.25	2
0.4071	0.42	0.1729	1.57	3.6	6.5	2
0.4358	0.4468	0.1175	2.5	3	3	2
0.2328	0.7373	0.03	1.44	4.2	7.5	2
0.0827	0.2887	0.6286	1.5	3.7	7.5	3
0.4581	0.1096	0.4323	2.2	3	3.6	3
0.1337	0.7185	0.1478	2	3.2	4	1
0.5857	0.406	0.0084	1.36	4.33	10	2
0.5745	0.0295	0.396	3.5	3	2.25	2
0.0239	0.1993	0.7769	2	3.1	4.2	2
0.1306	0.2147	0.6547	1.67	3.5	5.5	3
0.535	0.4043	0.0606	1.75	3.3	5.25	1
0.563	0.2391	0.1979	1.3	4.75	12	1
0.3129	0.5547	0.1324	3.6	3.1	2.15	2
0.152	0.2541	0.5939	2.38	3	3.25	3
0.4398	0.5213	0.0389	1.57	3.6	6.5	1
0.5737	0.1295	0.2968	3.1	3	2.45	1
0.0123	0.8077	0.1799	2.75	3.1	2.63	2
0.487	0.4843	0.0286	2	3.2	4	2
0.2841	0.3096	0.4063	2.5	3.1	2.9	1
0.5019	0.4103	0.0878	1.91	3.25	4.5	1
0.3079	0.6321	0.0601	2.05	3.1	3.8	2
0.061	0.7007	0.2383	1.85	3.3	4.33	1
0.8875	0.0539	0.0586	2.38	3.1	3.1	1
0.602	0.1661	0.2319	1.85	3.25	4.6	1
0.8119	0.1577	0.0305	1.29	5	12	1
0.2003	0.591	0.2088	3	3	2.5	3
0.3617	0.3155	0.3228	1.8	3.4	4.75	1
0.5741	0.1854	0.2405	2.05	3.1	4	1
0.4346	0.4435	0.1219	2.3	3.1	3.3	1
0.5711	0.0905	0.3384	1.4	4.2	9	1
0.6289	0.172	0.199	1.83	3.3	4.75	3
0.2035	0.2994	0.4971	2.4	3	3.2	2
0.5155	0.0757	0.4088	1.45	4.2	7	3
0.1612	0.7789	0.0599	2.88	3	2.63	3
0.3514	0.5256	0.123	1.8	3.3	4.75	2
0.1657	0.6981	0.1362	2.05	3.1	3.9	2
0.1466	0.2042	0.6492	2.65	3.1	2.75	3
0.708	0.1725	0.1195	1.8	3.3	4.75	1
0.5303	0.073	0.3967	3.6	3.2	2.1	1
0.3722	0.2937	0.3341	2.2	3	3.6	2
0.0978	0.7239	0.1784	2.9	3	2.6	2
0.6172	0.3533	0.0295	1.36	4.6	9	1
0.963	0.0306	0.0064	1.36	4.5	9	1
0.4565	0.376	0.1674	3.5	3.1	2.2	2
0.4677	0.2006	0.3318	1.7	3.4	5.5	1
0.4789	0.2768	0.2443	2.5	3	3	2
0.6752	0.1807	0.144	2.1	3.1	3.8	1
0.7618	0.0954	0.1428	3.1	3.1	2.4	1
0.172	0.264	0.564	2.2	3	3.6	3
0.3433	0.1313	0.5254	1.57	3.6	6.5	1
0.1082	0.7384	0.1535	1.83	3.4	4.5	2
0.9274	0.041	0.0316	1.3	5	12	1
0.329	0.0912	0.5798	2.75	3	2.75	3
0.7738	0.0754	0.1508	6.5	3.8	1.55	1
0.4219	0.0592	0.5189	5.25	3.6	1.67	3
0.4359	0.4879	0.0762	1.91	3.3	4.2	1
0.6633	0.1846	0.1521	2.15	3.2	3.5	2
0.3522	0.0934	0.5544	6.5	4	1.5	3
0.2158	0.5731	0.2111	2.7	3	2.75	2
0.2717	0.67	0.0584	2	3.2	4	2
0.0862	0.6646	0.2492	1.67	3.5	5.5	2
0.1236	0.2813	0.5951	1.67	3.5	5.5	3
0.4948	0.3162	0.189	1.44	4.2	7.5	1
0.2426	0.681	0.0764	1.73	3.4	5.25	2
0.0756	0.6064	0.3179	2.45	3.1	3	2
0.2756	0.1037	0.6206	5.5	3.5	1.67	3
0.7915	0.0871	0.1215	3.75	3.25	2.05	1
0.6138	0.0831	0.3032	3	3	2.5	2
0.3311	0.4956	0.1733	1.57	3.6	6.5	1
0.2819	0.648	0.0701	2.25	3.1	3.4	2
0.0137	0.4665	0.5198	1.73	3.4	5.25	3
0.1788	0.6201	0.2012	2	3.1	4.2	2
0.6398	0.2072	0.153	1.25	5.25	13	1
0.0536	0.2011	0.7452	2.7	2.9	2.9	3
0.5992	0.1343	0.2665	3	3.2	2.4	1
0.4742	0.319	0.2068	1.95	3.3	4	2
0.3616	0.5549	0.0835	3.75	3.2	2.05	1
0.0788	0.6631	0.2581	3.2	3.1	2.38	2
0.9078	0.0263	0.0659	1.44	4.2	7.5	1
0.1486	0.8045	0.047	2.75	3.1	2.65	2
0.5974	0.163	0.2396	1.36	4.6	8.5	1
0.2934	0.5748	0.1319	3.6	3.1	2.15	3
0.7321	0.1513	0.1166	1.62	3.6	6	3
0.4719	0.0617	0.4664	1.91	3.2	4.1	3
0.0669	0.6602	0.2729	2.35	3.1	3.2	2
0.014	0.4654	0.5206	2.75	3	2.75	3
0.3749	0.1399	0.4853	1.55	3.8	6.5	2
0.3533	0.2883	0.3584	2	3.25	3.9	2
0.4368	0.3226	0.2406	1.62	3.6	5.75	1
0.8077	0.1476	0.0447	1.4	4.33	8	1
0.7503	0.1141	0.1356	2.1	3.2	3.6	1
0.3006	0.6757	0.0237	3.75	3.3	2	2
0.03	0.654	0.3161	1.75	3.4	5	2
0.1699	0.2253	0.6048	2.8	2.75	2.6	3
0.018	0.4553	0.5267	3.75	3.2	2.05	3
0.5077	0.3793	0.1129	1.36	4.33	10	2
0.7377	0.0732	0.1891	1.29	5	11	1
0.461	0.0744	0.4646	2.2	3.2	3.4	1
0.9244	0.0453	0.0302	2.5	3.1	2.9	1
0.6907	0.1173	0.192	1.6	4.2	5.25	1
0.4645	0.4701	0.0654	2	3.3	3.8	1
0.6279	0.3537	0.0184	1.8	3.5	4.5	1
0.0398	0.7754	0.1848	1.65	3.5	6	2
0.3126	0.4187	0.2687	2	3.2	4	3
0.1626	0.1342	0.7032	6.5	3.8	1.53	2
0.4552	0.3283	0.2165	1.25	5.5	12	1
0.5877	0.0524	0.3598	3.25	3.1	2.3	1
0.5586	0.049	0.3924	3.8	3.3	2	1
0.2644	0.5886	0.1469	5.75	3.8	1.6	1
0.5977	0.3837	0.0186	1.13	7.5	19	1
0.7029	0.2842	0.0129	1.25	5.5	12	1
0.6044	0.2665	0.1291	2.15	3.3	3.4	2
0.0324	0.8662	0.1014	2.2	3.1	3.5	2
0.1489	0.0261	0.825	2.5	3.1	2.9	3
0.0577	0.1953	0.747	4.75	3.6	1.73	3
0.1363	0.6438	0.2199	1.83	3.5	4.33	2
0.1079	0.5114	0.3807	1.91	3.3	4.2	2
0.2485	0.0355	0.716	2.1	3.1	3.8	3
0.6298	0.2463	0.1239	1.44	4	8	2
0.2897	0.0436	0.6667	1.25	5.5	12	3
0.6011	0.2648	0.1341	2.1	3.1	3.75	2
0.7692	0.0693	0.1615	1.73	3.4	5.25	1
0.2504	0.3588	0.3908	2.4	3.1	3.1	2
0.0434	0.5506	0.406	1.8	3.25	5	1
0.3143	0.5029	0.1828	1.62	3.5	6	1
0.7504	0.0314	0.2182	3.2	3	2.4	1
0.4779	0.2963	0.2259	3	3	2.5	3
0.2108	0.0813	0.7078	1.6	3.6	6.25	3
0.0114	0.8397	0.1489	3.1	2.9	2.5	2
0.874	0.0404	0.0856	4.33	3.25	1.91	1
0.0223	0.479	0.4987	2.05	3.2	3.75	2
0.4041	0.1927	0.4031	1.95	3.2	4.2	3
0.1805	0.1966	0.6229	2.6	3	2.88	3
0.9183	0.0109	0.0707	2	3.1	4.2	1
0.7169	0.0602	0.2228	3.75	3.25	2.05	1
0.1435	0.7507	0.1058	2.25	3.1	3.3	2
0.1037	0.3259	0.5704	2.2	3	3.6	2
0.1208	0.5721	0.3071	2.3	3	3.4	2
0.6388	0.3097	0.0515	1.4	4.5	7.5	1
0.5329	0.4544	0.0127	1.62	3.4	6.5	1
0.0888	0.5687	0.3425	2.38	3	3.2	2
0.2154	0.5452	0.2394	1.75	3.3	5.25	2
0.8268	0.0708	0.1024	1.62	3.6	6	1
0.4525	0.5435	0.004	2.1	3.1	3.75	2
0.3836	0.0409	0.5755	2.2	3.1	3.5	3
0.616	0.3072	0.0768	4	3.1	2.05	2
0.0024	0.2908	0.7068	3.25	3	2.38	3
0.741	0.0746	0.1845	1.91	3.25	4.33	3
0.347	0.1435	0.5095	3.25	3.1	2.3	1
0.8481	0.1294	0.0225	2.4	3	3.2	3
0.7652	0.072	0.1628	2.05	3.1	4	1
0.3568	0.1292	0.514	2.2	3	3.6	3
0.0441	0.6933	0.2626	2.4	3.1	3.1	2
0.2682	0.543	0.1887	1.5	3.75	7.5	2
0.6811	0.0412	0.2776	2.38	3	3.25	1
0.2957	0.2754	0.4289	3.25	3.1	2.3	1
0.2823	0.5316	0.186	2.05	3.1	4	2
0.1885	0.352	0.4596	3.2	3	2.4	3
0.4981	0.1504	0.3515	1.53	3.75	7	2
0.1876	0.2706	0.5418	1.85	3.2	4.75	3
0.8171	0.1709	0.012	1.4	4.33	8.5	1
0.7923	0.151	0.0567	1.67	3.5	5.5	1
0.252	0.2491	0.4989	1.8	3.25	5	3
0.0823	0.7772	0.1405	2.5	3	3	2
0.3065	0.647	0.0465	1.6	3.6	6	2
0.8335	0.0324	0.1341	3.25	3.1	2.3	1
0.0361	0.0508	0.9131	5.25	3.6	1.67	3
0.0967	0.4373	0.466	2.2	3	3.6	3
0.2847	0.5668	0.1485	2.3	3	3.4	2
0.5568	0.0741	0.3691	2	3.2	3.9	3
0.4579	0.3789	0.1631	2.1	3.2	3.6	1
0.5698	0.043	0.3872	2.05	3.2	3.8	1
0.3989	0.4862	0.1149	2.1	3.1	3.4	2
0.7528	0.0527	0.1945	2.55	3	2.9	1
0.6526	0.2951	0.0523	1.85	3.25	4.6	1
0.344	0.4086	0.2475	2.15	3.2	3.5	2
0.0518	0.5863	0.3619	2	3.2	4	2
0.0736	0.5552	0.3711	3	2.9	2.6	2
0.7305	0.236	0.0335	2.25	3	3.5	1
0.3481	0.0162	0.6357	1.7	3.4	5.5	3
0.838	0.0197	0.1423	1.4	4.33	8.5	1
0.6502	0.1915	0.1582	1.5	3.75	7.5	1
0.1427	0.2254	0.632	2.75	2.9	2.8	3
0.5979	0.0506	0.3515	2.3	3.1	3.25	1
0.1035	0.3174	0.5791	3	3	2.5	3
0.3667	0.4449	0.1883	2.75	3	2.7	2
0.1214	0.1872	0.6914	3.9	3.2	2	3
0.386	0.1093	0.5047	1.75	3.4	5	1
0.0287	0.4686	0.5026	1.91	3.2	4.33	3
0.2015	0.1312	0.6673	3.5	3.1	2.2	3
0.5848	0.3215	0.0938	2.1	3.2	3.6	1
0.1815	0.4189	0.3996	2.88	3.2	2.45	2
0.303	0.2591	0.4379	2.2	3.1	3.5	1
0.3387	0.611	0.0502	1.7	3.4	5.25	1
0.5245	0.4208	0.0547	1.62	3.6	6	2
0.6851	0.2454	0.0695	2	3.1	4.1	1
0.1012	0.3565	0.5422	2.5	3	3	3
0.029	0.9531	0.018	1.57	3.6	6.5	2
0.8398	0.0983	0.0618	2.25	3	3.5	2
0.8715	0.1148	0.0136	1.44	4.2	7.5	1
0.6547	0.0013	0.344	2	3.2	4	1
0.4552	0.2021	0.3427	2.75	3	2.75	3
0.1283	0.5785	0.2931	3.2	3	2.4	2
0.5289	0.4406	0.0306	2	3.2	4	1
0.6195	0.0482	0.3323	2.1	3.2	3.6	1
0.355	0.3424	0.3025	2.8	3	2.7	1
0.1961	0.1166	0.6873	1.6	3.6	6	3
0.0389	0.5224	0.4387	2.15	3.1	3.6	1
0.1725	0.4558	0.3717	2	3.2	3.9	3
0.5956	0.3469	0.0575	2.35	3	3.25	1
0.4064	0.2185	0.3751	1.83	3.3	4.6	3
0.6439	0.3156	0.0405	2.25	3	3.5	3
0.3188	0.5911	0.09	1.8	3.3	4.75	2
0.0039	0.6611	0.335	7	4	1.5	2
0.0915	0.4411	0.4674	2.5	3.1	2.9	3
0.2357	0.104	0.6604	1.75	3.4	5	3
0.1024	0.4119	0.4856	1.95	3.1	4.33	1
0.8376	0.0794	0.083	2.63	2.88	3	1
0.4276	0.1656	0.4069	2.05	3	4	3
0.8345	0.0973	0.0681	1.5	4	6.5	1
0.7953	0.0358	0.1688	1.5	4	6.5	1
0.2677	0.2377	0.4946	1.75	3.3	5.25	2
0.4755	0.223	0.3016	2.6	2.9	3	2
0.2232	0.1508	0.626	3.4	3	2.3	2
0.2777	0.4072	0.315	2.8	2.9	2.75	2
0.0253	0.4458	0.5289	3.25	3	2.38	1
0.3349	0.1745	0.4906	1.73	3.3	5.5	2
0.4554	0.248	0.2967	2.7	3	2.8	2
0.6622	0.0124	0.3254	2.25	3	3.5	2
0.1209	0.1236	0.7555	1.91	3.25	4.33	3
0.5113	0.0578	0.4309	2.38	3	3.25	1
0.4058	0.2526	0.3417	1.67	3.5	5.5	1
0.7846	0.1625	0.0529	2.2	3	3.6	3
0.4862	0.4566	0.0571	2.6	3	2.9	1
0.6279	0.2845	0.0875	2.5	3.1	2.9	1
0.3782	0.0617	0.5601	1.75	3.3	5.25	1
0.0452	0.9035	0.0513	2	3.2	4	2
0.2215	0.0375	0.7409	3.5	3	2.25	3
0.3058	0.6924	0.0018	1.4	4.2	9	2
0.1514	0.8255	0.0231	1.53	3.6	7.5	2
0.522	0.1534	0.3246	2.05	3.2	3.8	1
0.4375	0.1038	0.4587	2.4	3	3.2	1
0.2577	0.6848	0.0575	3	3	2.5	2
0.6712	0.045	0.2838	1.36	4.5	9	1
0.4422	0.4308	0.127	2.15	3.1	3.6	1
0.6112	0.0904	0.2984	2.5	3	3	3
0.7325	0.0048	0.2627	1.53	3.75	7	1
0.6758	0.0321	0.292	1.75	3.4	5	1
0.2534	0.5051	0.2416	2.3	3	3.4	1
0.3356	0.6433	0.0211	2.2	3	3.6	2
0.2292	0.5533	0.2175	3.25	3	2.38	3
0.1091	0.0958	0.7952	5.5	3.5	1.67	3
0.1893	0.1441	0.6667	3.8	3.1	2.1	3
0.9267	0.0668	0.0065	1.53	3.75	7	1
0.3401	0.5073	0.1525	2.38	3	3.25	2
0.4884	0.2157	0.2959	2.45	3	3.1	1
0.3224	0.5679	0.1098	1.53	3.6	7.5	1
0.0365	0.901	0.0625	1.91	3.2	4.33	2
0.3792	0.2331	0.3877	2.25	3	3.5	2
0.6711	0.3054	0.0234	1.5	3.6	8	1
0.6514	0.2304	0.1182	2	3.1	4.1	3
0.2772	0.4519	0.2709	2.2	3.1	3.4	3
0.1456	0.7294	0.125	1.91	3.25	4.2	2
0.6874	0.0086	0.3041	2.05	3.1	4	1
0.4309	0.5374	0.0316	1.67	3.5	5.5	2
0.0633	0.6497	0.287	2.2	3.1	3.5	2
0.1873	0.6973	0.1153	3.5	3.1	2.2	2
0.3296	0.6628	0.0076	2.4	3	3.2	2
0.6359	0.0681	0.296	1.53	3.75	7	1
0.3323	0.2573	0.4104	3.2	3	2.4	3
0.3649	0.5377	0.0974	1.73	3.4	5.25	1
0.7218	0.0452	0.2329	2	3.2	4	1
0.0553	0.6971	0.2477	1.7	3.4	5.5	1
0.3928	0.0691	0.5381	4	3.2	2	1
0.5197	0.1796	0.3007	1.6	3.6	6	1
0.3852	0.5479	0.0668	2.5	3	3	2
0.0746	0.5614	0.364	7.5	3.8	1.5	3
0.1964	0.4348	0.3688	3.2	3.1	2.3	2
0.0219	0.7639	0.2141	2.4	3	3.2	2
0.1591	0.7659	0.075	2.05	3.1	3.9	2
0.6078	0.3624	0.0297	1.91	3.3	4.2	1
0.8288	0.0176	0.1535	2.1	3.2	3.6	1
0.1806	0.0748	0.7446	3.2	3.1	2.35	3
0.517	0.4706	0.0124	2.05	3.1	3.9	2
0.8678	0.1142	0.018	1.53	3.7	7	1
0.1654	0.2146	0.6199	2.4	3.1	3.1	3
0.5753	0.4184	0.0063	2.1	3.1	3.8	2
0.2017	0.7177	0.0806	2.4	3	3.2	2
0.2359	0.2719	0.4922	1.53	3.75	7	2
0.3132	0.5433	0.1435	1.8	3.3	4.75	1
0.8692	0.0623	0.0685	1.36	4.5	9	1
0.8422	0.1046	0.0532	2.1	3.1	3.8	1
0.3131	0.6065	0.0804	2.1	3.25	3.6	2
0.648	0.2673	0.0847	2.7	3	2.75	2
0.0488	0.4874	0.4638	2.1	3.1	3.8	2
0.2787	0.4955	0.2258	3.25	3.1	2.3	2
0.7959	0.0056	0.1984	1.57	3.6	6.5	2
0.1212	0.2858	0.593	3.8	3	2.15	2
0.1101	0.207	0.6829	3	3	2.5	1
0.6906	0.2838	0.0256	1.44	4.1	7.5	2
0.3555	0.6229	0.0216	1.53	3.75	7	2
0.4201	0.0837	0.4962	2.15	3	3.7	1
0.5478	0.1534	0.2988	3.5	3.1	2.2	1
0.7758	0.0807	0.1435	2.3	3	3.4	1
0.7549	0.0482	0.1969	1.83	3.25	4.75	2
0.4475	0.4178	0.1347	1.91	3.2	4.33	3
0.0881	0.1561	0.7558	2.5	3	3	1
0.826	0.0034	0.1706	1.5	4	7	1
0.6462	0.2402	0.1136	1.91	3.2	4.33	1
0.0362	0.4007	0.5631	4.33	3.2	1.91	3
0.8838	0.03	0.0862	1.5	4	7	1
0.847	0.0979	0.0551	1.36	4.5	9	1
0.0763	0.4448	0.4788	2.1	3.2	3.6	1
0.7176	0.2011	0.0813	1.73	3.4	5	1
0.9565	0.0127	0.0308	1.4	4.2	8.5	1
0.8974	0.0486	0.054	2.1	3.1	3.75	1
0.1417	0.1068	0.7516	7	4	1.5	3
0.6028	0.3217	0.0755	2.4	3	3.2	1
0.7454	0.2145	0.0401	1.36	4.5	9	1
0.0532	0.1818	0.765	1.91	3.25	4.33	1
0.466	0.0588	0.4752	2.4	3	3.2	1
0.4718	0.2342	0.294	2.2	3	3.6	1
0.4713	0.2731	0.2556	3.75	3.1	2.1	1
0.7891	0.0803	0.1306	1.67	3.5	5.5	1
0.0665	0.7252	0.2083	3.6	3	2.2	2
0.241	0.4603	0.2987	2.25	3.1	3.4	3
0.8186	0.0495	0.1318	2.1	3.25	3.5	1
0.808	0.1559	0.0361	2.3	3.1	3.25	3
0.6445	0.3272	0.0283	2.1	3.25	3.5	2
0.877	0.0139	0.1091	1.2	6.5	13	1
0.3093	0.2275	0.4632	2.1	3.25	3.5	3
0.2217	0.5822	0.1961	2.2	3.1	3.4	1
0.2503	0.7185	0.0312	2.5	3.1	2.9	1
0.5642	0.1823	0.2535	3.5	3.25	2.1	2
0.5464	0.4155	0.0381	1.73	3.5	5	2
0.4533	0.5401	0.0067	1.9	3.25	4.33	1
0.431	0.4057	0.1633	4.75	3.3	1.8	2
0.1444	0.8143	0.0413	1.57	3.6	6.5	3
0.7258	0.1669	0.1074	2.2	3	3.6	1
0.6303	0.2965	0.0731	2.25	3	3.5	1
0.0893	0.7799	0.1308	1.4	4.5	9	2
0.4654	0.0473	0.4873	3.4	3.2	2.2	3
0.0301	0.2166	0.7533	3.25	3	2.38	3
0.8161	0.147	0.0369	1.5	3.8	7.5	1
0.5532	0.3849	0.062	1.53	3.75	7	1
0.673	0.0475	0.2796	2.15	3.1	3.6	1
0.4241	0.2937	0.2822	1.44	3.8	9.5	1
0.35	0.5619	0.0881	1.36	4.33	9.5	2
0.6759	0.2539	0.0702	2.5	3	3	1
0.2942	0.3056	0.4001	2.2	3.1	3.5	2
0.291	0.4877	0.2213	2	3.2	4	3
0.1108	0.3179	0.5713	2.38	3	3.25	1
0.6543	0.2073	0.1384	1.55	3.6	7	1
0.3312	0.0859	0.583	3.4	3	2.25	1
0.0327	0.2553	0.712	3.75	3.1	2.1	3
0.2488	0.0816	0.6696	2.4	3	3.2	3
0.0105	0.8731	0.1164	3.2	3	2.38	2
0.8484	0.0346	0.117	1.75	3.3	5.25	1
0.3592	0.6023	0.0385	1.91	3.1	4.5	2
0.7292	0.2055	0.0653	1.73	3.5	5	1
0.2767	0.4816	0.2418	2.3	3	3.4	2
0.487	0.0949	0.4182	1.75	3.3	5.25	3
0.2244	0.2823	0.4934	2.1	3.1	3.75	2
0.1787	0.6559	0.1654	2.1	3.25	3.6	2
0.1592	0.1827	0.6582	3.75	3.2	2.05	3
0.6554	0.1538	0.1908	1.62	3.6	6	1
0.4533	0.28	0.2666	3.25	3.1	2.3	1
0.7715	0.1939	0.0347	2.38	3.1	3.1	1
0.2722	0.444	0.2838	1.8	3.3	4.75	2
0.1645	0.187	0.6486	2.3	3.1	3.2	3
0.1647	0.5948	0.2405	2.2	3.1	3.5	2
0.6236	0.0041	0.3722	1.9	3.25	4.33	3
0.1246	0.7296	0.1458	2.1	3.1	3.75	2
0.5236	0.0043	0.4721	2.75	3.1	2.63	3
0.3752	0.514	0.1108	1.2	6	15	1
0.6145	0.0182	0.3673	2.1	3.25	3.6	3
0.1262	0.5104	0.3633	2.63	3	2.88	3
0.0616	0.5874	0.351	4	3.2	2	2
0.3999	0.4425	0.1577	2.5	3	3	3
0.457	0.4208	0.1221	2.1	3.2	3.6	1
0.7148	0.0678	0.2174	2.5	3	3	1
0.2602	0.1668	0.573	3.6	3.25	2.1	3
0.6551	0.0351	0.3098	1.91	3.3	4.2	1
0.3084	0.648	0.0436	1.83	3.25	4.75	3
0.8485	0.1163	0.0352	1.44	4	8	1
0.1325	0.3191	0.5483	1.7	3.4	5.5	2
0.5675	0.1184	0.3141	2.05	3.2	3.75	1
0.4034	0.2377	0.3589	4.33	3.2	1.91	3
0.2181	0.4224	0.3595	2.05	3.2	3.8	2
0.1968	0.6914	0.1118	1.8	3.3	4.75	2
0.7269	0.1069	0.1662	1.8	3.4	4.6	3
0.1094	0.658	0.2325	1.8	3.25	5.25	2
0.094	0.6565	0.2495	2.5	3	3	2
0.6245	0.0094	0.3661	1.6	3.5	6.5	1
0.6561	0.0392	0.3047	2	3.2	4	1
0.0915	0.5504	0.3581	2	3.1	4.1	3
0.5037	0.3483	0.1479	4.33	3.25	1.91	3
0.8631	0.0431	0.0938	1.3	4.75	12	1
0.1147	0.4003	0.485	2.7	2.9	2.88	2
0.0542	0.7777	0.1681	1.73	3.4	5.25	2
0.2775	0.0728	0.6498	1.7	3.4	5.5	2
0.0138	0.8394	0.1468	1.95	3.2	4.2	1
0.3853	0.1441	0.4706	2.2	3	3.6	3
0.3207	0.1028	0.5765	3.8	3.2	2.05	3
0.2311	0.2838	0.4852	4.75	3.2	1.85	2
0.7038	0.2636	0.0326	2	3.2	4	2
0.6155	0.0117	0.3728	2.1	3.1	3.75	2
0.7956	0.1631	0.0413	1.29	5	12	2
0.8226	0.133	0.0444	3.25	3	2.38	1
0.6276	0.08	0.2924	3.5	3.1	2.2	3
0.1286	0.8214	0.05	1.85	3.3	4.5	2
0.7939	0.0325	0.1735	3.75	3.2	2.05	1
0.5388	0.2327	0.2285	1.91	3.25	4.2	2
0.8014	0.081	0.1176	1.33	4.5	11	1
0.4892	0.4936	0.0172	1.44	4	8	2
0.1106	0.7751	0.1143	1.73	3.3	5.5	2
0.2841	0.5006	0.2153	2	3.1	4.1	2
0.9179	0.0309	0.0511	1.62	3.6	5.75	2
0.42	0.2473	0.3326	2.5	3	3	1
0.7579	0.0497	0.1924	1.91	3.1	4.5	3
0.2429	0.2084	0.5487	1.95	3.2	4.1	1
0.8774	0.0934	0.0292	1.95	3.2	4.1	1
0.5339	0.0553	0.4108	2.1	3	3.9	3
0.4712	0.3731	0.1557	4	3.25	1.95	3
0.5482	0.0148	0.437	3.5	3	2.25	3
0.6817	0.1471	0.1712	2.55	3	2.9	1
0.4859	0.4518	0.0623	2	3.1	4.2	2
0.8328	0.0088	0.1584	1.91	3.4	4	1
0.2201	0.4285	0.3515	3.25	3.1	2.3	2
0.3364	0.645	0.0187	2.5	3	3	2
0.3977	0.5397	0.0626	3.25	3.1	2.3	2
0.4445	0.1546	0.401	2.2	3	3.6	1
0.1338	0.7639	0.1023	1.5	3.75	7.5	2
0.5436	0.3134	0.143	2.05	3.1	4	2
0.8792	0.0859	0.0349	1.4	4.33	8.5	1
0.7605	0.0604	0.1791	1.4	4.33	8.5	1
0.2753	0.6745	0.0502	2.4	3	3.2	3
0.4006	0.596	0.0034	1.14	7.5	17	1
0.835	0.1193	0.0457	1.5	3.8	7.5	1
0.0865	0.7664	0.1471	2.25	3.1	3.4	2
0.8335	0.1124	0.0541	2	3.3	3.8	1
0.1626	0.7908	0.0467	1.4	4.33	8.5	2
0.0328	0.7818	0.1854	1.95	3.2	4.2	2
0.1511	0.5034	0.3455	2.05	3.2	3.8	3
0.1027	0.3773	0.52	2.1	3.1	3.75	2
0.5298	0.093	0.3772	4.1	3.1	2	1
0.2995	0.2231	0.4774	4.2	3.25	1.91	3
0.5737	0.2948	0.1314	2.2	3	3.6	1
0.3306	0.0668	0.6025	1.75	3.4	5	3
0.2935	0.6296	0.0769	2	3	4.33	2
0.4387	0.5472	0.0142	2.1	3.1	3.8	2
0.2692	0.4611	0.2697	2	3.2	4	2
0.2714	0.391	0.3376	3.25	3	2.38	2
0.1442	0.1415	0.7143	4	3.2	2	3
0.738	0.2098	0.0522	2.25	3.2	3.25	1
0.7616	0.059	0.1794	2.4	3	3.2	1
0.4189	0.2253	0.3557	1.44	4.2	7.5	2
0.0911	0.1743	0.7347	3.6	3.2	2.1	3
0.7871	0.0226	0.1903	3.4	3.2	2.2	1
0.6418	0.0416	0.3166	2.6	3.2	2.7	1
0.0028	0.8409	0.1563	1.36	4.5	9	1
0.5572	0.4188	0.024	2.4	3	3.2	1
0.5703	0.4181	0.0116	1.4	4.33	8.5	1
0.0096	0.8796	0.1108	1.85	3.4	4.33	2
0.182	0.7851	0.0329	2.1	3.2	3.6	1
0.0118	0.5196	0.4686	2.05	3.25	3.75	2
0.4669	0.0636	0.4694	4.5	3.4	1.83	1
0.4367	0.3732	0.1901	2	3.3	3.75	1
0.136	0.7532	0.1108	3.6	3.3	2.05	2
0.4494	0.5347	0.0159	1.83	3.4	4.5	2
0.6859	0.1266	0.1875	1.95	3.3	4	1
0.3371	0.3387	0.3243	2.25	3	3.5	3
0.564	0.2431	0.1929	2.1	3	3.9	2
0.5116	0.4754	0.013	3.8	3.3	2	2
0.6387	0.3254	0.036	2.75	3.2	2.6	1
0.5491	0.2536	0.1973	1.36	4.5	9	1
0.4761	0.5153	0.0085	2.3	3	3.4	3
0.3025	0.3083	0.3892	1.62	3.5	5.25	3
0.2176	0.6263	0.156	1.4	4.5	7.5	2
0.45	0.544	0.006	1.44	4.33	7	2
0.18	0.3765	0.4435	3.1	3.25	2.3	3
0.6122	0.0124	0.3754	1.75	3.4	5	1
0.3794	0.3528	0.2678	2.2	3.25	3.25	2
0.5563	0.1299	0.3138	1.91	3.3	4.2	3
0.1955	0.1507	0.6538	1.95	3.3	4	1
0.6075	0.0459	0.3466	2.25	3.2	3.25	1
0.1252	0.2523	0.6225	4.75	3.5	1.75	3
0.5657	0.048	0.3863	1.91	3.3	4.1	1
0.2234	0.0527	0.724	2	3.1	4.1	3
0.144	0.7302	0.1258	2.1	3.25	3.5	2
0.4853	0.2772	0.2375	1.8	3.4	4.6	1
0.0613	0.2978	0.6408	2.4	3	3.2	3
0.0192	0.2462	0.7346	3	3.2	2.4	3
0.8535	0.1154	0.0311	1.4	4.2	9	1
0.0002	0.7213	0.2785	4.75	3.5	1.75	2
0.8017	0.0392	0.1591	1.91	3.1	4.5	1
0.5128	0.0143	0.4728	2.63	3	2.88	3
0.0224	0.9581	0.0194	2.3	3	3.4	2
0.4114	0.1081	0.4805	2.3	3	3.4	1
0.6996	0.0615	0.239	1.53	3.8	6.75	2
0.6072	0.3687	0.0241	2.1	3.1	3.8	1
0.2344	0.6406	0.125	3.5	3.1	2.2	2
0.5281	0.1233	0.3486	4	3.2	2	3
0.3521	0.0372	0.6107	1.53	3.8	6.75	3
0.0381	0.2527	0.7092	1.91	3.25	4.33	3
0.6261	0.0327	0.3412	2.88	3	2.63	3
0.2514	0.6399	0.1087	2.4	3.2	3	2
0.1591	0.4433	0.3976	1.3	5	11	2
0.1883	0.8002	0.0115	2.7	3.1	2.7	2
0.1375	0.0784	0.7841	2	3.2	4	3
0.7176	0.2726	0.0098	2	3.2	4	1
0.9041	0.0862	0.0096	1.6	3.5	6.5	1
0.0551	0.4837	0.4612	1.91	3.3	4.2	2
0.0435	0.8115	0.1451	3.6	3.2	2.1	2
0.8164	0.0547	0.1289	2.2	3.2	3.4	1
0.1232	0.2088	0.668	1.62	3.6	6	3
0.0087	0.8464	0.1448	2.38	3.1	3.1	2
0.0891	0.6266	0.2843	1.83	3.25	4.75	2
0.2772	0.6077	0.1151	3.75	3.25	2.05	2
0.798	0.0307	0.1713	3.6	3.25	2.1	3
0.7846	0.1258	0.0896	2.8	3.1	2.63	1
0.2687	0.4116	0.3197	2.6	3	2.88	2
0.3772	0.5699	0.0529	1.53	3.75	7	2
0.7598	0.0312	0.209	2.6	3	2.9	1
0.328	0.2529	0.419	2.25	3.1	3.4	3
0.9537	0.0216	0.0247	1.5	4	7	1
0.4304	0.4147	0.1549	1.8	3.3	4.75	1
0.3943	0.0371	0.5687	1.91	3.25	4.33	3
0.7539	0.1184	0.1277	1.91	3.2	4.33	1
0.6033	0.3479	0.0488	1.5	4	7	1
0.0668	0.7762	0.157	2.2	3.1	3.6	2
0.565	0.1323	0.3027	2.6	3	2.9	3
0.9143	0.0744	0.0113	2.25	3.2	3.25	1
0.773	0.1877	0.0393	1.73	3.4	5.25	1
0.0742	0.2526	0.6732	2.2	3.2	3.4	1
0.2382	0.4112	0.3505	3	3	2.5	3
0.8493	0.059	0.0917	2.5	3	3	1
0.1992	0.6839	0.1169	1.85	3.3	4.5	2
0.4411	0.3382	0.2207	2.6	3	2.9	3
0.2397	0.0135	0.7468	4.75	3.4	1.8	3
0.2685	0.2094	0.5221	1.73	3.5	5	3
0.5095	0.1119	0.3786	2.25	3.2	3.2	2
0.2989	0.2635	0.4376	3.1	3.1	2.4	3
0.5444	0.4423	0.0133	1.73	3.5	5	1
0.3372	0.5784	0.0843	2.3	3.1	3.25	2
0.7604	0.2358	0.0038	1.4	4.33	8.5	1
0.5032	0.4274	0.0694	2	3.2	4	2
0.0562	0.7688	0.175	2.63	3	2.88	2
0.1178	0.6626	0.2196	1.44	4	8	2
0.88	0.1116	0.0084	2	3.2	4	1
0.8124	0.0506	0.137	2	3.1	4.2	1
0.4463	0.4543	0.0995	2.5	3	3	1
0.7642	0.0745	0.1613	1.85	3.3	4.5	1
0.0754	0.8125	0.1121	3.8	3.1	2.1	2
0.767	0.008	0.225	2.2	3.2	3.4	1
0.2516	0.5457	0.2027	1.67	3.4	6	2
0.5725	0.3937	0.0339	2.75	3.1	2.63	2
0.1303	0.1934	0.6763	3.5	3.1	2.2	3
0.5361	0.0604	0.4035	4.33	3.25	1.91	1
0.493	0.2815	0.2255	2.4	3.1	3.1	1
0.2511	0.5019	0.247	2.2	3.2	3.4	2
0.4004	0.0143	0.5853	1.44	4.2	7.5	1
0.2296	0.4542	0.3162	2.4	3.1	3.1	2
0.468	0.5102	0.0218	1.36	4.5	9	1
0.4743	0.0125	0.5132	2.38	3.2	3	3
0.2202	0.6319	0.1479	2.4	3.1	3.1	2
0.1124	0.3205	0.5672	2.1	3.2	3.6	3
0.4072	0.4107	0.182	1.57	3.6	6.5	2
0.5625	0.4105	0.027	1.7	3.5	5.25	1
0.7292	0.2228	0.048	2.6	3.2	2.7	3
0.0591	0.8965	0.0443	1.95	3.3	4	2
0.9128	0.0714	0.0158	1.73	3.4	5.25	1
0.1592	0.632	0.2088	3.25	3.1	2.3	2
0.5222	0.3865	0.0913	2.05	3.25	3.75	1
0.1954	0.6983	0.1063	1.91	3.25	4.2	2
0.2273	0.6171	0.1556	1.8	3.4	4.75	2
0.0281	0.5834	0.3885	2.1	3.25	3.5	2
0.3009	0.6877	0.0114	2.1	3.2	3.6	2
0.0305	0.6573	0.3123	1.91	3.25	4.2	2
0.8608	0.1168	0.0223	2	3.2	4	1
0.2319	0.7113	0.0568	2.2	3.1	3.5	2
0.4132	0.2487	0.3381	2.4	3.1	3.1	1
0.213	0.7759	0.0111	2.4	3.1	3.1	2
0.801	0.1112	0.0877	1.75	3.4	5	1
0.0544	0.787	0.1585	1.44	4	8	2
0.416	0.1238	0.4602	2.2	3.25	3.25	1
0.1199	0.5784	0.3017	3.2	3.2	2.3	3
0.0706	0.8602	0.0692	2.2	3.1	3.5	2
0.1887	0.1623	0.649	2.4	3.1	3.1	3
0.8228	0.138	0.0392	1.33	4.75	10	1
0.8701	0.0349	0.0951	1.44	4	8	1
0.6688	0.0105	0.3207	2.8	3.1	2.6	1
0.3584	0.4577	0.1839	2.8	3.1	2.6	2
0.392	0.1297	0.4783	6	3.6	1.62	3
0.2205	0.3175	0.462	2	3.2	4	1
0.6263	0.1731	0.2006	2.05	3.2	3.75	1
0.4526	0.3102	0.2372	1.75	3.4	5	2
0.0727	0.1453	0.7821	2.7	3.1	2.7	3
0.3546	0.1853	0.4601	2.2	3.1	3.5	2
0.1002	0.6636	0.2362	1.3	5	10	1
0.3156	0.1864	0.498	2.4	3	3.2	1
0.0305	0.7465	0.223	1.95	3.3	4	2
0.5782	0.142	0.2798	2.1	3.25	3.5	1
0.5512	0.1113	0.3375	2.4	3.2	3	3
0.6861	0.18	0.1339	2.3	3.1	3.2	1
0.3863	0.6079	0.0057	1.25	5.5	12	1
0.1785	0.0924	0.7292	3.6	3.1	2.15	3
0.6483	0.1662	0.1856	2.6	3	2.9	1
0.7077	0.1245	0.1678	4.2	3.3	1.91	3
0.6499	0.1377	0.2124	2.6	3.1	2.8	1
0.3024	0.5711	0.1266	1.62	3.6	6	1
0.9159	0.0755	0.0087	1.57	3.75	6.25	1
0.8758	0.055	0.0692	1.33	4.5	10.5	1
0.4653	0.1362	0.3985	2.2	3.2	3.4	2
0.0707	0.3017	0.6276	2.5	3	3	1
0.3123	0.6088	0.0789	3.2	3.2	2.3	2
0.1397	0.6054	0.255	1.36	4.5	9	2
0.676	0.3129	0.0111	2.4	3	3.2	1
0.1402	0.8353	0.0244	3.4	3	2.3	2
0.7383	0.0253	0.2364	1.83	3.25	4.75	1
0.6964	0.0096	0.294	1.44	4	8	1
0.9375	0.0424	0.0201	1.44	4	8	1
0.7518	0.1349	0.1133	2.3	3.1	3.25	1
0.3714	0.0783	0.5503	1.8	3.25	5	2
0.6202	0.1782	0.2016	3.2	3.1	2.3	1
0.2164	0.6892	0.0944	2.5	3.1	2.9	2
0.6013	0.0887	0.31	1.8	3.25	5	3
0.2655	0.2516	0.4829	3	3	2.5	2
0.1611	0.6674	0.1715	3.2	3	2.4	2
0.7951	0.029	0.1759	3.1	3.1	2.4	1
0.699	0.0714	0.2296	2.75	3	2.75	1
0.8346	0.14	0.0254	2.8	3.1	2.63	1
0.6053	0.0719	0.3228	2.4	3	3.2	3
0.4405	0.0671	0.4923	2.25	3	3.5	1
0.622	0.2768	0.1012	1.3	5	11	3
0.6445	0.0483	0.3072	2.25	3.1	3.4	1
0.4198	0.0266	0.5536	1.91	3.2	4.33	1
0.8177	0.0267	0.1556	1.4	4.33	8.5	1
0.0568	0.2182	0.725	1.8	3.3	4.75	3
0.8692	0.0399	0.0909	1.73	3.5	5	1
0.0876	0.1223	0.7901	2.7	3.1	2.7	3
0.5345	0.3717	0.0939	1.5	4	7	1
0.8119	0.116	0.0721	2.2	3.1	3.5	1
0.1905	0.2332	0.5763	3.1	3.1	2.4	3
0.9234	0.0222	0.0544	1.62	3.6	6	1
0.8531	0.0208	0.126	2.25	3.2	3.2	1
0.1461	0.4499	0.4039	4	3.2	2	3
0.3066	0.0349	0.6585	6	3.75	1.57	3
0.124	0.4024	0.4736	2.4	3	3.2	2
0.017	0.8695	0.1136	2.25	3.2	3.25	2
0.1241	0.4916	0.3843	2.25	3.1	3.4	1
0.8019	0.1498	0.0483	1.8	3.4	4.6	1
0.261	0.1138	0.6252	3	3	2.5	1
0.3776	0.4608	0.1615	1.67	3.5	5.5	1
0.705	0.183	0.112	1.73	3.4	5.25	1
0.8437	0.0456	0.1107	1.5	3.75	7.5	1
0.2205	0.6863	0.0933	1.73	3.4	5.25	2
0.0157	0.668	0.3163	1.73	3.3	5.5	2
0.6693	0.2488	0.0819	1.62	3.6	6	2
0.6055	0.2008	0.1937	4	3.3	1.95	3
0.576	0.3047	0.1193	1.8	3.3	4.75	1
0.4918	0.2507	0.2576	1.73	3.3	5.5	1
0.7854	0.0135	0.2011	2.5	3	3	1
0.5569	0.1848	0.2583	1.95	3.1	4.33	1
0.7499	0.1492	0.1009	1.29	5	12	1
0.4566	0.0081	0.5353	3	3	2.5	3
0.8388	0.0857	0.0754	2.1	3	4	1
0.7332	0.0148	0.2519	2	3.2	4	3
0.2693	0.0309	0.6998	2.9	3.1	2.5	3
0.8506	0.126	0.0234	1.36	4.33	10	1
0.4483	0.5395	0.0123	1.53	3.75	7	1
0.4299	0.4806	0.0895	1.83	3.25	4.75	2
0.0421	0.7841	0.1738	2.3	3	3.4	1
0.2265	0.2976	0.4759	5	3.5	1.73	1
0.6788	0.114	0.2071	1.57	3.75	6	1
0.6615	0.285	0.0535	2.2	3.2	3.4	2
0.1012	0.4659	0.4329	4.5	3.3	1.85	3
0.2779	0.6967	0.0253	1.8	3.25	5	2
0.4118	0.0926	0.4957	3.2	3	2.38	1
0.2369	0.5936	0.1695	1.36	4.33	10	2
0.3424	0.5924	0.0652	1.83	3.25	4.75	2
0.6593	0.2018	0.1389	2.2	3.1	3.5	1
0.0637	0.1408	0.7954	1.62	3.6	6	3
0.4532	0.063	0.4838	3.5	3.1	2.2	3
0.3524	0.5197	0.1279	1.85	3.2	4.75	2
0.4481	0.0201	0.5318	3.1	3.1	2.4	1
0.7635	0.009	0.2276	2.8	3.1	2.6	1
0.6974	0.0623	0.2403	1.8	3.3	4.75	1
0.7029	0.2502	0.047	1.95	3.2	4.2	1
0.2525	0.3265	0.4211	2.9	3.1	2.5	3
0.6739	0.0141	0.312	2.25	3.2	3.25	1
0.2827	0.1236	0.5937	2.7	3.1	2.7	1
0.1614	0.6632	0.1754	2.5	3.1	2.9	2
0.913	0.0128	0.0742	1.57	3.75	6	1
0.8711	0.0157	0.1132	1.67	3.5	5.5	1
0.7002	0.0907	0.209	2.2	3.1	3.5	1
0.6363	0.0906	0.2731	2.05	3.1	4	3
0.2362	0.0638	0.7	4	3.2	2	3
0.5986	0.2994	0.102	1.55	3.75	6.5	1
0.1927	0.653	0.1543	1.7	3.4	5.5	2
0.8869	0.0769	0.0362	1.36	4.5	9	1
0.1481	0.1186	0.7333	3	3	2.5	3
0.887	0.0917	0.0214	1.8	3.25	5	1
0.2808	0.6502	0.0691	2.8	3	2.7	2
0.206	0.2894	0.5047	2.8	3	2.7	3
0.1064	0.1552	0.7384	1.53	3.75	7	3
0.579	0.269	0.1521	2.4	3.1	3.1	2
0.3692	0.1877	0.4432	2	3.1	4.2	1
0.2897	0.1503	0.56	2.63	3	2.88	3
0.0883	0.3539	0.5578	1.57	3.6	6.5	1
0.7248	0.0381	0.2371	3.2	3	2.38	2
0.6019	0.3627	0.0354	1.33	4.75	10	1
0.4108	0.492	0.0972	2	3.3	3.75	2
0.0464	0.5721	0.3815	2.4	3.2	3	2
0.8394	0.0321	0.1285	1.91	3.25	4.33	2
0.8542	0.1177	0.0281	1.4	4.2	9	3
0.9804	0.008	0.0116	1.3	5	10	1
0.6727	0.2087	0.1185	1.44	4	8	1
0.5124	0.3864	0.1012	1.8	3.3	4.75	1
0.5493	0.0473	0.4033	1.62	3.75	5.5	3
0.5431	0.4212	0.0357	4	3.2	2	2
0.4169	0.2046	0.3786	2.1	3	4	3
0.339	0.143	0.518	2.6	3.1	2.8	2
0.1898	0.2978	0.5124	2.25	3.1	3.4	2
0.4898	0.4848	0.0254	2.38	3.2	3	1
0.3078	0.3489	0.3433	3.25	3.2	2.25	3
0.3369	0.573	0.0901	1.44	4	8	2
0.661	0.1988	0.1402	2.5	3.2	2.8	3
0.4463	0.2356	0.3182	2.4	3.1	3.1	2
0.6018	0.189	0.2092	2.5	3.1	2.9	1
0.7399	0.1042	0.156	1.8	3.3	4.75	2
0.3984	0.1936	0.408	2.3	3.1	3.25	1
0.6527	0.2685	0.0788	2.1	3.25	3.5	1
0.0583	0.4956	0.446	5	3.5	1.73	3
0.2083	0.724	0.0677	2	3.2	4	1
0.5677	0.4228	0.0095	2.3	3.25	3.1	1
0.095	0.7907	0.1143	2.63	3.1	2.75	2
0.1809	0.611	0.2081	2.1	3.25	3.5	1
0.5526	0.4215	0.026	2.3	3.25	3.1	2
0.9409	0.0335	0.0256	1.91	3.3	4.2	1
0.2126	0.4753	0.3121	2.05	3.2	3.75	1
0.6653	0.2381	0.0966	2	3.2	4	1
0.3714	0.0252	0.6034	4	3.2	2	1
0.0947	0.5722	0.3331	2.6	3.1	2.8	2
0.228	0.4381	0.3339	1.53	3.8	6.5	1
0.7728	0.2123	0.0149	1.57	3.6	6.5	3
0.205	0.5707	0.2243	3.8	3.2	2.05	2
0.2963	0.5295	0.1742	1.4	4.2	9	2
0.4991	0.2452	0.2557	1.57	3.6	6.5	3
0.6791	0.0258	0.2951	3.6	3.2	2.1	1
0.0544	0.7412	0.2043	2.9	3.1	2.5	2
0.3141	0.5033	0.1826	1.62	3.6	6	3
0.4761	0.3992	0.1247	2.1	3.1	3.75	2
0.4893	0.032	0.4786	2.63	3.1	2.75	3
0.8066	0.17	0.0234	1.25	5.5	12	1
0.0194	0.4691	0.5115	3.25	3.2	2.25	1
0.7153	0.2275	0.0572	4	3.2	2	1
0.2081	0.24	0.5519	3	3	2.5	3
0.1302	0.7573	0.1126	1.83	3.4	4.5	3
0.7586	0.1714	0.07	2.5	3.1	2.9	1
0.2328	0.5698	0.1974	2	3.2	4	2
0.0815	0.8532	0.0653	1.73	3.25	5.5	2
0.5363	0.2156	0.2482	2.2	3.1	3.5	3
0.0408	0.1703	0.7889	4.5	3.4	1.83	3
0.8811	0.0116	0.1072	1.5	4.2	6.5	1
0.5418	0.4175	0.0407	1.57	3.5	7	2
0.0504	0.7482	0.2014	2.25	3.1	3.4	3
0.0832	0.602	0.3148	1.4	4.2	9	2
0.0375	0.6508	0.3117	4.5	3.5	1.8	2
0.75	0.1501	0.0999	2	3.1	4.2	1
0.4561	0.0078	0.5361	1.4	4.5	8	3
0.4299	0.0967	0.4734	3.4	3.2	2.2	1
0.3871	0.1934	0.4195	2.6	3	2.88	3
0.7175	0.2659	0.0165	1.57	3.6	6.5	1
0.8026	0.0296	0.1678	2	3.2	4	3
0.8325	0.0595	0.108	2.38	3	3.25	1
0.0937	0.5182	0.3881	2.6	3.1	2.8	2
0.0612	0.3586	0.5803	2.2	3	3.6	3
0.0839	0.2542	0.6618	3.75	3.3	2	3
0.3486	0.5485	0.1029	1.33	4.75	9.5	1
0.6395	0.3302	0.0303	1.73	3.5	5	1
0.1462	0.6639	0.1899	3.1	3.1	2.4	2
0.7453	0.2089	0.0458	2.5	3.1	2.9	1
0.5086	0.0843	0.4071	2.3	3.2	3.1	1
0.2495	0.5672	0.1832	1.67	3.5	5.5	2
0.3143	0.6651	0.0206	1.73	3.5	5	1
0.6612	0.0828	0.256	2.4	2.88	3.3	1
0.4367	0.2006	0.3627	1.57	3.6	6.5	2
0.3119	0.0683	0.6198	1.91	3.25	4.33	3
0.7317	0.1243	0.144	4.2	3.25	1.91	1
0.0521	0.7854	0.1625	2	3.1	4.2	1
0.3864	0.0316	0.582	1.8	3.25	5	3
0.2492	0.1551	0.5957	1.83	3.4	4.5	2
0.7803	0.0465	0.1733	1.73	3.4	5.25	1
0.3408	0.6519	0.0073	2.5	3	3	2
0.1229	0.6247	0.2524	3	3	2.5	2
0.8291	0.0615	0.1095	5	3.25	1.8	1
0.1576	0.1783	0.664	2.3	3.1	3.25	3
0.3735	0.1744	0.4521	2.75	3.2	2.6	3
0.5866	0.1651	0.2483	1.4	4.5	8	1
0.863	0.0789	0.0581	1.45	4.2	7.5	1
0.4278	0.0965	0.4758	2.55	3.1	2.88	1
0.4992	0.1181	0.3828	3	3	2.5	1
0.2415	0.4895	0.269	2.2	3	3.6	1
0.6563	0.2393	0.1045	1.83	3.4	4.5	1
0.2614	0.3568	0.3818	3	3.25	2.4	3
0.0826	0.2596	0.6579	3.5	3.25	2.1	2
0.3385	0.6423	0.0192	1.3	5	11	1
0.5753	0.0369	0.3878	3.75	3.1	2.1	1
0.3722	0.5123	0.1155	2.63	3	2.88	2
0.5957	0.3678	0.0365	1.95	3.3	4	1
0.5534	0.237	0.2096	1.75	3.2	5.5	1
0.1362	0.1165	0.7474	2	3.1	4.2	3
0.6742	0.2682	0.0576	1.67	3.4	6	1
0.0551	0.7969	0.1481	1.7	3.5	5.25	2
0.1029	0.539	0.3581	2.63	3	2.88	1
0.6116	0.1428	0.2456	2.4	3.1	3.1	1
0.1204	0.109	0.7706	3.1	3.1	2.38	3
0.1639	0.3822	0.4539	2.6	3	2.88	3
0.4267	0.0108	0.5626	5	3.5	1.73	3
0.7009	0.1703	0.1287	2.5	3.1	2.9	1
0.8015	0.0025	0.196	1.44	4.2	7.5	1
0.3588	0.2604	0.3808	2	3.25	3.9	1
0.3491	0.5366	0.1143	2.5	3	3	2
0.8559	0.0199	0.1242	1.44	4.33	7	1
0.7665	0.1489	0.0847	1.36	4.5	9.5	1
0.5749	0.22	0.2051	2.38	3.2	3	1
0.4807	0.0942	0.4251	2.7	3.1	2.7	3
0.0968	0.8575	0.0457	2.1	3.1	3.75	1
0.7805	0.2023	0.0172	2.2	3.3	3.25	1
0.6642	0.0851	0.2507	2	3.3	3.75	2
0.7292	0.2458	0.025	1.5	4	7	1
0.236	0.4049	0.3591	2.5	3.1	2.9	3
0.6955	0.0028	0.3017	1.62	3.6	6	1
0.204	0.4395	0.3565	2	3.2	4	1
0.4959	0.2636	0.2404	1.36	4.33	9.5	2
0.839	0.0422	0.1188	2.25	3.2	3.25	1
0.5427	0.1172	0.34	2.3	3.1	3.3	1
0.0133	0.8069	0.1798	2.88	3	2.6	2
0.4478	0.1107	0.4416	2.3	3.1	3.25	1
0.4175	0.0171	0.5654	1.53	3.75	7	1
0.926	0.0176	0.0563	1.73	3.5	5	1
0.4576	0.0263	0.5161	4.75	3.3	1.8	3
0.3309	0.5992	0.0699	1.67	3.6	5.25	1
0.0093	0.3538	0.637	2.3	3.1	3.3	3
0.1395	0.8519	0.0086	2	3.3	3.8	1
0.3896	0.5731	0.0372	1.4	4.33	8.5	2
0.4208	0.0306	0.5485	4.2	3.6	1.83	3
0.0597	0.2828	0.6575	2.4	3.2	3	3
0.9502	0.0126	0.0372	1.33	4.75	10	1
0.4583	0.4576	0.0841	1.83	3.4	4.5	2
0.5469	0.075	0.3782	2.5	3	3	3
0.1866	0.7261	0.0873	2.2	3.2	3.4	1
0.2809	0.6713	0.0478	2.1	3.4	3.4	2
0.054	0.3726	0.5733	1.67	3.6	5.25	2
0.1099	0.4587	0.4314	3.25	3.3	2.2	3
0.0241	0.5967	0.3791	3.25	3.25	2.25	2
0.6358	0.3478	0.0164	1.73	3.5	5	1
0.2478	0.535	0.2172	2.1	3.1	3.75	1
0.3738	0.2581	0.3681	2.25	3.1	3.4	3
0.0144	0.6192	0.3664	2.55	3.1	2.88	2
0.717	0.1579	0.1251	1.85	3.4	4.33	1
0.3703	0.1795	0.4501	2.38	3.3	2.9	1
0.8681	0.0371	0.0948	2.8	3.1	2.6	1
0.5265	0.2338	0.2398	2	3.3	3.75	2
0.3299	0.1402	0.5298	1.57	3.8	6	1
0.3095	0.0078	0.6827	7	3.75	1.53	3
0.4018	0.2119	0.3863	2.5	3.25	2.8	3
0.8143	0.058	0.1278	1.33	4.75	9.5	1
0.5061	0.3056	0.1883	4.5	3.75	1.75	3
0.4592	0.2106	0.3302	1.8	3.5	4.5	3
0.8969	0.0025	0.1006	1.73	3.6	4.75	1
0.5918	0.0339	0.3743	2.2	3.2	3.4	1
0.5168	0.2233	0.2598	2.4	3.3	2.9	3
0.8053	0.0106	0.184	2.3	3.25	3.1	3
0.6891	0.0377	0.2732	2.1	3.2	3.6	1
0.0668	0.7896	0.1436	1.83	3.4	4.5	2
0.0309	0.2986	0.6705	2.75	3.2	2.6	3
0.4389	0.145	0.4161	2.1	3.2	3.6	1
0.6346	0.0093	0.3561	1.91	3.25	4.33	3
0.1232	0.7815	0.0953	1.33	4.75	10	2
0.0152	0.8428	0.142	2.5	3	3	3
0.0757	0.0477	0.8767	2.2	3.2	3.4	3
0.2699	0.033	0.6971	3	3	2.5	3
0.0205	0.2985	0.681	2.4	3.1	3.1	3
0.1776	0.077	0.7454	3.5	3.1	2.2	3
0.2571	0.5464	0.1965	1.44	4	8	2
0.8388	0.01	0.1512	1.7	3.5	5.25	1
0.7855	0.0169	0.1977	2.38	3	3.2	1
0.2753	0.132	0.5927	2.7	3	2.75	1
0.948	0.0274	0.0246	1.44	4.2	7.5	1
0.4479	0.0568	0.4953	2.15	3	3.75	1
0.3355	0.5312	0.1333	1.91	3.25	4.33	2
0.1905	0.2445	0.565	6	3.6	1.62	2
0.88	0.0224	0.0976	2.1	3.1	3.75	1
0.439	0.4899	0.0711	1.44	4	8	1
0.3117	0.2286	0.4598	3.6	3.2	2.1	2
0.2697	0.6545	0.0758	2.38	3.1	3.1	3
0.6015	0.0912	0.3073	4	3.2	2	2
0.2044	0.2132	0.5824	2.15	3.2	3.5	1
0.7729	0.0317	0.1955	1.83	3.4	4.5	1
0.0269	0.7628	0.2103	2.6	3	2.9	2
0.5651	0.0131	0.4219	1.83	3.25	4.75	1
0.0487	0.4918	0.4594	2.3	3.1	3.2	3
0.2577	0.6768	0.0655	1.57	3.6	6.5	2
0.7224	0.1056	0.172	1.7	3.5	5.25	1
0.8418	0.1085	0.0497	2.4	3.2	3	1
0.4299	0.0142	0.5559	2.4	3.1	3.1	3
0.2888	0.1768	0.5344	2.15	3	3.75	1
0.8497	0.09	0.0603	2	3.2	4	1
0.6815	0.1881	0.1303	1.62	3.75	5.5	1
0.1221	0.3234	0.5545	3.6	3.1	2.15	3
0.1836	0.7689	0.0476	1.67	3.5	5.5	2
0.4184	0.403	0.1786	1.62	3.6	6	2
0.7403	0.0133	0.2465	2.7	3.25	2.6	3
0.9644	0.03	0.0056	1.91	3.25	4.2	1
0.4656	0.1075	0.4269	1.4	4.2	9	1
0.0149	0.2594	0.7257	3.4	3	2.3	1
0.6442	0.0221	0.3337	2.3	3.2	3.2	1
0.8267	0.1234	0.0499	2	3.2	4	1
0.1239	0.4103	0.4659	1.5	3.8	7.5	3
0.0238	0.9095	0.0667	4	3.2	2	2
0.1909	0.4784	0.3307	2.63	3	2.88	2
0.8082	0.1543	0.0375	1.44	4.2	7.5	1
0.1881	0.3559	0.4561	3.4	3.1	2.25	3
0.2261	0.1152	0.6588	1.83	3.25	4.75	3
0.6823	0.0791	0.2386	2	3.2	4	2
0.6668	0.0616	0.2715	5.25	3.6	1.67	3
0.7997	0.0932	0.1071	2.7	3	2.75	1
0.1993	0.7503	0.0504	1.91	3.3	4.2	2
0.5947	0.0521	0.3532	2.3	3	3.4	1
0.2458	0.1925	0.5618	2.2	3.2	3.4	1
0.1944	0.4926	0.313	2.1	3.25	3.6	2
0.6077	0.2223	0.1701	1.57	3.4	7.5	2
0.2965	0.2683	0.4352	2.1	3.3	3.5	2
0.9768	0.0034	0.0198	1.4	4.5	8	1
0.3369	0.6406	0.0225	2.5	3.1	2.9	1
0.4701	0.3308	0.199	1.91	3.2	4.33	1
0.0412	0.4787	0.48	2.5	3.1	2.9	2
0.1319	0.0931	0.7749	3.2	3	2.4	3
0.1304	0.7217	0.1479	2.2	3	3.6	2
0.5892	0.4055	0.0053	1.2	6	15	1
0.3499	0.0854	0.5647	3	3	2.5	3
0.09	0.6004	0.3096	2	3.2	4	3
0.1474	0.4245	0.428	1.62	3.6	6	2
0.8738	0.0782	0.0479	3.3	3.1	2.3	1
0.8751	0.0438	0.081	1.62	3.5	6.5	1
0.7587	0.1727	0.0685	1.75	3.4	5	1
0.4027	0.3014	0.2958	1.4	4.33	8.5	1
0.2224	0.1718	0.6058	1.67	3.5	5.5	3
0.3295	0.3436	0.3269	2.2	3.1	3.5	1
0.177	0.1495	0.6736	3.1	3.1	2.38	3
0.5612	0.2654	0.1734	1.83	3.25	4.75	2
0.5734	0.4094	0.0173	3.75	3	2.15	2
0.3995	0.1781	0.4224	2.8	3.1	2.6	2
0.4182	0.474	0.1078	3	3.2	2.4	2
0.4493	0.5017	0.049	2.25	3	3.5	2
0.0816	0.5852	0.3331	2.63	3.1	2.8	3
0.3203	0.4323	0.2474	1.91	3.2	4.33	2
0.088	0.7171	0.1949	2.8	3.1	2.6	2
0.7669	0.1087	0.1244	1.2	6.5	13	1
0.0258	0.6044	0.3698	2.2	3.25	3.3	1
0.4894	0.1568	0.3538	2.1	3.2	3.6	1
0.1028	0.6946	0.2026	2.3	3.2	3.2	2
0.1518	0.1813	0.6669	1.33	5	9	1
0.1683	0.2342	0.5975	5	3.5	1.73	1
0.8141	0.0108	0.1751	2.05	3.1	4	1
0.4165	0.1886	0.3949	1.57	3.6	6.5	1
0.8335	0.0903	0.0762	1.7	3.5	5.25	1
0.0357	0.3952	0.5691	7.5	3.75	1.5	3
0.1451	0.7485	0.1065	1.75	3.4	5	2
0.5835	0.2271	0.1894	1.5	3.75	7.5	1
0.8608	0.0261	0.1131	2.8	3.1	2.6	1
0.8645	0.1065	0.0289	1.75	3.4	5	2
0.7301	0.016	0.254	3.1	3.1	2.4	1
0.7074	0.0687	0.2239	3.6	3.2	2.1	3
0.7521	0.0855	0.1623	2	3.2	4	1
0.6541	0.2703	0.0756	1.44	4.2	7.5	3
0.3055	0.127	0.5674	1.62	3.6	6	1
0.2169	0.7621	0.0209	3.5	3.2	2.15	2
0.1935	0.7226	0.0839	1.57	3.75	6	1
0.1762	0.6719	0.1519	3.6	3.2	2.1	3
0.3063	0.6841	0.0096	2.1	3.2	3.6	1
0.9276	0.0188	0.0536	1.53	4	6	1
0.293	0.68	0.027	2.5	3.2	2.88	1
0.264	0.6718	0.0641	3.25	3.1	2.3	3
0.2602	0.0619	0.6779	2.3	3.4	3	3
0.8216	0.0712	0.1072	1.33	4.75	10	1
0.7597	0.0249	0.2154	2.2	3.1	3.5	3
0.6164	0.3713	0.0122	1.4	4.33	8.5	1
0.1591	0.1519	0.689	1.57	3.6	6.5	3
0.3898	0.0618	0.5484	2.4	3.1	3.1	3
0.3102	0.6467	0.0431	1.4	4.33	8.5	2
0.4005	0.0694	0.5301	3.25	3.25	2.25	2
0.0951	0.482	0.4228	4.5	3.4	1.83	2
0.3368	0.1555	0.5077	3.1	3.1	2.4	1
0.0886	0.3422	0.5692	1.83	3.25	4.75	3
0.4706	0.1574	0.3721	2.5	3.1	2.9	1
0.2201	0.449	0.3309	3.6	3.2	2.1	2
0.1019	0.3916	0.5064	1.55	3.8	6.5	3
0.0126	0.811	0.1764	2.38	3	3.25	2
0.0569	0.8205	0.1225	2.1	3.25	3.6	2
0.4614	0.2655	0.2731	2.3	3.1	3.25	1
0.9413	0.0053	0.0533	1.4	4.33	8.5	1
0.5384	0.3306	0.131	2.63	3	2.88	1
0.3725	0.3645	0.263	1.8	3.5	4.5	1
0.6839	0.0101	0.306	2.4	3.3	2.9	1
0.2787	0.6817	0.0397	2.3	3.1	3.3	2
0.8231	0.0037	0.1732	1.18	6.5	15	1
0.0282	0.7917	0.18	2.1	3.1	3.75	2
0.5208	0.0495	0.4297	1.67	3.6	5.5	3
0.8087	0.015	0.1764	2.38	3.1	3.1	3
0.4104	0.5059	0.0837	2.3	3.1	3.3	1
0.6155	0.17	0.2145	2.4	3	3.2	1
0.4806	0.067	0.4524	2.5	3.1	2.9	1
0.324	0.2054	0.4706	2.2	3.2	3.4	3
0.127	0.5712	0.3018	3.1	3.1	2.4	2
0.4885	0.4712	0.0403	1.44	4.2	7.5	2
0.7226	0.2523	0.0251	2.1	3.2	3.6	2
0.0421	0.8993	0.0586	1.4	4.5	8	2
0.6001	0.3719	0.028	1.83	3.4	4.5	1
0.1642	0.1171	0.7188	4.75	3.4	1.8	1
0.7605	0.2073	0.0322	1.62	3.75	5.5	1
0.272	0.2987	0.4292	3.25	3.2	2.25	3
0.4224	0.0827	0.495	2.4	3.2	3	1
0.5533	0.0176	0.4291	3.6	3.2	2.1	3
0.1033	0.7426	0.1541	1.65	3.6	5.5	2
0.7998	0.0777	0.1226	1.62	3.6	6	1
0.0198	0.5718	0.4084	2.8	3.1	2.6	2
0.0975	0.5231	0.3794	1.22	6	13	1
0.4407	0.516	0.0433	1.62	3.5	6.5	2
0.1562	0.5781	0.2658	4.2	3.2	1.95	2
0.0551	0.6027	0.3422	2.8	3	2.7	2
0.1719	0.1749	0.6532	1.62	3.6	6	3
0.0248	0.8347	0.1406	3.4	3.1	2.25	2
0.0173	0.2512	0.7316	2.05	3.2	3.75	3
0.9071	0.0458	0.0471	1.73	3.4	5.25	1
0.5713	0.0756	0.3531	2.3	3.1	3.25	1
0.047	0.6004	0.3526	4.33	3.5	1.83	3
0.7229	0.1468	0.1302	1.8	3.3	4.75	1
0.169	0.1176	0.7134	3.5	3.2	2.15	3
0.3324	0.1539	0.5137	3	3	2.5	3
0.8294	0.1214	0.0492	1.83	3.4	4.5	1
0.5478	0.4379	0.0143	1.67	3.5	5.5	1
0.3579	0.6382	0.0039	1.4	4.5	8	2
0.4459	0.4644	0.0897	2	3.2	4	2
0.765	0.1669	0.0681	2	3.3	3.8	1
0.7649	0.088	0.1471	1.62	3.75	5.5	1
0.4823	0.3311	0.1866	1.91	3.3	4.2	1
0.0047	0.6441	0.3512	4.75	3.25	1.83	2
0.3091	0.4717	0.2192	2.2	3.1	3.5	3
0.7046	0.1379	0.1576	2.63	3.1	2.75	3
0.6062	0.0452	0.3486	2.4	3.1	3.1	1
0.14	0.541	0.3189	3.3	3.2	2.25	2
0.6185	0.2974	0.0841	1.62	3.75	5.5	1
0.3382	0.0164	0.6454	1.73	3.3	5.5	3
0.1907	0.134	0.6754	7.5	4.1	1.44	3
0.4959	0.0208	0.4834	2.88	3	2.63	3
0.8325	0.1626	0.0049	2.5	3.1	2.9	1
0.4162	0.2586	0.3252	1.4	4.33	8.5	2
0.6083	0.2127	0.179	2	3.2	4	1
0.0936	0.7575	0.1489	1.5	3.75	7.5	2
0.6773	0.2147	0.108	1.62	3.6	6	1
0.6262	0.0263	0.3475	1.83	3.4	4.5	1
0.7055	0.0283	0.2661	1.62	3.5	6.5	1
0.9369	0.019	0.0441	1.8	3.5	4.5	1
0.2471	0.4195	0.3334	1.14	7.5	17	2
0.2358	0.7286	0.0356	2	3.2	4	2
0.2188	0.3224	0.4589	1.83	3.4	4.5	3
0.8028	0.1433	0.054	1.85	3.4	4.33	1
0.031	0.1615	0.8074	4	3.2	2	2
0.0232	0.3109	0.6659	2.3	3.1	3.3	3
0.3342	0.0523	0.6135	4.33	3.25	1.91	3
0.529	0.0926	0.3784	2	3.3	3.75	1
0.7072	0.099	0.1938	2.25	3.1	3.4	3
0.1912	0.5135	0.2953	4.75	3.25	1.83	1
0.1759	0.2163	0.6078	1.36	4.75	8.5	2
0.804	0.0271	0.1689	2.6	3.1	2.8	2
0.3301	0.2828	0.3871	3.4	3.2	2.2	3
0.3808	0.5525	0.0667	1.57	3.75	6	1
0.7417	0.1686	0.0897	1.85	3.4	4.33	1
0.6614	0.2496	0.089	2.1	3.25	3.5	1
0.6431	0.2995	0.0574	1.57	3.8	6	1
0.2625	0.059	0.6785	3	3.2	2.4	3
0.2257	0.18	0.5943	4	3.2	2	3
0.191	0.6249	0.184	1.67	3.5	5.5	3
0.1239	0.2925	0.5836	3.1	3.2	2.3	3
0.3847	0.3567	0.2586	2	3.2	4	2
0.5942	0.1243	0.2815	1.44	4	8	1
0.5037	0.0415	0.4548	2.63	3	2.88	1
0.0386	0.9175	0.044	3.2	3	2.38	2
0.2625	0.4999	0.2376	2.6	3.1	2.8	2
0.3672	0.0692	0.5636	2	3.2	4	1
0.635	0.2289	0.1361	2.38	3	3.2	3
0.8665	0.0422	0.0913	1.5	4	7	1
0.5108	0.1671	0.3222	1.53	3.8	6.5	1
0.2087	0.3215	0.4698	5	3.25	1.8	3
0.1064	0.4115	0.4821	2.75	3.1	2.63	2
0.4192	0.3919	0.1888	1.75	3.4	5	1
0.2097	0.263	0.5273	3.4	3	2.3	3
0.0089	0.7742	0.2169	1.4	4.5	8	2
0.5318	0.2754	0.1927	2.4	3.2	3	2
0.2184	0.1142	0.6674	3.6	3.1	2.15	3
0.5035	0.0203	0.4762	3.75	3.3	2	1
0.0229	0.3415	0.6356	1.44	4.2	7.5	3
0.6554	0.1029	0.2417	1.44	4.1	8	1
0.966	0.0166	0.0175	1.17	7	15	1
0.1634	0.1377	0.6989	3.2	3	2.4	1
0.2311	0.3064	0.4626	1.91	3.3	4.2	3
0.3224	0.6628	0.0148	2	3.2	4	2
0.8938	0.0486	0.0576	2	3.2	4	1
0.2293	0.6763	0.0943	1.95	3.2	4.2	2
0.8454	0.0903	0.0643	1.62	3.75	5.5	1
0.2526	0.5728	0.1746	3.5	3.2	2.15	2
0.2209	0.1111	0.668	2	3.3	3.8	3
0.5505	0.2104	0.2391	2.1	3.2	3.6	1
0.6729	0.2139	0.1132	1.91	3.2	4.5	1
0.1782	0.2519	0.5699	2.5	3.1	2.9	3
0.2758	0.413	0.3112	2.5	3	3	2
0.5626	0.2549	0.1825	1.83	3.4	4.5	1
0.6518	0.2621	0.0861	1.57	3.8	6	1
0.7789	0.0302	0.1909	1.5	4	7	1
0.2748	0.7047	0.0205	1.73	3.5	5	2
0.4719	0.2018	0.3262	2.3	3	3.4	3
0.0797	0.6573	0.263	4	3.1	2.05	2
0.7392	0.1547	0.106	7.5	4.2	1.44	1
0.5953	0.1555	0.2492	1.62	3.6	6	1
0.1001	0.1544	0.7454	3.5	3.1	2.2	3
0.1722	0.0693	0.7585	2.9	3.1	2.5	3
0.1178	0.3138	0.5684	3.5	3.1	2.2	3
0.5607	0.1606	0.2787	1.62	3.6	6	2
0.3375	0.2815	0.381	2	3.25	3.9	2
0.7221	0.2587	0.0192	2.3	3.1	3.3	2
0.058	0.4926	0.4494	1.44	4	8	3
0.389	0.4426	0.1683	1.67	3.5	5.5	1
0.592	0.1242	0.2839	1.5	3.8	7.5	1
0.2977	0.3152	0.3871	2	3.2	4	1
0.2021	0.7648	0.0331	2.25	3.2	3.3	1
0.2686	0.6341	0.0974	1.91	3.2	4.33	2
0.8132	0.0652	0.1216	7	4	1.5	1
0.2223	0.475	0.3027	2.05	3.2	3.8	3
0.6237	0.1449	0.2314	1.75	3.4	5	1
0.8354	0.0897	0.0748	1.8	3.4	4.75	2
0.287	0.4048	0.3082	4.5	3.3	1.85	2
0.5202	0.4406	0.0392	1.91	3.1	4.6	1
0.8907	0.0889	0.0204	1.44	4.1	8	1
0.1577	0.7316	0.1107	2.75	3.2	2.6	2
0.306	0.2782	0.4158	2.88	3	2.63	1
0.5329	0.1331	0.3341	2.88	3	2.6	3
0.7179	0.064	0.2181	2.1	3.2	3.6	1
0.7964	0.0086	0.195	1.18	6.5	15	1
0.7929	0.1902	0.0169	2.05	3.2	3.75	1
0.4708	0.0227	0.5065	3.4	3.2	2.2	3
0.6904	0.0317	0.2778	1.44	4	8	1
0.2551	0.7128	0.0321	2.15	3.3	3.4	2
0.3636	0.1781	0.4583	2.5	3.1	2.9	1
0.8234	0.0068	0.1698	1.44	4	8	2
0.2869	0.1093	0.6038	4	3.2	2	1
0.8011	0.1016	0.0973	1.44	4.1	8	3
0.6381	0.1625	0.1995	1.62	3.6	6	1
0.4954	0.4963	0.0082	1.45	4	8	2
0.7689	0.0235	0.2076	2.88	3	2.63	1
0.159	0.7091	0.1319	2.4	3.1	3.1	2
0.827	0.0499	0.1231	2.9	3	2.6	1
0.2381	0.488	0.2739	3	3	2.5	2
0.1474	0.6699	0.1827	2.4	3	3.2	2
0.516	0.0499	0.4341	1.57	3.8	6	1
0.1253	0.3546	0.5201	2.7	2.9	2.88	3
0.3346	0.3801	0.2853	1.85	3.2	4.75	2
0.174	0.409	0.4171	2	3.1	4.2	2
0.4185	0.4319	0.1496	1.73	3.5	5	3
0.0505	0.6372	0.3123	3.75	3.25	2.05	2
0.5684	0.0911	0.3405	1.91	3.2	4.5	3
0.4035	0.188	0.4086	4.75	3.3	1.8	3
0.1173	0.0705	0.8122	1.5	4	7	3
0.1925	0.0305	0.7771	2.8	3	2.7	3
0.8852	0.0616	0.0532	1.85	3.3	4.5	1
0.4889	0.0288	0.4823	1.85	3.3	4.5	1
0.7802	0.2115	0.0083	1.57	3.6	6.5	1
0.8715	0.1212	0.0073	2.05	3.2	3.75	1
0.8143	0.0946	0.0911	3.3	3.2	2.25	3
0.3393	0.5312	0.1295	2.05	3.2	3.8	2
0.2737	0.0497	0.6766	2	3.2	4	3
0.8021	0.0902	0.1077	1.67	3.5	5.5	1
0.4588	0.138	0.4032	3.8	3.3	2	1
0.781	0.0674	0.1517	1.45	4.1	7.5	1
