0.7559	0.0181	0.226	2.8	3.3	2.5	3
0.2154	0.0015	0.7831	4	3.75	1.83	3
0.5294	0.0884	0.3822	2	3.5	3.6	3
0.9788	0.0042	0.017	1.67	3.75	5	1
0.0226	0.9689	0.0085	2.5	3.3	2.75	2
0.0056	0.0172	0.9773	2.1	3.4	3.4	3
0.8031	0.0027	0.1943	1.67	3.75	5	1
0.0123	0.0728	0.9148	2.38	3.25	3	3
0.742	0.0018	0.2562	2.25	3.5	3	1
0.7445	0.0047	0.2508	1.5	4.33	6	3
0.9765	0.0197	0.0038	1.25	5.25	13	1
0.0074	0.8187	0.1739	2	3.6	3.4	2
0.0994	0.0327	0.8679	3.4	3.3	2.15	3
0.8184	0.0971	0.0845	1.36	4.75	8.5	1
0.4121	0.5859	0.002	1.83	3.6	4.2	2
0.9654	0.0025	0.0321	1.91	3.6	3.8	1
0.1641	0.0023	0.8337	4.2	3.6	1.83	3
0.3507	0.0193	0.63	1.7	4	4.33	1
0.6061	0.3586	0.0353	3.3	3.3	2.15	2
0.8478	0.0034	0.1488	1.33	5	8.5	1
0.7222	0.0011	0.2767	1.25	5.5	13	1
0.0156	0.882	0.1024	1.91	3.4	4.2	1
0.7777	0.1728	0.0495	2.1	3.3	3.5	2
0.2718	0.0401	0.6881	2.1	3.3	3.5	1
0.0803	0.2157	0.704	3.4	3.4	2.1	1
0.3846	0.5979	0.0175	1.91	3.4	4.33	1
0.0627	0.9165	0.0208	2.88	3.2	2.5	2
0.3709	0.4477	0.1813	2.15	3.3	3.4	3
0.7208	0.0282	0.251	2.25	3.3	3.2	1
0.9926	0.0034	0.0039	1.17	8	13	1
0.8205	0.075	0.1044	1.44	4.33	7	2
0.5027	0.0023	0.495	6	3.8	1.57	3
0.448	0.0861	0.4659	6.5	4.2	1.5	3
0.8938	0.0068	0.0994	1.57	3.8	6	1
0.8617	0.1055	0.0328	1.83	3.5	4.33	1
0.7884	0.0035	0.2081	2.38	3.25	3	1
0.2732	0.222	0.5049	2.38	3.25	3	1
0.0281	0.0187	0.9532	3.4	3.4	2.1	3
0.4183	0.5579	0.0237	1.57	3.8	6	2
0.0157	0.1612	0.823	2.75	3.2	2.63	3
0.5424	0.0121	0.4454	1.33	5	8.5	1
0.1992	0.0768	0.7241	1.95	3.4	3.8	3
0.1143	0.4063	0.4794	2.05	3.3	3.6	3
0.8688	0.0098	0.1214	2	3.4	3.6	1
0.006	0.4341	0.5598	3.25	3.25	2.25	3
0.6625	0.1904	0.1471	2.5	3.25	2.8	1
0.5378	0.0065	0.4557	2.63	3.25	2.63	1
0.7757	0.0051	0.2193	1.13	8	21	1
0.3563	0.6328	0.0109	1.29	5.25	10	2
0.0487	0.0501	0.9012	2.1	3.3	3.5	3
0.0132	0.0758	0.911	10	5	1.3	3
0.7498	0.0676	0.1825	1.44	4.2	7.5	1
0.25	0.7463	0.0037	1.44	4.33	7	2
0.9644	0.0037	0.032	2	3.4	3.75	1
0.8281	0.0025	0.1694	3	3.3	2.35	1
0.1058	0.4048	0.4894	2.6	3.25	2.7	1
0.0011	0.6283	0.3706	2.15	3.3	3.4	3
0.31	0.0592	0.6308	5.5	3.8	1.6	3
0.0118	0.012	0.9762	2.88	3.25	2.45	3
0.0766	0.8989	0.0245	2.25	3.4	3.1	2
0.0074	0.0057	0.9869	2.9	3.3	2.4	3
0.0277	0.0594	0.9128	11	5	1.29	3
0.5123	0.01	0.4777	1.11	8.5	21	1
0.3017	0.6081	0.0902	1.91	3.4	4	2
0.162	0.653	0.185	2.25	3.25	3.2	2
0.5953	0.3873	0.0174	1.53	4	6	2
0.3361	0.2571	0.4068	2.4	3.3	2.9	1
0.9395	0.0205	0.04	1.85	3.4	4.2	1
0.3974	0.0337	0.5688	1.91	3.4	4	1
0.2618	0.6987	0.0395	2.2	3.25	3.3	1
0.6545	0.1115	0.234	1.57	3.8	6	1
0.9752	0.019	0.0058	1.08	10	26	1
0.1828	0.0052	0.812	2.5	3.3	2.75	3
0.9714	0.0018	0.0267	2.05	3.3	3.6	1
0.52	0.0024	0.4776	3.4	3.4	2.1	3
0.972	0.002	0.026	3.75	3.5	1.95	1
0.8232	0.0108	0.166	2.45	3.3	2.8	1
0.0866	0.2013	0.7121	2.4	3.3	2.88	2
0.0781	0.7291	0.1928	1.73	3.6	4.75	2
0.1113	0.2726	0.6161	2.4	3.3	2.88	2
0.5847	0.0187	0.3967	3.6	3.3	2.1	1
0.9103	0.0166	0.0731	1.17	7	15	1
0.024	0.9546	0.0215	4.75	3.75	1.7	2
0.0419	0.0159	0.9422	1.83	3.5	4.33	3
0.881	0.0883	0.0308	1.83	3.4	4.5	1
0.1473	0.016	0.8367	2.1	3.2	3.3	3
0.9057	0.0518	0.0424	2.15	3.25	3.4	1
0.9241	0.0076	0.0683	2.75	3.3	2.5	1
0.1339	0.1568	0.7093	3.8	3.3	2	1
0.0038	0.9887	0.0075	2	3.4	3.75	2
0.0144	0.9706	0.015	1.8	3.5	4.5	2
0.0685	0.8377	0.0938	1.44	4.33	7	2
0.152	0.8228	0.0252	7	4.33	1.44	2
0.0609	0.0752	0.8639	3.5	3.3	2.1	3
0.9838	0.0023	0.0139	1.1	9	21	1
0.8973	0.0371	0.0656	2	3.5	3.75	1
0.379	0.5791	0.0419	2.3	3.3	3.1	2
0.3818	0.0514	0.5668	1.91	3.3	4.2	1
0.3962	0.0056	0.5982	2.6	3.2	2.75	1
0.5384	0.4432	0.0184	1.62	3.75	5.5	1
0.8923	0.0022	0.1055	2.6	3.25	2.7	1
0.0289	0.8461	0.125	7.5	4.5	1.4	2
0.9416	0.0098	0.0486	1.44	4.2	7.5	1
0.0086	0.0358	0.9556	5.5	3.75	1.62	3
0.0177	0.8845	0.0978	1.91	3.5	4	2
0.1	0.4102	0.4898	1.8	3.5	4.5	2
0.0073	0.0067	0.986	3.8	3.6	1.91	3
0.8352	0.0787	0.0861	1.83	3.5	4.33	1
0.46	0.368	0.172	1.73	3.5	5	1
0.8513	0.1216	0.0271	2	3.4	3.75	1
0.002	0.2836	0.7143	3.75	3.5	1.95	3
0.9507	0.0095	0.0397	1.17	7	15	1
0.0044	0.0042	0.9913	2.1	3.3	3.5	3
0.105	0.8292	0.0658	2	3.4	3.75	2
0.7456	0.0739	0.1805	2.5	3.25	2.8	1
0.0248	0.3095	0.6657	2.25	3.3	3.2	3
0.9134	0.0593	0.0273	1.67	3.7	5	1
0.7567	0.1729	0.0704	2.25	3.3	3.2	1
0.5075	0.4908	0.0017	1.5	4	6.5	1
0.1725	0.8188	0.0087	1.65	3.7	5.25	2
0.0115	0.4049	0.5836	6.5	4	1.53	2
0.9854	0.0026	0.012	2.5	3.3	2.75	1
0.9864	0.0029	0.0106	1.22	6	12	1
0.0077	0.0642	0.9281	5	3.5	1.73	3
0.6199	0.1405	0.2396	2.1	3.3	3.5	3
0.0208	0.8548	0.1244	2.3	3.4	3	2
0.8912	0.0483	0.0605	1.73	3.6	4.75	1
0.0705	0.0182	0.9112	3.25	3.3	2.2	3
0.8336	0.0169	0.1496	1.62	3.75	5.5	1
0.0064	0.9435	0.0501	2.8	3.25	2.5	2
0.1345	0.8595	0.006	1.25	5.5	12	2
0.8439	0.0312	0.1249	2.75	3.3	2.5	1
0.2709	0.7268	0.0023	1.53	4	6	2
0.5084	0.3466	0.145	2.2	3.3	3.25	3
0.4829	0.4369	0.0802	1.75	3.5	4.75	1
0.6974	0.0647	0.2379	1.85	3.6	4	1
0.4608	0.3808	0.1584	1.5	4	6.5	1
0.0102	0.0131	0.9766	2.63	3.25	2.63	3
0.4952	0.4962	0.0086	2	3.4	3.7	2
0.1528	0.0451	0.8021	2	3.4	3.7	3
0.001	0.7449	0.2541	12	5.5	1.25	3
0.0568	0.7395	0.2037	5.5	3.8	1.62	3
0.9626	0.0027	0.0347	1.17	6.5	17	1
0.0195	0.9577	0.0228	1.33	4.75	9.5	2
0.0898	0.5905	0.3197	4.6	3.6	1.75	3
0.5454	0.0239	0.4307	3.2	3.4	2.2	3
0.0682	0.5685	0.3634	2	3.3	3.8	3
0.2063	0.7715	0.0223	2.3	3.3	3.1	2
0.9298	0.003	0.0672	1.85	3.5	4.2	1
0.0772	0.7953	0.1274	2.1	3.3	3.5	1
0.9288	0.0244	0.0468	1.75	3.6	4.6	1
0.87	0.1182	0.0118	1.17	7	17	1
0.2888	0.4767	0.2345	2.5	3.4	2.7	3
0.1388	0.1287	0.7326	2.2	3.3	3.3	3
0.07	0.2369	0.6931	2.7	3.1	2.7	2
0.3226	0.0534	0.624	2	3.5	3.6	3
0.6674	0.0387	0.2939	1.75	3.6	4.75	1
0.2556	0.0883	0.6561	2.2	3.3	3.25	3
0.0336	0.7744	0.192	1.73	3.5	5	1
0.1464	0.0046	0.849	3.5	3.3	2.1	3
0.0165	0.9815	0.002	2	3.4	3.75	2
0.3948	0.3533	0.2519	2.1	3.3	3.5	1
0.9713	0.0153	0.0135	1.2	6.5	13	1
0.2416	0.3186	0.4398	1.6	3.6	6	3
0.7693	0.0078	0.223	2.1	3.3	3.5	1
0.1512	0.4974	0.3514	2.8	3.25	2.5	2
0.2174	0.7442	0.0384	2.5	3.3	2.75	1
0.0551	0.7234	0.2215	3.1	3.4	2.25	2
0.1475	0.6162	0.2363	2.1	3.3	3.5	1
0.9816	0.0105	0.0079	1.6	3.75	5.75	1
0.2737	0.0079	0.7183	2.63	3.3	2.63	1
0.4727	0.2506	0.2766	1.33	4.75	10	2
0.8814	0.0768	0.0418	1.44	4.33	7	1
0.4097	0.1392	0.4511	1.8	3.5	4.5	1
0.8629	0.0181	0.119	1.8	3.5	4.5	1
0.6795	0.0059	0.3145	2	3.5	3.6	1
0.086	0.4973	0.4167	7	4.33	1.44	2
0.8386	0.0372	0.1242	2	3.4	3.75	1
0.0218	0.9751	0.0031	2	3.4	3.75	2
0.0055	0.979	0.0155	2.6	3.25	2.7	2
0.8402	0.0637	0.0962	1.55	3.75	6	3
0.1964	0.4878	0.3158	2.5	3.3	2.75	3
0.8293	0.1264	0.0443	1.44	4.2	7.5	2
0.2907	0.6807	0.0286	2	3.3	3.75	1
0.7404	0.2239	0.0357	1.91	3.4	4	1
0.0497	0.8616	0.0887	2.4	3.3	2.88	2
0.9305	0.0149	0.0546	1.29	5.25	10	1
0.5569	0.0118	0.4313	2.5	3.3	2.75	1
0.007	0.5766	0.4164	7.5	4.5	1.4	3
0.0019	0.0591	0.939	6	3.75	1.57	3
0.7767	0.0069	0.2165	6	3.8	1.57	1
0.9729	0.0099	0.0172	1.33	5	8.5	1
0.9132	0.0391	0.0477	2.05	3.25	3.75	1
0.2095	0.7269	0.0636	1.95	3.4	3.8	2
0.9803	0.0035	0.0162	1.57	3.8	6	1
0.8344	0.1278	0.0378	2.5	3.25	2.8	1
0.6807	0.248	0.0713	2.15	3.25	3.4	1
0.7962	0.1732	0.0306	2	3.3	3.6	2
0.6642	0.1472	0.1886	1.91	3.6	3.75	1
0.0148	0.9558	0.0294	1.67	3.6	5.25	2
0.8878	0.0504	0.0618	2.1	3.2	3.6	1
0.9608	0.0226	0.0167	1.44	4.2	7.5	1
0.0027	0.0563	0.941	10	5.25	1.29	3
0.1198	0.5534	0.3267	2.4	3.2	3	2
0.3422	0.0387	0.6191	2.5	3.2	2.88	1
0.9496	0.0236	0.0268	1.17	7	15	1
0.004	0.0064	0.9896	2.35	3.3	3	3
0.0049	0.6839	0.3112	5.25	3.75	1.65	2
0.973	0.0066	0.0205	1.44	4.2	7.5	1
0.023	0.0625	0.9146	3.25	3.2	2.25	3
0.5714	0.1367	0.2919	2.25	3.25	3.25	1
0.6715	0.0196	0.3089	4	3.4	1.85	3
0.0006	0.0037	0.9957	13	6.5	1.2	3
0.3341	0.0289	0.6369	1.5	4.2	6.5	3
0.2947	0.0764	0.629	2	3.4	3.75	2
0.5638	0.0987	0.3375	2.25	3.4	3.2	1
0.071	0.0071	0.9218	2	3.4	3.75	3
0.2033	0.7514	0.0453	2.1	3.3	3.5	2
0.2213	0.4232	0.3555	1.57	3.75	6	3
0.3876	0.0025	0.6099	3.5	3.3	2.1	1
0.8902	0.0804	0.0294	1.14	8	15	1
0.9885	0.0038	0.0077	1.2	6.5	13	1
0.9577	0.0248	0.0175	1.36	5	7.5	1
0.7715	0.0717	0.1569	2.1	3.3	3.5	1
0.9593	0.0314	0.0092	1.5	3.75	7.5	1
0.074	0.9259	0.0001	2.3	3.25	3.1	2
0.3733	0.0141	0.6127	2.3	3.25	3.1	1
0.9355	0.0144	0.0501	1.8	3.5	4.5	1
0.0441	0.5302	0.4256	2.4	3.3	2.88	2
0.8223	0.0196	0.1581	3.5	3.3	2.1	1
0.0132	0.9728	0.014	4.33	3.6	1.8	2
0.982	0.0126	0.0054	1.8	3.5	4.5	1
0.0109	0.0037	0.9853	13	5.5	1.25	3
0.3958	0.0021	0.602	4.5	3.75	1.73	1
0.7985	0.1272	0.0743	2.3	3.2	3.2	1
0.028	0.9484	0.0237	1.67	3.5	5.25	2
0.3537	0.5014	0.1449	2	3.3	3.75	3
0.7606	0.0082	0.2312	1.67	3.5	5.5	1
0.7578	0.234	0.0082	2.25	3.3	3.2	2
0.617	0.069	0.3141	2.5	3.2	2.88	1
0.8476	0.1183	0.034	1.2	6.5	13	1
0.976	0.0201	0.0039	1.53	3.75	7	1
0.2777	0.0055	0.7167	2.5	3.25	2.8	3
0.2299	0.7524	0.0177	2.7	3.4	2.5	1
0.8804	0.0024	0.1172	1.73	3.5	5	1
0.8458	0.0116	0.1427	2.2	3.3	3.25	1
0.019	0.9784	0.0026	1.85	3.4	4.33	2
0.9496	0.0149	0.0354	1.3	5.5	9	1
0.0507	0.2289	0.7204	1.91	3.4	4	3
0.9603	0.0139	0.0257	1.57	4	5.5	1
0.9223	0.0271	0.0506	1.17	7	15	1
0.1815	0.4972	0.3213	1.91	3.4	4	3
0.0028	0.0066	0.9905	11	5.75	1.25	3
0.8663	0.0514	0.0823	2.5	3.3	2.75	1
0.0245	0.9451	0.0304	2.1	3.3	3.5	3
0.8889	0.0561	0.055	1.67	3.75	5	2
0.8724	0.004	0.1236	2.38	3.25	3	1
0.0607	0.1009	0.8384	2.5	3.25	2.8	3
0.7101	0.1585	0.1315	1.91	3.4	4	1
0.0034	0.7325	0.2642	3	3.25	2.38	2
0.0173	0.6879	0.2948	11	5.75	1.25	2
0.9867	0.0066	0.0067	1.62	3.6	5.75	1
0.9089	0.0027	0.0884	1.4	4.5	8	1
0.9218	0.0191	0.0591	1.67	3.6	5.25	1
0.0478	0.9252	0.027	2.4	3.25	2.9	2
0.3077	0.3943	0.298	1.62	3.6	5.75	3
0.8552	0.0011	0.1437	1.73	3.6	4.75	1
0.1025	0.836	0.0614	2.2	3.25	3.25	2
0.2491	0.7476	0.0033	2.5	3.3	2.8	2
0.3362	0.3756	0.2881	1.57	3.8	6	2
0.4557	0.3428	0.2015	2.1	3.3	3.5	1
0.2715	0.6031	0.1254	1.62	3.6	5.5	2
0.0224	0.9695	0.0082	2.38	3.25	3	2
0.9559	0.0244	0.0197	2.1	3.3	3.5	1
0.5347	0.435	0.0303	1.4	4.5	8	1
0.0027	0.9913	0.006	2.2	3.3	3.25	2
0.3343	0.0114	0.6543	2.2	3.3	3.25	1
0.0068	0.0299	0.9633	10	5.25	1.29	3
0.8838	0.0037	0.1125	1.36	4.5	9	1
0.9237	0.0012	0.0751	1.73	3.5	5	1
0.4151	0.5465	0.0384	2.1	3.3	3.5	2
0.6298	0.0228	0.3474	3.2	3.3	2.25	1
0.9497	0.0086	0.0418	1.67	3.6	5.25	3
0.9693	0.003	0.0276	1.13	8	19	1
0.9352	0.0079	0.0569	2.4	3.3	2.88	1
0.9006	0.0822	0.0172	2.88	3.2	2.5	1
0.6957	0.2429	0.0614	2.1	3.3	3.5	1
0.0098	0.4969	0.4933	2	3.3	3.75	3
0.8802	0.0865	0.0333	1.57	3.75	6	1
0.0374	0.1362	0.8264	11	5.25	1.29	3
0.114	0.8681	0.0179	1.29	5.25	11	2
0.5314	0.4681	0.0005	2.4	3.3	2.88	1
0.5731	0.2546	0.1723	2.05	3.3	3.6	1
0.9681	0.0058	0.0261	1.13	8	19	1
0.0671	0.8175	0.1154	2.35	3.3	3	2
0.2784	0.5186	0.203	2.88	3.3	2.4	2
0.8998	0.0592	0.0411	1.5	4	7	1
0.0674	0.9213	0.0114	2.25	3.3	3.2	2
0.9479	0.0207	0.0314	1.85	3.5	4	1
0.01	0.1307	0.8594	9	4.75	1.36	3
0.0977	0.9011	0.0012	1.91	3.4	4	2
0.0358	0.005	0.9592	7.5	4.2	1.44	3
0.6659	0.1585	0.1756	2.9	3.3	2.38	1
0.1922	0.592	0.2158	1.91	3.4	4	2
0.9451	0.04	0.0149	2.1	3.3	3.5	3
0.3955	0.0942	0.5103	2.2	3.3	3.3	1
0.9197	0.0519	0.0284	1.3	5.25	10	1
0.3183	0.0016	0.6801	2.25	3.3	3.2	1
0.8111	0.1838	0.005	2.5	3.25	2.8	1
0.6884	0.2901	0.0215	1.91	3.4	4	1
0.9264	0.0664	0.0072	1.17	7	15	1
0.8218	0.1625	0.0158	1.4	4.5	8	1
0.8652	0.057	0.0778	1.85	3.4	4.2	1
0.1688	0.8178	0.0134	2.4	3.3	2.88	2
0.9506	0.0033	0.0461	1.83	3.5	4.33	1
0.0562	0.9011	0.0427	1.8	3.5	4.5	2
0.0039	0.0067	0.9894	9.5	5.25	1.3	3
0.0188	0.9804	0.0009	1.73	3.5	5	2
0.9314	0.0075	0.0611	1.62	3.75	5.5	1
0.11	0.4483	0.4417	2.88	3.3	2.4	3
0.3724	0.0239	0.6037	3.25	3.25	2.25	3
0.2779	0.0149	0.7072	2.5	3.4	2.7	3
0.0038	0.9795	0.0167	2	3.4	3.75	2
0.9526	0.0019	0.0455	1.5	4	7	1
0.5133	0.0336	0.453	2.8	3.25	2.5	3
0.6595	0.0374	0.3031	1.8	3.5	4.5	1
0.475	0.4651	0.0599	2.5	3.25	2.8	1
0.6461	0.3467	0.0071	2	3.4	3.8	2
0.6613	0.0019	0.3368	2.38	3.25	3	1
0.5414	0.3759	0.0827	2.25	3.25	3.2	1
0.3195	0.177	0.5035	2.5	3.3	2.75	1
0.0933	0.0612	0.8455	1.91	3.4	4	3
0.8218	0.0262	0.1519	4	3.5	1.91	1
0.4616	0.0124	0.526	1.36	4.5	9	3
0.9758	0.0235	0.0007	1.13	8.5	17	1
0.0781	0.5877	0.3342	1.91	3.4	4	2
0.3854	0.6121	0.0025	2.1	3.3	3.5	1
0.0542	0.8894	0.0564	2.2	3.3	3.2	2
0.0383	0.082	0.8797	10	5.5	1.29	3
0.6874	0.2334	0.0792	1.62	3.75	5.5	1
0.0693	0.9229	0.0079	9	5	1.33	2
0.7832	0.125	0.0918	1.4	4.33	8.5	1
0.8714	0.025	0.1036	1.83	3.5	4.33	1
0.4462	0.4866	0.0672	1.73	3.5	5	2
0.3131	0.5857	0.1011	1.91	3.4	4	2
0.1512	0.822	0.0267	1.91	3.4	4	2
0.8513	0.0017	0.1469	1.4	4.5	8	1
0.1617	0.2708	0.5674	2.4	3.3	2.88	1
0.0064	0.9762	0.0175	2.4	3.3	2.88	2
0.9756	0.0017	0.0227	1.62	3.6	6	1
0.9903	0.0041	0.0056	1.1	8.5	29	1
0.9623	0.019	0.0187	1.4	4.5	8	1
0.0151	0.047	0.9379	10	5.5	1.29	3
0.3147	0.1017	0.5835	2.2	3.2	3.4	3
0.8789	0.0466	0.0744	1.8	3.5	4.5	1
0.9558	0.0093	0.035	2.8	3.25	2.5	1
0.2697	0.7075	0.0228	1.5	4	7	2
0.4171	0.3017	0.2812	3	3.25	2.38	3
0.2803	0.0618	0.6579	2.25	3.25	3.25	3
0.2319	0.6434	0.1247	2.5	3.25	2.8	2
0.3627	0.0335	0.6038	2.88	3.3	2.4	3
0.0051	0.7285	0.2665	2.4	3.3	2.88	3
0.0111	0.984	0.0048	1.83	3.5	4.33	2
0.8704	0.0466	0.0831	2.1	3.3	3.5	1
0.0537	0.8057	0.1406	2.4	3.3	2.88	2
0.0618	0.0196	0.9186	5.5	3.8	1.57	3
0.8693	0.0052	0.1255	2.5	3.3	2.75	1
0.0946	0.596	0.3094	2	3.4	3.75	3
0.9809	0.0013	0.0178	1.13	8	19	1
0.7905	0.0396	0.1699	1.36	5	8	1
0.7112	0.113	0.1758	3.2	3.25	2.25	1
0.9932	0.0013	0.0056	1.06	11	29	1
0.0833	0.8978	0.0189	1.57	3.8	6	2
0.9782	0.0055	0.0163	1.25	5.75	11	1
0.1479	0.8468	0.0053	1.8	3.5	4.33	2
0.5267	0.0365	0.4368	2	3.5	3.6	1
0.0447	0.0153	0.9401	5.75	4.2	1.53	3
0.8663	0.025	0.1087	1.73	3.6	4.75	1
0.3757	0.0143	0.61	3.2	3.3	2.25	3
0.3574	0.6145	0.0281	1.75	3.75	4.75	1
0.934	0.0205	0.0455	2.1	3.2	3.6	1
0.6936	0.2896	0.0169	1.8	3.5	4.5	1
0.1647	0.8163	0.019	3.75	3.4	2	1
0.9913	0.0014	0.0073	1.11	9	19	1
0.1341	0.0239	0.8419	6	4.33	1.5	3
0.0614	0.2417	0.6969	1.67	3.8	5	2
0.0019	0.9946	0.0035	1.67	3.75	5	2
0.6741	0.2003	0.1256	2.1	3.2	3.6	1
0.9747	0.003	0.0222	1.73	3.8	4.5	1
0.6627	0.3188	0.0185	3	3.25	2.38	1
0.0178	0.0039	0.9783	6.5	4.5	1.44	3
0.8083	0.0819	0.1098	1.8	3.6	4.33	1
0.0915	0.0451	0.8634	4.75	4.2	1.65	3
0.652	0.2052	0.1428	1.29	5.5	9.5	1
0.4279	0.5119	0.0602	4	3.6	1.85	2
0.9783	0.0075	0.0142	1.04	13	34	1
0.0524	0.6755	0.2721	10	5.5	1.29	2
0.1368	0.8626	0.0006	2.35	3.4	2.9	2
0.9743	0.0044	0.0214	1.3	5.25	9.5	1
0.8234	0.0146	0.162	2.2	3.6	3	1
0.8601	0.1062	0.0337	2.5	3.25	2.8	3
0.0035	0.0063	0.9902	3.6	3.5	2	3
0.01	0.1805	0.8096	2.88	3.3	2.4	3
0.4786	0.163	0.3584	2.1	3.3	3.5	1
0.0018	0.9469	0.0513	2.1	3.3	3.5	2
0.0133	0.6202	0.3665	8	4.75	1.36	2
0.1012	0.8947	0.0042	2	3.4	3.75	2
0.0067	0.0062	0.9871	15	6	1.2	3
0.8792	0.0439	0.0769	3	3.25	2.38	1
0.9707	0.0226	0.0067	1.53	4	6	1
0.1211	0.0845	0.7944	3	3.25	2.38	3
0.5336	0.4662	0.0002	1.06	11	34	3
0.9847	0.0007	0.0146	1.17	6.5	17	1
0.7174	0.0305	0.2521	1.44	4.33	7	1
0.9136	0.0555	0.0309	1.57	3.8	6	1
0.8987	0.0672	0.0342	1.5	4	7	2
0.4282	0.1439	0.4279	2.4	3.3	2.9	1
0.7601	0.0225	0.2174	1.8	3.5	4.5	1
0.0185	0.9245	0.0569	1.91	3.4	4	3
0.0425	0.147	0.8105	2.2	3.25	3.3	2
0.6922	0.3003	0.0076	2	3.3	3.75	1
0.9139	0.0123	0.0738	1.91	3.4	4	1
0.0166	0.3776	0.6058	8.5	4.6	1.36	3
0.0414	0.9508	0.0078	2.4	3.25	2.9	2
0.1774	0.0193	0.8034	5	3.75	1.67	3
0.0276	0.0162	0.9562	3.5	3.2	2.15	3
0.006	0.0517	0.9424	3.75	3.3	2	3
0.028	0.2599	0.712	3.25	3.25	2.2	3
0.1279	0.7325	0.1396	2.25	3.2	3.25	1
0.0179	0.9382	0.044	2.25	3.2	3.25	2
0.6331	0.1162	0.2507	1.91	3.4	4	1
0.7784	0.218	0.0037	2.1	3.25	3.6	1
0.9939	0.0035	0.0026	1.17	7	15	1
0.3969	0.0022	0.6009	1.75	3.5	4.75	3
0.9849	0.0064	0.0087	1.14	7	21	1
0.6131	0.3826	0.0042	2.1	3.25	3.5	2
0.0041	0.9039	0.092	1.95	3.3	4	2
0.4607	0.099	0.4403	1.8	3.4	4.75	3
0.1907	0.7824	0.0269	1.5	4	7	2
0.8772	0.0031	0.1197	1.67	3.75	5	1
0.0067	0.0241	0.9692	6	3.8	1.57	3
0.0433	0.6642	0.2925	12	5.5	1.25	2
0.004	0.1773	0.8187	3.25	3.3	2.2	3
0.8889	0.0085	0.1026	1.53	4	6	1
0.9452	0.001	0.0537	2.2	3.3	3.25	1
0.638	0.0117	0.3503	3.5	3.3	2.1	1
0.0227	0.5619	0.4153	2.1	3.3	3.5	3
0.5831	0.1357	0.2811	2.05	3.3	3.6	1
0.018	0.0482	0.9338	2.4	3.3	2.9	3
0.028	0.4935	0.4785	3	3.25	2.38	3
0.6231	0.017	0.3599	2.2	3.25	3.25	1
0.8741	0.0674	0.0585	1.73	3.4	5.25	1
0.0035	0.9918	0.0047	2.05	3.3	3.6	2
0.2767	0.5349	0.1884	2.2	3.25	3.25	2
0.9433	0.0185	0.0383	1.17	7	15	2
0.045	0.9098	0.0452	2.05	3.3	3.6	1
0.6292	0.3599	0.0109	1.73	3.5	5	2
0.9874	0.0042	0.0084	1.17	7	15	1
0.7113	0.0845	0.2042	2.1	3.3	3.5	1
0.9739	0.0083	0.0178	1.73	3.5	5	1
0.8603	0.0138	0.1259	1.8	3.5	4.5	1
0.6491	0.3052	0.0457	1.4	4.5	7.5	1
0.0173	0.2383	0.7444	8	4.5	1.4	3
0.7636	0.034	0.2024	1.8	3.5	4.5	1
0.0725	0.691	0.2365	2.3	3.2	3.2	2
0.6032	0.2644	0.1324	2.4	3.2	3	1
0.5982	0.0256	0.3762	1.91	3.4	4	3
0.8134	0.0401	0.1466	2.1	3.3	3.5	1
0.6772	0.0323	0.2905	3.4	3.4	2.1	1
0.0137	0.8324	0.1539	2.8	3.25	2.5	2
0.9879	0.002	0.0101	1.14	7	21	1
0.8458	0.0318	0.1223	1.57	3.75	6	3
0.0162	0.0355	0.9482	11	5.75	1.25	3
0.0045	0.966	0.0296	2.2	3.25	3.25	2
0.8638	0.0961	0.0402	1.75	3.4	5	1
0.8562	0.0089	0.1349	1.73	3.5	5	1
0.1948	0.763	0.0422	2.1	3.25	3.5	1
0.8394	0.0549	0.1057	1.7	3.6	5	1
0.8224	0.0305	0.1471	2.3	3.25	3.1	1
0.8662	0.0044	0.1295	2.1	3.25	3.5	1
0.9628	0.0223	0.0149	1.29	5	11	1
0.0023	0.5823	0.4154	10	5	1.3	3
0.0735	0.8827	0.0438	1.4	4.33	7.5	2
0.6565	0.0505	0.293	2	3.5	3.6	1
0.5476	0.4511	0.0013	1.5	4.33	6	2
0.306	0.3024	0.3916	2.63	3.3	2.63	1
0.0507	0.002	0.9473	2.1	3.25	3.6	3
0.9718	0.006	0.0222	2.5	3.3	2.75	1
0.1412	0.5856	0.2732	3.5	3.3	2.1	2
0.9552	0.0296	0.0152	1.62	3.8	5.5	1
0.939	0.0039	0.057	1.91	3.4	4	1
0.978	0.0167	0.0053	2.1	3.25	3.6	1
0.008	0.9306	0.0614	2.1	3.3	3.5	2
0.0158	0.0128	0.9714	8.5	5	1.33	3
0.3091	0.084	0.6069	2.3	3.2	3.2	3
0.1377	0.8554	0.0068	2	3.3	3.8	1
0.9669	0.0249	0.0082	1.29	5.5	9.5	1
0.988	0.0024	0.0096	1.8	3.6	4.33	1
0.6663	0.109	0.2247	2.4	3.2	3	1
0.6216	0.1098	0.2686	2.2	3.4	3.2	1
0.8578	0.0182	0.1239	1.67	3.75	5	1
0.8441	0.0075	0.1485	1.62	3.75	5.5	1
0.4537	0.5274	0.0189	1.2	6.25	13	1
0.4354	0.0247	0.54	2.1	3.3	3.5	1
0.3433	0.0106	0.6462	1.95	3.5	3.8	1
0.3328	0.621	0.0463	1.8	3.5	4.5	2
0.559	0.304	0.137	2.38	3	3.2	2
0.0306	0.5796	0.3898	12	5.5	1.25	3
0.8254	0.1522	0.0224	1.62	3.75	5.5	1
0.2537	0.0204	0.7259	3	3.25	2.38	3
0.0004	0.4363	0.5633	12	5.5	1.25	3
0.9882	0.002	0.0098	1.17	7	15	1
0.6745	0.3167	0.0088	2	3.5	3.6	2
0.5727	0.2789	0.1484	1.91	3.3	4.2	1
0.6334	0.3363	0.0303	2.25	3.25	3.2	1
0.8998	0.0336	0.0666	2.38	3.25	3	1
0.6919	0.03	0.278	1.83	3.4	4.5	1
0.4146	0.1372	0.4483	1.67	3.75	5	3
0.8389	0.0118	0.1493	2.75	3.3	2.5	3
0.1397	0.6794	0.1809	1.8	3.5	4.5	2
0.3464	0.0582	0.5954	1.62	3.6	6	3
0.5701	0.0016	0.4283	1.67	3.75	5	3
0.1394	0.1319	0.7287	3.25	3.25	2.2	3
0.5379	0.0064	0.4557	1.73	3.6	4.75	1
0.1937	0.2873	0.5191	1.83	3.5	4.33	1
0.8492	0.1308	0.02	1.73	3.75	4.5	1
0.7057	0.2209	0.0734	2.2	3.2	3.4	1
0.1893	0.0094	0.8013	2.1	3.25	3.6	3
0.9754	0.0163	0.0083	1.33	5	9	1
0.3708	0.3298	0.2994	2.1	3.3	3.5	1
0.5574	0.0032	0.4394	4.2	3.5	1.83	1
0.0084	0.0926	0.899	15	6	1.2	3
0.9657	0.0103	0.024	1.4	4.5	7.5	1
0.0009	0.9702	0.0289	2.2	3.2	3.4	2
0.9531	0.0078	0.039	1.62	3.75	5.5	1
0.2546	0.076	0.6695	2	3.4	3.75	1
0.9422	0.0038	0.0541	2	3.4	3.75	1
0.9152	0.0045	0.0804	2.3	3.3	3.1	1
0.872	0.0097	0.1184	1.83	3.5	4.2	1
0.4612	0.452	0.0868	2.2	3.2	3.4	1
0.8996	0.0154	0.085	1.44	4.2	7	1
0.6726	0.2005	0.1269	2.5	3.3	2.75	1
0.6222	0.0035	0.3743	1.4	4.5	7.5	3
0.2694	0.0219	0.7086	1.95	3.4	3.9	1
0.9839	0.0014	0.0148	1.1	8.5	26	1
0.787	0.0498	0.1633	2.1	3.4	3.4	1
0.7988	0.0064	0.1948	1.73	3.5	5	3
0.0353	0.7534	0.2113	1.91	3.5	3.9	2
0.0033	0.0084	0.9883	12	5.5	1.25	3
0.4321	0.5543	0.0136	1.4	4.5	7.5	2
0.2238	0.0139	0.7623	12	5.5	1.25	3
0.1346	0.819	0.0463	2.05	3.25	3.75	2
0.0592	0.0017	0.9391	2.8	3.25	2.5	3
0.5658	0.0061	0.4281	3.1	3.25	2.3	3
0.9798	0.0143	0.0059	1.53	3.8	6.5	1
0.2183	0.527	0.2548	2.5	3.2	2.8	3
0.148	0.0057	0.8463	3.25	3.5	2.1	3
0.0413	0.9025	0.0562	2	3.4	3.75	2
0.9669	0.0018	0.0313	1.2	6.5	13	1
0.0701	0.9114	0.0185	1.91	3.4	4	2
0.1935	0.0032	0.8032	1.67	3.5	5.5	3
0.99	0.0069	0.0031	1.06	11	29	1
0.971	0.0257	0.0033	1.62	3.75	5.5	1
0.4585	0.4389	0.1026	2.2	3.3	3.25	3
0.8791	0.079	0.0419	1.62	3.75	5.5	1
0.1936	0.7569	0.0495	1.44	4.33	7	2
0.0648	0.0343	0.9009	10	5.25	1.29	3
0.326	0.5278	0.1462	1.83	3.4	4.5	1
0.8361	0.0379	0.126	1.44	4.33	7	1
0.6243	0.0002	0.3755	2.2	3.4	3.2	1
0.0039	0.0529	0.9433	13	6.5	1.2	3
0.1711	0.561	0.2679	2.25	3.4	3.1	2
0.0374	0.0048	0.9577	2.8	3.25	2.5	3
0.3928	0.5991	0.0081	1.73	3.6	4.75	1
0.0194	0.0108	0.9698	4.33	3.4	1.85	3
0.8608	0.0338	0.1054	1.73	3.4	4.5	1
0.2243	0.2282	0.5475	2.25	3.25	3.2	2
0.9872	0.0092	0.0036	1.29	5.5	10	1
0.4168	0.581	0.0022	1.91	3.4	4	2
0.6802	0.0153	0.3045	2.9	3.25	2.4	1
0.887	0.0059	0.1072	1.67	3.6	5.25	1
0.8647	0.0218	0.1135	1.8	3.25	5	3
0.1134	0.0041	0.8824	1.73	3.5	5	3
0.0869	0.1244	0.7886	2.2	3.3	3.25	1
0.9123	0.0305	0.0572	1.53	3.8	6.5	1
0.8235	0.0316	0.145	1.91	3.4	4	1
0.0081	0.4307	0.5612	10	6	1.25	2
0.9955	0.0015	0.003	1.08	10	23	1
0.9169	0.0802	0.0028	1.44	4.2	7.5	1
0.2921	0.1089	0.599	1.83	3.5	4.33	1
0.9915	0.0078	0.0006	1.07	11	23	1
0.9915	0.0013	0.0073	1.4	4.5	7.5	1
0.9824	0.0135	0.004	1.44	4.33	7	1
0.679	0.2527	0.0683	2.2	3.2	3.4	1
0.0797	0.0055	0.9148	2.1	3.3	3.5	3
0.982	0.0046	0.0134	1.17	7	15	1
0.2239	0.0048	0.7713	2.9	3.3	2.38	1
0.9003	0.0023	0.0974	1.5	4.1	6.5	1
0.9311	0.0123	0.0565	2	3.4	3.75	1
0.9223	0.0045	0.0732	1.73	3.6	4.75	1
0.029	0.0022	0.9687	15	7	1.17	3
0.1355	0.4945	0.37	3.5	3.3	2.1	2
0.5342	0.0266	0.4392	2.8	3.25	2.5	1
0.083	0.6417	0.2753	1.83	3.5	4.33	3
0.2752	0.0171	0.7076	1.8	3.25	5	3
0.8785	0.033	0.0885	2	3.4	3.75	1
0.4796	0.0182	0.5022	1.83	3.5	4.33	3
0.4573	0.0152	0.5275	2.5	3.25	2.8	3
0.0786	0.0589	0.8625	9	5	1.33	1
0.0537	0.8518	0.0945	3.5	3.3	2.1	2
0.7022	0.074	0.2239	2.5	3.3	2.75	1
0.6226	0.3005	0.0769	1.67	3.5	5.5	1
0.9861	0.0024	0.0115	1.14	7.5	17	1
0.7986	0.0113	0.1901	1.83	3.5	4.33	1
0.3716	0.5665	0.0619	2.1	3.3	3.5	2
0.8669	0.0084	0.1247	1.25	5.25	13	3
0.0345	0.9637	0.0018	2	3.3	3.75	2
0.9882	0.0051	0.0068	1.17	6.5	19	1
0.751	0.2175	0.0316	1.53	4	6	2
0.9848	0.0085	0.0067	1.44	4.2	7.5	1
0.0301	0.0509	0.919	2.1	3.4	3.4	3
0.359	0.6209	0.0201	3	3.4	2.3	1
0.0066	0.2699	0.7235	15	8	1.14	2
0.0419	0.0059	0.9522	7	4.33	1.44	3
0.5943	0.2364	0.1693	2	3.4	3.75	1
0.5471	0.0487	0.4042	3.5	3.3	2.1	1
0.8125	0.0021	0.1854	2.3	3.3	3.1	1
0.0911	0.6092	0.2997	2.1	3.4	3.4	2
0.9215	0.001	0.0774	2.1	3.25	3.6	1
0.1969	0.0267	0.7764	2.1	3.4	3.4	1
0.9872	0.0045	0.0083	1.14	7.5	17	1
0.1224	0.876	0.0016	1.44	4.33	7	2
0.6009	0.0104	0.3888	2.88	3.3	2.4	3
0.4348	0.5239	0.0413	2.05	3.3	3.6	2
0.9257	0.0728	0.0015	1.13	7.5	21	1
0.0877	0.0323	0.88	1.8	3.5	4.5	3
0.8523	0.1313	0.0164	2.2	3.3	3.25	1
0.8349	0.0047	0.1603	1.57	3.8	6	1
0.2828	0.3458	0.3714	1.5	4.1	6.5	2
0.9428	0.0143	0.043	2.05	3.3	3.6	1
0.4445	0.2402	0.3153	2.1	3.4	3.4	2
0.9395	0.0036	0.0569	1.95	3.3	4	1
0.068	0.6732	0.2588	7.5	4.5	1.4	2
0.003	0.0127	0.9843	8.5	5	1.33	3
0.0174	0.9763	0.0064	1.91	3.4	4	2
0.0496	0.0086	0.9418	2.3	3.3	3.1	3
0.3975	0.5468	0.0558	2.3	3.3	3.1	2
0.7354	0.0017	0.263	2.4	3.2	3	1
0.1682	0.8286	0.0032	2.8	3.25	2.5	2
0.8978	0.0447	0.0575	1.85	3.4	4.33	1
0.6102	0.0361	0.3537	2.1	3.3	3.5	3
0.8432	0.027	0.1297	1.57	4	5.5	1
0.0768	0.1781	0.7451	2.7	3.25	2.6	2
0.0408	0.9567	0.0025	1.95	3.3	4	2
0.4108	0.0952	0.4941	1.91	3.4	4	2
0.01	0.4187	0.5713	5.5	4	1.57	3
0.9204	0.0766	0.003	1.5	4	7	1
0.8574	0.0576	0.085	2.6	3.25	2.7	1
0.0069	0.9132	0.0799	2.38	3.25	3	2
0.9689	0.02	0.011	1.14	7.5	17	1
0.8684	0.0237	0.1079	2.1	3.4	3.4	1
0.9783	0.0151	0.0066	1.1	9	21	1
0.0082	0.0037	0.9881	2.7	3.2	2.6	3
0.3894	0.012	0.5986	2.4	3.3	2.9	1
0.0378	0.0282	0.934	2	3.4	3.75	3
0.8692	0.0214	0.1094	2.38	3.2	3	1
0.1168	0.1163	0.7669	2	3.3	3.75	3
0.1775	0.481	0.3414	8	4.75	1.36	3
0.5238	0.4723	0.0039	2.3	3.25	3.1	1
0.5816	0.0449	0.3734	2.2	3.25	3.25	1
0.0097	0.9857	0.0046	3.25	3.4	2.15	2
0.9986	0.0013	0.0001	1.14	7.5	17	1
0.1088	0.1162	0.775	2.9	3.25	2.4	1
0.5926	0.0113	0.3961	2	3.3	3.8	1
0.6905	0.2511	0.0584	2.25	3.2	3.25	2
0.2058	0.5588	0.2353	2	3.3	3.8	1
0.0159	0.815	0.1691	7.5	4.5	1.4	2
0.4481	0.0372	0.5147	2	3.4	3.75	3
0.0165	0.9604	0.023	1.6	3.8	5.75	2
0.124	0.6417	0.2343	2.3	3.25	2.8	2
0.0012	0.1684	0.8304	5.25	4	1.62	3
0.8812	0.1175	0.0012	1.13	8.5	17	1
0.5916	0.0167	0.3917	1.95	3.4	3.8	1
0.1724	0.0017	0.826	2.3	3.4	3	3
0.0049	0.0042	0.9909	2.15	3.25	3.4	3
0.3442	0.275	0.3807	2.1	3.4	3.4	3
0.789	0.0024	0.2086	2	3.4	3.75	1
0.7565	0.2013	0.0422	2	3.5	3.6	1
0.9306	0.0342	0.0352	1.91	3.4	4	1
0.1814	0.1286	0.69	1.95	3.5	3.7	3
0.0098	0.019	0.9712	2.8	3.25	2.5	3
0.3726	0.4678	0.1596	1.14	7.5	17	3
0.0022	0.4705	0.5272	5.5	3.8	1.62	3
0.0947	0.1324	0.773	1.91	3.4	4	3
0.2632	0.6771	0.0597	2.3	3.2	3.1	1
0.9716	0.0114	0.017	2.3	3.25	3.1	1
0.2203	0.287	0.4927	2.5	3.25	2.8	3
0.6758	0.2459	0.0782	1.53	4	6	1
0.1232	0.0032	0.8736	1.83	3.5	4.33	3
0.1786	0.5664	0.2549	2.9	3.3	2.4	3
0.0019	0.0093	0.9889	4.5	3.75	1.73	3
0.9759	0.0198	0.0042	1.11	8.5	21	1
0.271	0.3598	0.3692	2.6	3.2	2.75	2
0.9404	0.0107	0.049	1.53	4	6	1
0.1202	0.7836	0.0962	2.1	3.25	3.6	2
0.0154	0.9812	0.0034	1.75	3.5	4.75	2
0.0502	0.7638	0.186	1.91	3.4	4	2
0.9657	0.0188	0.0154	2	3.4	3.75	1
0.9078	0.0581	0.0341	1.91	3.4	4	1
0.7297	0.2565	0.0138	2.1	3.3	3.5	1
0.0061	0.0514	0.9425	3.8	3.4	2	3
0.5583	0.3504	0.0913	2.88	3.3	2.4	1
0.7108	0.1779	0.1114	1.91	3.4	4	1
0.0085	0.6727	0.3188	2.75	3.6	2.38	2
0.5326	0.2774	0.19	2.7	3.25	2.6	2
0.5751	0.1996	0.2253	2.1	3.25	3.5	1
0.9477	0.0046	0.0476	2.1	3.25	3.5	1
0.321	0.1422	0.5368	2.4	3.25	2.9	3
0.9055	0.0341	0.0603	2.1	3.25	3.5	1
0.8164	0.1682	0.0154	1.57	4	5.5	1
0.9153	0.0047	0.0799	1.62	3.75	5.5	1
0.97	0.0142	0.0158	1.2	6	15	1
0.0272	0.0431	0.9297	2.38	3.5	2.8	3
0.8738	0.0742	0.052	1.44	4.5	6.5	1
0.4346	0.4287	0.1367	2	3.4	3.75	1
0.7054	0.0203	0.2743	2	3.4	3.75	1
0.215	0.3648	0.4201	2.3	3.3	3.1	3
0.9009	0.0161	0.083	1.95	3.5	3.75	1
0.9332	0.0235	0.0433	2	3.4	3.75	1
0.906	0.018	0.0759	1.8	3.5	4.5	1
0.0946	0.016	0.8894	3.3	3.4	2.15	3
0.8711	0.0562	0.0728	1.3	5.5	9	3
0.0517	0.0479	0.9004	7.5	4.5	1.4	1
0.0809	0.0283	0.8909	4	3.8	1.8	3
0.0194	0.9802	0.0004	2.1	3.1	3.75	2
0.9431	0.0034	0.0535	1.73	3.75	4.5	1
0.2424	0.0529	0.7047	2.9	3.3	2.4	1
0.6104	0.0282	0.3614	2.2	3.25	3.3	1
0.9108	0.0137	0.0754	1.8	3.5	4.75	1
0.8716	0.031	0.0974	2.75	3.25	2.5	1
0.9404	0.0129	0.0466	1.53	4	6	1
0.1116	0.0033	0.8851	1.57	4	5.5	3
0.6935	0.0701	0.2363	1.44	4.33	7	1
0.0066	0.1544	0.839	2.1	3.25	3.5	3
0.1741	0.0107	0.8152	3	3.5	2.25	3
0.2532	0.7459	0.0008	2.05	3.3	3.6	2
0.9923	0.0019	0.0058	1.44	4.33	7	1
0.8842	0.101	0.0148	1.17	7	15	1
0.2019	0.6081	0.19	2.6	3.25	2.7	2
0.3147	0.0097	0.6757	2.1	3.3	3.5	3
0.5979	0.01	0.3921	2.25	3.4	3.1	1
0.5721	0.3729	0.055	1.73	3.6	4.75	1
0.9753	0.0059	0.0188	1.2	6.5	13	1
0.2037	0.4479	0.3484	3.2	3.3	2.25	1
0.04	0.9021	0.0578	5.5	3.75	1.62	2
0.1417	0.3242	0.5341	2.9	3.3	2.4	2
0.0021	0.9445	0.0533	2.2	3.3	3.25	2
0.0074	0.9884	0.0042	11	5	1.3	2
0.5587	0.0893	0.3519	2.25	3.4	3.1	1
0.4802	0.0035	0.5163	2.1	3.4	3.4	1
0.2095	0.1754	0.6152	2.75	3.5	2.4	1
0.005	0.61	0.385	1.7	3.75	4.75	2
0.8812	0.0015	0.1173	1.29	5.5	9.5	1
0.2511	0.7428	0.0062	1.53	4.33	5.5	2
0.7708	0.0392	0.19	1.8	3.6	4.33	1
0.9843	0.0085	0.0072	1.53	4.33	5.5	1
0.6721	0.0127	0.3153	1.33	5	8.5	1
0.2459	0.6977	0.0565	1.65	3.4	6	2
0.0501	0.017	0.9329	4	3.8	1.8	3
0.8511	0.0446	0.1043	1.6	3.8	5.5	1
0.1261	0.2016	0.6723	3	3.5	2.25	3
0.0053	0.9821	0.0126	2.2	3.4	3.2	2
0.0687	0.0751	0.8562	1.44	4.2	6	3
0.322	0.2278	0.4502	5.5	4.33	1.53	3
0.0318	0.2139	0.7543	3.25	3.5	2.1	3
0.1678	0.3794	0.4528	2.5	2.75	3.3	3
0.7099	0.1283	0.1618	1.8	3	5.75	1
0.9827	0.007	0.0103	1.13	8.5	17	1
0.1451	0.0401	0.8148	3	3.5	2.25	3
0.5626	0.2765	0.161	2.38	3.25	3	2
0.7354	0.1423	0.1223	2.3	3.4	3	3
0.0306	0.0071	0.9623	2.05	3.25	3.75	3
0.877	0.0399	0.0831	1.4	4.33	8	1
0.0219	0.9733	0.0048	1.57	3.75	6	2
0.6848	0.2097	0.1055	1.53	3.8	6.5	2
0.048	0.9217	0.0303	1.8	3.5	4.5	2
0.6188	0.3386	0.0426	2	3.4	3.75	1
0.8268	0.0621	0.1111	2.1	3.4	3.4	1
0.0205	0.0108	0.9687	8.5	5	1.33	3
0.764	0.1956	0.0403	1.25	5.75	11	1
0.9708	0.023	0.0062	1.08	10	26	1
0.1333	0.8276	0.0391	15	7	1.17	2
0.6737	0.083	0.2433	1.91	3.6	3.75	1
0.2224	0.0706	0.707	2.1	3.4	3.4	2
0.8841	0.0902	0.0257	1.91	3.4	4	1
0.5711	0.0893	0.3396	2.4	3.3	2.9	1
0.6839	0.0121	0.304	1.91	3.4	4	1
0.0163	0.8922	0.0914	2.1	3.3	3.5	2
0.3319	0.3558	0.3123	2.2	3.2	3.4	2
0.8188	0.1719	0.0093	1.4	4.33	8.5	1
0.7961	0.1395	0.0644	1.08	10	26	1
0.389	0.0747	0.5363	3.3	3.3	2.2	1
0.043	0.0754	0.8816	3.1	3.4	2.25	3
0.9885	0.0032	0.0083	1.53	4	6	1
0.0134	0.3786	0.608	3.3	3.3	2.2	3
0.4517	0.25	0.2983	2	3.4	3.75	3
0.8464	0.0783	0.0753	1.44	4.2	7.5	1
0.0018	0.6451	0.353	1.95	3.5	3.8	3
0.4791	0.052	0.4689	13	6.5	1.2	1
0.9461	0.0116	0.0423	2.1	3.2	3.6	1
0.037	0.8928	0.0702	2.63	3.3	2.63	2
0.4652	0.4452	0.0897	2	3.4	3.75	1
0.9157	0.0645	0.0198	1.62	3.75	5.5	1
0.8599	0.0704	0.0698	1.4	4.5	7.5	1
0.9456	0.0441	0.0103	1.62	3.75	5.5	1
0.5248	0.149	0.3261	13	6.5	1.2	2
0.0392	0.9562	0.0045	7.5	4.5	1.4	2
0.025	0.9724	0.0027	2.1	3.25	3.5	3
0.6488	0.1125	0.2388	1.67	3.6	5.25	1
0.8279	0.1318	0.0403	2.1	3.25	3.5	1
0.1699	0.7055	0.1247	2.2	3.25	3.3	2
0.9076	0.0136	0.0788	1.2	6.5	13	1
0.914	0.0636	0.0225	1.1	9	21	1
0.8834	0.008	0.1086	2.3	3.25	3.1	1
0.0149	0.7078	0.2773	2.25	3.25	3.2	2
0.8199	0.1098	0.0702	2.2	3.25	3.3	1
0.4135	0.0052	0.5813	2.1	3.3	3.5	1
0.0257	0.4696	0.5047	2.05	3.3	3.6	2
0.176	0.7597	0.0643	3.2	3.4	2.2	2
0.5798	0.1076	0.3126	2.5	3.25	2.8	1
0.9747	0.0085	0.0168	1.57	4	5.5	1
0.0881	0.8773	0.0346	1.83	3.5	4.33	2
0.0039	0.8816	0.1144	2.2	3.3	3.25	2
0.43	0.5683	0.0017	1.33	4.5	11	1
0.4979	0.3437	0.1584	1.62	3.8	5.5	2
0.039	0.9004	0.0606	1.91	3.6	3.75	2
0.0651	0.5229	0.412	1.73	3.6	4.75	3
0.0079	0.0367	0.9554	10	6	1.25	3
0.0927	0.1469	0.7605	2.4	3.2	3	3
0.0017	0.2068	0.7915	13	7.5	1.17	3
0.9143	0.0853	0.0004	1.06	12	26	1
0.507	0.4777	0.0153	2.25	3.5	3	2
0.004	0.6031	0.3929	3.5	3.3	2.1	2
0.0776	0.3527	0.5697	3	3.4	2.3	2
0.9564	0.0149	0.0287	1.14	8	16	1
0.8009	0.0591	0.14	2.9	3.25	2.4	1
0.9404	0.003	0.0566	1.36	4.75	8.5	1
0.1879	0.3477	0.4645	2.2	3.2	3.4	3
0.9712	0.0015	0.0273	2	3.3	3.8	1
0.22	0.7526	0.0274	1.83	3.5	4.33	1
0.2304	0.7675	0.002	1.17	7.5	13	2
0.0171	0.0314	0.9515	7.5	4.5	1.4	3
0.1728	0.459	0.3683	2.5	3.2	2.88	3
0.0473	0.0916	0.8612	2	3.3	3.75	1
0.0473	0.9404	0.0123	1.44	4.2	7.5	2
0.0577	0.7962	0.1461	1.73	3.6	4.75	3
0.3216	0.6374	0.041	1.91	3.4	4	1
0.0231	0.9594	0.0174	2.3	3.2	3.2	2
0.6085	0.3675	0.024	1.67	3.75	5	2
0.295	0.2628	0.4422	1.91	3.3	4.2	3
0.0008	0.58	0.4192	23	9	1.1	3
0.5225	0.4739	0.0036	1.4	4.5	7.5	2
0.039	0.9596	0.0014	1.95	3.3	4	2
0.9587	0.02	0.0213	1.73	3.5	5	1
0.3798	0.0057	0.6145	2	3.3	3.8	3
0.9593	0.0115	0.0293	1.13	8	21	1
0.5819	0.3218	0.0963	2.9	3.3	2.4	1
0.0668	0.1055	0.8277	3.3	3.3	2.2	3
0.7078	0.0346	0.2576	2.38	3.4	2.88	1
0.74	0.0221	0.2379	2.2	3.3	3.3	1
0.795	0.2036	0.0014	1.06	11	34	1
0.0067	0.2186	0.7747	15	7	1.17	3
0.9149	0.0829	0.0022	1.44	4.33	7	1
0.1033	0.7769	0.1198	2	3.4	3.75	1
0.7905	0.1576	0.0519	1.4	4.5	8	1
0.9652	0.0054	0.0294	1.73	3.5	5	1
0.505	0.3559	0.1391	2.3	3.2	3.2	1
0.4191	0.312	0.2689	2.6	3.2	2.75	1
0.0251	0.9268	0.048	2.6	3.2	2.75	2
0.6205	0.374	0.0055	1.4	4.5	8	3
0.0089	0.6735	0.3176	2.63	3.25	2.63	2
0.5085	0.0197	0.4718	3	3.25	2.38	3
0.0012	0.9929	0.0059	3	3.2	2.38	2
0.0423	0.9394	0.0183	11	6.5	1.22	2
0.0453	0.9523	0.0024	1.85	3.4	4.33	2
0.7351	0.1639	0.101	3	3.25	2.38	1
0.0019	0.9583	0.0398	2.1	3.25	3.5	2
0.9827	0.0049	0.0124	1.06	11	29	1
0.927	0.0609	0.0121	1.91	3.4	4	1
0.0672	0.9243	0.0085	2.1	3.3	3.5	2
0.9833	0.0094	0.0073	1.06	12	26	1
0.197	0.0738	0.7292	6	4	1.53	3
0.9691	0.0168	0.0141	2	3.3	3.8	1
0.5574	0.1048	0.3378	1.57	4	5.5	1
0.0251	0.9481	0.0267	1.91	3.4	4	2
0.1719	0.3507	0.4774	1.91	3.5	4	3
0.0645	0.2266	0.7089	2.25	3.25	3.2	2
0.6303	0.2138	0.1559	2.2	3.2	3.4	1
0.0069	0.4389	0.5542	3.2	3.2	2.25	3
0.0086	0.9511	0.0403	13	6.5	1.2	1
0.9922	0.0055	0.0024	1.17	6.5	17	1
0.0481	0.0893	0.8626	3.4	3.4	2.1	3
0.2444	0.7429	0.0127	1.44	4.2	7.5	3
0.0529	0.1014	0.8457	2	3.4	3.75	3
0.6969	0.0132	0.2899	1.83	3.5	4.33	3
0.7037	0.2857	0.0106	1.83	3.5	4.33	1
0.084	0.9131	0.0028	1.83	3.4	4.5	1
0.0676	0.9011	0.0314	2.9	3.25	2.4	3
0.5386	0.3862	0.0752	1.73	3.5	5	1
0.1678	0.8232	0.009	1.06	11	29	1
0.7756	0.2209	0.0035	1.1	8.5	26	1
0.2369	0.4498	0.3133	2.75	3.2	2.6	1
0.0381	0.0164	0.9455	13	6	1.22	3
0.9001	0.0236	0.0763	1.5	4	7	1
0.1718	0.8228	0.0053	1.57	4	5.5	1
0.0089	0.8457	0.1455	2.1	3.25	3.5	1
0.0182	0.9795	0.0023	2.75	3.3	2.5	2
0.9612	0.0209	0.0179	2.1	3.25	3.6	1
0.6565	0.0845	0.259	3	3.2	2.4	1
0.7191	0.0749	0.2061	1.62	3.8	5.5	1
0.0017	0.8598	0.1385	2.25	3.1	3.4	2
0.0191	0.01	0.971	3.2	3.25	2.25	1
0.7864	0.0479	0.1657	2.8	3.3	2.5	1
0.2823	0.0821	0.6356	2.4	3.5	2.8	3
0.2369	0.7559	0.0072	1.4	4.5	8	2
0.4036	0.0268	0.5696	2.8	3.25	2.5	1
0.3574	0.5716	0.071	1.73	3.5	5	1
0.0633	0.7333	0.2034	1.62	3.75	5.5	2
0.4047	0.0189	0.5764	2	3.2	4	3
0.4496	0.4751	0.0753	1.8	3.5	4.5	2
0.0495	0.3776	0.5728	2.1	3.25	3.6	3
0.8729	0.1183	0.0088	1.4	4.33	8.5	1
0.717	0.1248	0.1582	2.1	3.4	3.4	3
0.131	0.01	0.859	8	4.5	1.4	3
0.255	0.0681	0.677	2.2	3.25	3.25	3
0.513	0.0237	0.4633	1.5	4	6.5	3
0.1101	0.6642	0.2257	2.5	3.25	2.8	1
0.8716	0.1206	0.0078	2.1	3.4	3.4	1
0.2403	0.6851	0.0745	2.1	3.3	3.5	2
0.951	0.0467	0.0023	1.73	3.6	4.75	1
0.1677	0.6581	0.1742	1.91	3.4	4	2
0.8603	0.1003	0.0394	2.2	3.25	3.25	2
0.9487	0.0346	0.0167	1.06	11	29	1
0.8728	0.1164	0.0108	2	3.3	3.8	1
0.0019	0.949	0.0491	2.2	3.25	3.3	2
0.9496	0.0067	0.0437	1.91	3.5	4	1
0.022	0.9649	0.0131	13	6	1.22	2
0.0307	0.9664	0.0029	2.5	3.3	2.75	2
0.2296	0.3721	0.3983	3	3.25	2.38	1
0.1609	0.2074	0.6317	3	3.4	2.3	2
0.0393	0.8505	0.1102	2.25	3.2	3.25	3
0.0082	0.042	0.9499	11	5	1.29	3
0.3746	0.2106	0.4149	1.8	3.5	4.5	2
0.9331	0.0188	0.0481	1.4	4.5	8	3
0.021	0.7313	0.2478	2.6	3.2	2.75	2
0.9573	0.0395	0.0032	1.62	3.75	5.5	1
0.8071	0.0057	0.1872	1.67	3.75	5	1
0.9714	0.025	0.0036	1.07	11	26	1
0.1044	0.3682	0.5275	1.73	3.5	5	3
0.7543	0.1397	0.1059	3.1	3.25	2.3	1
0.2737	0.674	0.0523	2.5	3.3	2.75	2
0.1766	0.7912	0.0322	1.73	3.5	5	1
0.5496	0.0571	0.3933	2.5	3.2	2.8	3
0.3128	0.1601	0.527	2.9	3.3	2.4	3
0.4135	0.5256	0.0609	1.83	3.4	4.5	2
0.1173	0.2875	0.5952	9.5	5.5	1.29	3
0.0663	0.7722	0.1615	3.25	3.25	2.25	2
0.9262	0.0077	0.0662	1.2	6.5	15	1
0.1528	0.1376	0.7096	2	3.4	3.75	3
0.796	0.1663	0.0377	1.83	3.5	4.33	1
0.2247	0.3846	0.3906	1.91	3.4	4	1
0.9825	0.0083	0.0093	1.07	11	26	1
0.0014	0.2584	0.7401	3	3.2	2.38	3
0.0203	0.9449	0.0348	12	6	1.22	2
0.4705	0.0037	0.5258	1.62	3.75	5.5	3
0.0398	0.4017	0.5585	2.4	3.3	2.88	3
0.4199	0.3536	0.2265	2.2	3.3	3.3	1
0.0973	0.8461	0.0566	3.25	3.3	2.2	2
0.9861	0.0076	0.0063	2	3.4	3.75	1
0.275	0.0997	0.6253	3.1	3.3	2.3	3
0.0219	0.8906	0.0875	1.73	3.5	5	2
0.8991	0.0865	0.0144	1.07	11	26	1
0.3168	0.0017	0.6815	9	5	1.33	3
0.013	0.9818	0.0052	2.3	3.2	3.2	2
0.7104	0.0075	0.2821	2.2	3.2	3.4	1
0.053	0.9282	0.0188	2	3.4	3.75	2
0.7381	0.0089	0.2529	1.83	3.5	4.33	3
0.2536	0.34	0.4064	2.25	3.25	3.25	2
0.0018	0.5242	0.4739	2.38	3.2	3	3
0.8002	0.0033	0.1966	3	3.2	2.4	1
0.5015	0.1769	0.3216	2.8	3.2	2.5	1
0.2373	0.5515	0.2112	9.5	5	1.33	1
0.007	0.7375	0.2555	3.75	3.4	2	2
0.4821	0.1035	0.4144	1.62	3.75	5.5	3
0.7049	0.2048	0.0903	1.73	3.5	5	1
0.9371	0.0028	0.0601	1.08	10	26	1
0.9642	0.0106	0.0252	1.36	4.5	9	1
0.845	0.0029	0.1521	2.5	3.2	2.8	1
0.7211	0.1038	0.1751	1.57	3.75	6	1
0.9048	0.0566	0.0386	2.8	3.25	2.5	1
0.0011	0.9473	0.0516	2	3.3	3.75	2
0.9601	0.0125	0.0275	1.08	9.5	26	1
0.2497	0.6815	0.0688	1.62	3.75	5.5	1
0.4598	0.5137	0.0265	1.83	3.6	4.2	1
0.5879	0.3954	0.0168	1.25	5.75	11	1
0.7013	0.0352	0.2635	2.3	3.2	3.2	1
0.1355	0.1622	0.7023	2.3	3.2	3.2	3
0.7805	0.0041	0.2154	2.25	3.25	3.2	1
0.0633	0.5048	0.4319	4	3.4	1.91	2
0.0127	0.0132	0.9741	2.6	3.2	2.75	3
0.0284	0.964	0.0076	2	3.4	3.75	2
0.5839	0.0304	0.3858	1.73	3.5	5	3
0.8191	0.1431	0.0378	1.44	4.2	7.5	1
0.2914	0.7072	0.0014	2.05	3.25	3.75	2
0.2934	0.1991	0.5075	7	4.33	1.44	3
0.9359	0.0407	0.0234	1.91	3.3	4.2	1
0.9558	0.0359	0.0084	2.1	3.25	3.5	1
0.4189	0.0028	0.5783	1.75	3.5	4.75	3
0.0129	0.0015	0.9857	8	4.75	1.36	3
0.1483	0.8374	0.0143	2.25	3.25	3.2	2
0.9905	0.0044	0.0051	1.08	11	26	1
0.614	0.036	0.35	2.4	3.2	3	3
0.0883	0.8954	0.0163	1.91	3.3	4.2	2
0.2854	0.5619	0.1526	2.38	3.25	3	2
0.7382	0.2572	0.0046	1.83	3.4	4.5	1
0.8874	0.0999	0.0128	1.62	3.6	6	1
0.038	0.0185	0.9435	3.5	3.3	2.1	3
0.8819	0.0996	0.0185	1.13	8	21	1
0.7012	0.0027	0.2961	3.1	3.25	2.3	1
0.742	0.091	0.167	2.5	3.2	2.88	1
0.0202	0.0575	0.9222	7	4.33	1.44	3
0.9803	0.001	0.0187	1.53	3.8	6.5	1
0.9645	0.0032	0.0324	1.73	3.6	4.75	1
0.7982	0.0215	0.1803	3.25	3.3	2.2	1
0.825	0.1708	0.0042	1.33	4.75	10	1
0.9804	0.0009	0.0187	2.1	3.4	3.4	1
0.3597	0.0399	0.6005	2.8	3.25	2.5	1
0.014	0.5881	0.3979	13	6	1.22	3
0.4331	0.2152	0.3516	1.5	4	7	2
0.3515	0.2193	0.4292	1.91	3.4	4	3
0.6643	0.3006	0.0351	1.95	3.3	4	1
0.533	0.0015	0.4655	2	3.3	3.8	1
0.0088	0.2938	0.6974	8.5	4.75	1.36	3
0.9724	0.0017	0.0259	2.2	3.3	3.3	1
0.016	0.9604	0.0236	2.5	3.2	2.88	2
0.1201	0.0793	0.8006	2.25	3.4	3.1	3
0.6329	0.0105	0.3566	2.4	3.2	3	1
0.4803	0.4105	0.1092	3	3.25	2.38	1
0.8274	0.1544	0.0182	1.17	7.5	14	2
0.664	0.0062	0.3297	1.67	3.75	5	1
0.9963	0.0022	0.0016	1.05	13	34	1
0.2761	0.5909	0.1329	2.2	3.2	3.4	2
0.7207	0.0125	0.2667	1.8	3.5	4.5	1
0.1554	0.0024	0.8422	2	3.4	3.75	3
0.1903	0.0563	0.7534	2.38	3.25	3	3
0.9336	0.0086	0.0578	1.29	5	11	3
0.0103	0.3015	0.6882	8.5	4.75	1.36	2
0.0082	0.9899	0.0019	1.91	3.4	4	2
0.9468	0.0027	0.0505	1.67	3.75	5	1
0.103	0.3878	0.5092	3.2	3.25	2.25	3
0.3707	0.0253	0.604	2.8	3.25	2.5	1
0.3552	0.0077	0.6371	13	6	1.22	3
0.9302	0.0678	0.002	1.13	8	21	1
0.0878	0.9058	0.0063	1.36	4.5	9	2
0.0768	0.9152	0.0081	1.67	3.75	5	2
0.1372	0.0015	0.8614	2.38	3.25	3	3
0.0986	0.1616	0.7399	2.1	3.3	3.5	3
0.0185	0.0006	0.9809	2.1	3.4	3.4	3
0.7883	0.0896	0.1221	4.5	3.5	1.8	1
0.5991	0.0025	0.3984	3	3.25	2.38	3
0.9671	0.0206	0.0123	1.11	9	21	1
0.9175	0.0234	0.059	1.67	3.8	5	3
0.0807	0.0588	0.8605	8	4.5	1.4	3
0.0179	0.5663	0.4158	2.1	3.3	3.5	3
0.0153	0.3522	0.6325	2.1	3.3	3.5	3
0.8421	0.1205	0.0374	1.62	3.8	5.5	1
0.776	0.0021	0.2219	2.1	3.3	3.5	1
0.0404	0.6741	0.2855	1.62	3.8	5.5	2
0.0054	0.9916	0.003	2	3.4	3.75	2
0.7106	0.0695	0.22	1.73	3.6	4.75	1
0.6322	0.2239	0.144	2.1	3.3	3.5	1
0.7472	0.1661	0.0867	1.91	3.4	4	2
0.8546	0.0715	0.0739	1.73	3.5	5	1
0.5819	0.2546	0.1635	2.05	3.4	3.6	1
0.0083	0.0048	0.9869	19	7.5	1.14	3
0.4545	0.0134	0.532	2.25	3.25	3.2	1
0.8476	0.005	0.1474	3	3.4	2.3	1
0.0832	0.9163	0.0005	1.83	3.5	4.33	2
0.387	0.5881	0.0248	1.2	6.5	13	2
0.9851	0.0064	0.0085	1.4	4.5	8	1
0.9648	0.0248	0.0104	1.06	13	26	1
0.4864	0.125	0.3886	2.5	3.25	2.8	1
0.2324	0.37	0.3976	2.25	3.4	3.1	2
0.0045	0.0063	0.9892	5.5	4	1.57	3
0.3944	0.5825	0.0231	2.63	3.4	2.6	2
0.2045	0.589	0.2065	2.6	3.2	2.75	1
0.8941	0.0086	0.0973	1.5	4.2	6.5	1
0.0139	0.0089	0.9772	2.7	3.2	2.63	3
0.8513	0.0019	0.1467	1.44	4.33	7	1
0.1604	0.8007	0.0389	2.5	3.3	2.8	1
0.0068	0.0053	0.988	15	6	1.2	3
0.7978	0.1975	0.0047	1.06	11	29	1
0.3209	0.1052	0.5739	1.67	3.8	5	1
0.3908	0.3914	0.2178	1.91	3.5	4	1
0.3289	0.0789	0.5922	2.88	3.4	2.38	1
0.4351	0.3858	0.1791	1.5	4.2	6.5	2
0.0703	0.0071	0.9226	2.8	3.4	2.4	3
0.1543	0.8429	0.0028	1.5	4	7	2
0.9423	0.0137	0.044	2.1	3.4	3.4	1
0.8957	0.0044	0.1	2.6	3.3	2.63	1
0.632	0.0078	0.3603	1.62	4	5	3
0.8765	0.0678	0.0557	1.8	3.6	4.33	1
0.4939	0.4348	0.0713	1.57	3.8	6	2
0.9192	0.0025	0.0784	2.3	3.4	3	1
0.6909	0.0204	0.2887	1.57	3.75	6	1
0.5112	0.0173	0.4715	2.25	3.25	3.2	1
0.089	0.0322	0.8788	3.6	3.5	2	3
0.2156	0.5675	0.217	2.25	3.25	3.2	2
0.8821	0.0381	0.0798	1.62	3.75	5.5	1
0.0182	0.9408	0.041	3.1	3.3	2.3	2
0.2557	0.0402	0.704	1.67	3.75	5	3
0.5649	0.0017	0.4334	1.91	3.4	4	3
0.645	0.0036	0.3514	1.83	3.5	4.33	1
0.4971	0.5001	0.0027	1.5	4	6.5	1
0.0031	0.9924	0.0045	1.8	3.5	4.5	2
0.3197	0.5643	0.116	3.2	3.3	2.25	2
0.7909	0.0622	0.1469	2.2	3.4	3.2	1
0.9159	0.0756	0.0085	1.22	6	13	1
0.0017	0.0006	0.9977	9	5	1.33	3
0.9045	0.0621	0.0334	3.2	3.4	2.2	1
0.5733	0.4236	0.0031	1.4	4.5	8	2
0.9159	0.0155	0.0686	1.83	3.5	3.75	1
0.0298	0.0048	0.9654	2.4	3.4	2.8	3
0.0684	0.0126	0.9189	6	4	1.53	3
0.48	0.4947	0.0253	1.4	4.5	7.5	2
0.978	0.0084	0.0136	1.2	6	15	1
0.9682	0.0093	0.0225	1.85	3.5	4.2	1
0.3561	0.1132	0.5307	1.73	3.6	4.75	3
0.86	0.091	0.049	1.44	4	8	1
0.8978	0.0807	0.0214	2.25	3.4	3.1	1
0.0841	0.9096	0.0063	1.8	3.5	4.5	2
0.9192	0.0242	0.0566	2	3.5	3.6	1
0.9735	0.0237	0.0028	1.13	8	19	1
0.0038	0.007	0.9892	7.5	5	1.36	3
0.5232	0.4751	0.0017	1.91	3.4	4	1
0.4079	0.5892	0.0029	1.8	3.5	4.5	1
0.9207	0.0081	0.0713	1.7	3.6	5	1
0.2528	0.0009	0.7463	2.3	3.25	3.1	1
0.4342	0.1013	0.4646	1.57	4.2	4.5	1
0.671	0.3117	0.0173	1.33	5	9	1
0.0102	0.8698	0.12	7.5	5.5	1.33	2
0.5519	0.2544	0.1937	2.7	3.4	2.5	1
0.1183	0.5553	0.3264	2.8	3.5	2.38	2
0.0184	0.0573	0.9243	5.5	4	1.57	3
0.47	0.0019	0.5281	1.57	4	5.5	1
0.7093	0.0991	0.1916	1.3	5.5	9	1
0.9619	0.0312	0.0069	1.2	7	11	1
0.2964	0.0239	0.6797	6	4	1.53	3
0.9687	0.0045	0.0268	1.83	3.5	4.33	1
0.1711	0.2905	0.5384	2.3	3.4	3	3
0.4683	0.0014	0.5303	2.25	3.25	3.2	3
0.9367	0.0169	0.0463	2	3.3	3.8	1
0.3663	0.028	0.6057	1.62	3.75	5.5	1
0.0537	0.0632	0.8831	1.83	3.5	4.2	3
0.946	0.0427	0.0113	1.1	9	26	1
0.2375	0.1193	0.6432	3.2	3.4	2.2	2
0.2237	0.7606	0.0157	1.25	6	10	2
0.8935	0.042	0.0646	2	3.4	3.75	1
0.9856	0.0032	0.0112	2.2	3.3	3.3	1
0.0487	0.0039	0.9475	2.15	3.3	3.4	3
0.3158	0.0268	0.6574	1.7	3.6	5	3
0.071	0.0241	0.905	1.67	3.6	5.25	3
0.0454	0.9095	0.0451	1.91	3.5	4	2
0.7234	0.2432	0.0334	2	3.4	3.75	1
0.3159	0.005	0.6791	9.5	5.5	1.29	1
0.3026	0.6697	0.0277	3	3.25	2.38	2
0.0707	0.0294	0.8999	12	6	1.22	3
0.0975	0.9008	0.0017	1.44	4.2	7.5	2
0.7778	0.0081	0.214	1.6	4	5.5	1
0.9704	0.0137	0.0159	2.05	3.4	3.5	1
0.9742	0.0012	0.0246	2	3.3	3.75	1
0.1583	0.8227	0.0191	2.2	3.2	3.4	2
0.9191	0.0097	0.0712	2.1	3.2	3.6	1
0.4513	0.0272	0.5215	2.7	3.25	2.6	3
0.8983	0.0171	0.0846	2	3.4	3.75	1
0.971	0.0249	0.0041	1.22	6	13	1
0.8981	0.0853	0.0166	2.2	3.2	3.4	1
0.9917	0.0077	0.0006	1.08	10	23	1
0.2065	0.7832	0.0104	2.8	3.25	2.5	2
0.0238	0.0492	0.927	11	6	1.25	3
0.9033	0.0492	0.0475	1.7	3.6	5	1
0.1279	0.0152	0.8569	5	4	1.62	1
0.8312	0.0143	0.1545	1.44	4.33	7	1
0.4574	0.3623	0.1803	1.33	5	9	1
0.1027	0.8417	0.0556	2.2	3.4	3.2	2
0.0071	0.9762	0.0168	2.3	3.2	3.2	2
0.0094	0.9236	0.067	2.2	3.25	3.25	2
0.5702	0.0194	0.4104	1.8	3.5	4.5	1
0.0087	0.0877	0.9037	2.1	3.3	3.5	3
0.9942	0.0049	0.0009	1.05	12	34	1
0.5775	0.0933	0.3292	1.95	3.5	3.75	1
0.957	0.0249	0.0181	2	3.4	3.75	1
0.8921	0.0041	0.1038	2.25	3.25	3.2	1
0.0071	0.8575	0.1354	2.2	3.4	3.2	2
0.6921	0.3045	0.0035	1.3	5.25	10	1
0.9125	0.0435	0.044	2.1	3.4	3.4	1
0.9135	0.0363	0.0502	2.8	3.25	2.5	1
0.0092	0.8028	0.1879	2.6	3.3	2.63	3
0.0195	0.003	0.9775	9	5.5	1.3	3
0.0086	0.5884	0.4029	3.1	3.3	2.3	3
0.8565	0.0781	0.0654	1.7	3.75	4.75	1
0.0345	0.0257	0.9398	6	4.33	1.5	3
0.8747	0.0088	0.1165	2.3	3.4	3	1
0.8391	0.0267	0.1341	1.36	4.75	8.5	1
0.0049	0.1482	0.8469	3.6	3.5	2	3
0.1346	0.1993	0.6661	2.3	3.25	3.1	1
0.5875	0.0446	0.3679	1.95	3.3	4	1
0.373	0.6255	0.0015	1.13	8	21	1
0.7246	0.0268	0.2486	1.83	3.5	4.33	1
0.4573	0.0738	0.469	2.1	3.25	3.6	1
0.7072	0.023	0.2698	2.63	3.3	2.63	1
0.8452	0.1243	0.0305	1.95	3.3	4	1
0.674	0.272	0.054	1.91	3.5	4	2
0.1771	0.821	0.0019	2.3	3.3	3.1	1
0.7743	0.1757	0.05	2.3	3.3	3.1	3
0.8403	0.0945	0.0652	1.83	3.5	4.33	1
0.8425	0.0141	0.1434	1.73	3.75	4.5	1
0.6584	0.2593	0.0823	1.83	4	3.75	2
0.5939	0.0969	0.3092	3.5	3.3	2.1	1
0.4748	0.0198	0.5054	1.83	3.5	4.33	3
0.0005	0.0512	0.9484	10	5	1.3	3
0.8828	0.0964	0.0208	1.53	3.8	6.5	1
0.9082	0.0158	0.076	1.1	9	23	1
0.915	0.0113	0.0738	1.62	3.8	5.5	1
0.9394	0.009	0.0516	1.91	3.4	4	1
0.25	0.0083	0.7418	1.83	3.5	4.2	3
0.1484	0.0213	0.8303	1.91	3.4	4	3
0.3688	0.3999	0.2313	2	3.4	3.75	2
0.0102	0.016	0.9737	3.4	3.4	2.1	3
0.8081	0.1276	0.0642	1.62	3.8	5.5	1
0.8926	0.003	0.1044	2.9	3.3	2.4	1
0.5406	0.451	0.0084	1.91	3.5	4	2
0.1325	0.6437	0.2237	2.8	3.3	2.5	2
0.0207	0.0005	0.9788	11	6	1.25	3
0.0541	0.3401	0.6058	1.85	3.5	4.2	3
0.9844	0.0077	0.0078	1.3	5	11	1
0.8994	0.0041	0.0966	2	3.4	3.75	1
0.1329	0.0134	0.8537	8	4.5	1.4	3
0.6259	0.0046	0.3695	3	3.25	2.38	1
0.1304	0.8505	0.0192	2.1	3.3	3.5	2
0.9944	0.0022	0.0034	1.08	10	26	1
0.833	0.0101	0.1569	1.4	4.5	8	3
0.9573	0.0277	0.015	1.08	10	26	1
0.6779	0.1465	0.1756	2.4	3.4	2.8	1
0.1488	0.5261	0.3251	2.38	3.4	2.88	3
0.4	0.5756	0.0244	1.95	3.3	4	1
0.0127	0.3066	0.6807	2.05	3.2	3.8	3
0.8949	0.0632	0.0419	1.5	4	7	2
0.0904	0.0515	0.8581	1.83	3.5	4.33	3
0.046	0.105	0.849	1.91	3.4	4	3
0.6763	0.0011	0.3226	1.7	3.8	4.75	3
0.8378	0.0099	0.1523	1.8	3.5	4.5	3
0.2674	0.0102	0.7224	1.53	4	6	3
0.5477	0.0365	0.4157	2.38	3.4	2.9	1
0.7777	0.22	0.0024	2.05	3.25	3.75	1
0.7711	0.0277	0.2012	2.38	3.5	2.8	1
0.8961	0.0371	0.0668	1.36	4.75	8.5	1
0.3577	0.0057	0.6366	9	5.5	1.3	3
0.0369	0.0012	0.9619	13	6	1.22	3
0.2255	0.621	0.1535	2.8	3.4	2.4	2
0.9928	0.0021	0.0051	1.08	10	26	1
0.0282	0.9709	0.0009	3	3.2	2.4	2
0.9936	0.0025	0.004	1.17	8	12	1
0.9443	0.0126	0.0432	1.5	4	7	1
0.3316	0.6331	0.0353	1.91	3.4	4	2
0.8695	0.0056	0.1249	2	3.3	3.8	1
0.0043	0.0307	0.9651	4.5	3.75	1.73	3
0.1266	0.0406	0.8328	2.05	3.4	3.5	3
0.4532	0.1623	0.3845	1.67	3.5	5.5	1
0.9036	0.0007	0.0957	1.75	3.5	4.75	1
0.3004	0.5905	0.1091	1.85	3.5	4.2	2
0.5213	0.0104	0.4682	10	5.5	1.29	1
0.8902	0.0122	0.0977	2.1	3.4	3.4	1
0.1312	0.8158	0.053	1.85	3.4	4.33	1
0.7045	0.0019	0.2936	2.1	3.4	3.4	1
0.1836	0.8048	0.0116	1.67	3.8	5	2
0.9536	0.0161	0.0302	1.62	3.8	5.5	1
0.1775	0.0241	0.7984	2.1	3.4	3.4	3
0.03	0.0018	0.9682	13	6.5	1.2	3
0.4208	0.0013	0.5779	2.1	3.3	3.5	3
0.6831	0.162	0.1549	1.91	3.5	4	1
0.973	0.0209	0.0062	1.09	10	21	1
0.4578	0.0727	0.4695	2.6	3.25	2.7	1
0.9741	0.0066	0.0193	1.44	4.5	6.5	1
0.7892	0.0024	0.2083	1.6	3.8	5.75	3
0.0062	0.9893	0.0045	2	3.5	3.6	2
0.1107	0.3359	0.5534	2.05	3.4	3.5	2
0.1853	0.1013	0.7134	2.1	3.4	3.4	3
0.5322	0.2834	0.1845	2	3.5	3.6	2
0.3284	0.061	0.6107	1.7	3.75	4.75	3
0.3781	0.5914	0.0305	2.8	3.3	2.5	2
0.9124	0.0008	0.0868	1.44	4.33	7	1
0.1777	0.283	0.5393	2.63	3.3	2.63	3
0.0374	0.7244	0.2382	1.91	3.3	4.2	2
0.0264	0.4414	0.5323	10	6	1.25	3
0.8986	0.0285	0.073	1.83	3.75	4	1
0.9727	0.0078	0.0195	1.29	5.5	10	1
0.1377	0.0057	0.8567	9	5.5	1.3	3
0.923	0.0266	0.0504	2	3.2	4	1
0.2961	0.0533	0.6506	2.25	3.3	3.2	3
0.1579	0.8204	0.0217	1.95	3.3	4	2
0.0351	0.9202	0.0446	2.4	3.3	2.88	2
0.0763	0.0079	0.9158	2.4	3.4	2.8	3
0.3262	0.2589	0.415	2.1	3.3	3.5	3
0.9175	0.0167	0.0658	1.25	6	10	1
0.4666	0.5317	0.0018	1.1	10	17	2
0.5983	0.0032	0.3985	1.44	4.33	7	3
0.1246	0.0893	0.7861	2	3.4	3.75	3
0.2639	0.2388	0.4973	2.05	3.4	3.5	3
0.1719	0.1946	0.6335	2.2	3.3	3.25	2
0.8644	0.1287	0.0069	1.8	3.6	4.33	1
0.7349	0.2194	0.0457	2.38	3.4	2.88	1
0.755	0.0097	0.2353	2.25	3.25	3.25	1
0.804	0.0014	0.1945	1.29	5.5	10	1
0.948	0.0062	0.0458	1.67	3.75	5	1
0.1974	0.0563	0.7463	1.83	3.5	4.2	3
0.887	0.01	0.103	1.7	3.6	5	3
0.1071	0.0102	0.8827	5.5	4.1	1.57	1
0.7227	0.0326	0.2447	1.95	3.3	4	3
0.0057	0.0395	0.9548	13	6	1.22	3
0.0748	0.0019	0.9233	2.2	3.4	3.2	3
0.0056	0.0143	0.9801	3.25	3.2	2.25	3
0.4499	0.504	0.0461	3	3.4	2.3	1
0.446	0.0018	0.5522	2.25	3.3	3.2	1
0.7445	0.2325	0.023	1.53	4.1	6	1
0.8998	0.0875	0.0127	1.1	10	21	1
0.081	0.9001	0.0189	1.95	3.3	4	1
0.3539	0.2786	0.3676	3.4	3.4	2.1	2
0.6639	0.3245	0.0116	1.18	7	13	1
0.9279	0.0024	0.0697	2.2	3.3	3.3	1
0.1233	0.0652	0.8114	1.91	3.5	4	3
0.9601	0.0035	0.0364	2.25	3.2	3.3	1
0.0858	0.3466	0.5676	7	4.33	1.44	2
0.7848	0.0046	0.2106	2.1	3.4	3.4	1
0.6735	0.0135	0.3129	2	3.4	3.75	1
0.7998	0.0123	0.1879	1.29	5.5	10	1
0.2961	0.0112	0.6927	1.91	3.5	4	1
0.005	0.0028	0.9922	7	4.75	1.4	3
0.2703	0.7186	0.0111	1.75	3.5	4.75	2
0.4276	0.4882	0.0842	1.83	3.5	4.33	2
0.7072	0.0069	0.2858	2	3.4	3.75	1
0.3428	0.643	0.0142	2.7	3.25	2.6	2
0.2557	0.0276	0.7168	2.15	3.3	3.4	1
0.6387	0.1397	0.2215	1.62	3.75	5.5	2
0.2367	0.302	0.4613	10	5.5	1.29	1
0.9574	0.0121	0.0306	1.3	5.5	9	1
0.515	0.448	0.0369	2	3.4	3.75	1
0.1862	0.0105	0.8033	4.5	3.75	1.75	3
0.9787	0.0083	0.013	2	3.4	3.75	1
0.8902	0.0423	0.0675	1.91	3.5	4	2
0.0017	0.9722	0.0261	2.2	3.4	3.2	2
0.0058	0.0381	0.956	2.88	3.2	2.5	3
0.5542	0.0042	0.4415	2	3.4	3.75	1
0.1691	0.768	0.0629	2.05	3.4	3.5	2
0.5359	0.0181	0.446	3	3.25	2.38	1
0.9814	0.0169	0.0017	1.07	11	29	1
0.0184	0.3403	0.6413	3	3.2	2.4	3
0.9485	0.0161	0.0354	1.14	7.5	17	1
0.9878	0.0011	0.0111	2.25	3.3	3.2	1
0.836	0.003	0.161	1.4	4.4	8	1
0.44	0.1741	0.3858	2.5	3.25	2.8	2
0.7165	0.0525	0.231	2.1	3.2	3.6	1
0.437	0.5602	0.0028	2.05	3.25	3.75	1
0.4725	0.1536	0.374	9	5	1.33	1
0.8221	0.0111	0.1668	2	3.3	3.75	1
0.9441	0.0077	0.0482	1.44	4.33	7	1
0.3393	0.5447	0.1161	1.53	4	6	2
0.3054	0.0078	0.6868	1.5	4.33	6	1
0.9416	0.0325	0.0259	1.7	3.75	4.75	1
0.0986	0.29	0.6113	7	4.33	1.44	2
0.0115	0.0186	0.9699	2.63	3.3	2.63	3
0.0027	0.109	0.8883	2	3.3	3.8	3
0.1723	0.0029	0.8248	2.5	3.25	2.8	3
0.0022	0.993	0.0049	2.1	3.3	3.5	2
0.6501	0.0442	0.3057	1.36	5	7.5	1
0.1527	0.1654	0.6819	1.73	3.6	4.75	3
0.9909	0.0055	0.0036	1.09	10	21	1
0.6404	0.0047	0.3549	3.5	3.3	2.1	1
0.1084	0.0116	0.88	2.4	3.3	2.88	3
0.0271	0.9715	0.0014	1.83	3.5	4.33	2
0.8863	0.0153	0.0985	1.36	4.75	8	1
0.4184	0.5283	0.0533	2.1	3.3	3.5	1
0.0455	0.0091	0.9453	10	6	1.25	3
0.0856	0.9084	0.0059	1.8	3.75	4.2	1
0.8381	0.0725	0.0893	1.91	3.3	4.2	1
0.944	0.0292	0.0268	2	3.3	3.8	1
0.9823	0.0125	0.0052	1.18	7.5	12	1
0.3024	0.5115	0.1862	1.67	3.8	5	2
0.8408	0.0313	0.1279	1.4	4.75	7.5	1
0.2169	0.0332	0.7499	3.75	3.4	2	3
0.0322	0.0314	0.9364	2.25	3.4	3.1	3
0.9798	0.013	0.0072	1.18	7	13	1
0.034	0.0264	0.9396	8.5	5	1.33	3
0.0819	0.0161	0.9021	2.2	3.2	3.4	3
0.0129	0.3194	0.6677	3.2	3.2	2.3	2
0.5786	0.0452	0.3762	1.36	4.75	8	1
0.4279	0.2387	0.3334	2.5	3.25	2.8	1
0.515	0.0131	0.472	1.83	3.4	4.5	1
0.4856	0.0043	0.5102	1.75	3.5	4.75	3
0.1965	0.0104	0.793	1.91	3.4	4	3
0.6249	0.2579	0.1172	1.91	3.4	4	1
0.0229	0.0855	0.8916	2.3	3.3	3.1	2
0.4661	0.0429	0.4911	2.3	3.25	3.1	3
0.7897	0.0221	0.1882	2.88	3.6	2.3	1
0.2177	0.7653	0.0169	1.5	4.2	6.5	2
0.232	0.7625	0.0055	1.83	3.4	4.5	2
0.2368	0.0149	0.7483	2.05	3.25	3.75	3
0.0911	0.8917	0.0171	2.8	3.3	2.5	2
0.1221	0.865	0.0129	1.75	3.6	4.75	2
0.8572	0.0041	0.1387	1.44	4.2	7.5	1
0.7314	0.2009	0.0677	1.91	3.4	4	1
0.9768	0.0194	0.0038	1.11	9	19	1
0.2272	0.5468	0.226	3.1	3.3	2.3	1
0.05	0.7916	0.1584	2.38	3.25	3	2
0.2894	0.0172	0.6934	1.91	3.4	4	1
0.2171	0.0068	0.7761	2.5	3.4	2.7	1
0.6324	0.0049	0.3627	1.5	4.33	6	3
0.01	0.025	0.965	6.5	4.5	1.45	3
0.2162	0.4198	0.364	2.1	3.4	3.5	2
0.242	0.7518	0.0062	2.1	3.25	3.6	2
0.8461	0.0687	0.0853	2.25	3.4	3.1	1
0.7106	0.2596	0.0298	2.3	3.4	3	1
0.9883	0.0032	0.0085	1.13	9	17	1
0.2603	0.7381	0.0016	1.62	3.8	5.5	1
0.8522	0.0388	0.109	1.62	3.8	5.5	1
0.9882	0.0063	0.0055	1.11	9	21	1
0.3558	0.5965	0.0476	1.91	3.3	4.2	2
0.2478	0.4383	0.3139	1.91	3.3	4.2	3
0.3077	0.0066	0.6856	3.4	3.3	2.15	3
0.9447	0.0044	0.051	1.4	4.5	8	1
0.091	0.1898	0.7192	8	5	1.36	2
0.4377	0.0748	0.4875	3.4	3.2	2.2	1
0.3156	0.0005	0.6839	1.85	3.4	4.33	3
0.0035	0.819	0.1776	7.5	4.75	1.4	2
0.0527	0.693	0.2543	1.73	3.6	4.75	2
0.1805	0.8107	0.0088	2.7	3.3	2.6	2
0.2849	0.1001	0.615	1.91	3.5	4	3
0.0079	0.655	0.3371	2.1	3.2	3.6	3
0.9592	0.0161	0.0247	1.73	3.6	4.75	1
0.0156	0.9836	0.0009	1.83	3.6	4.2	2
