0.4092	0.0967	0.4942	1.8	3.4	4.75	3
0.0564	0.3429	0.6007	3.1	3.3	2.25	2
0.0665	0.0706	0.8629	8.5	4.33	1.4	3
0.2989	0.2685	0.4326	1.4	4.5	7.5	3
0.4583	0.1885	0.3532	1.3	4.75	12	1
0.3585	0.1886	0.453	2.5	3.1	2.88	3
0.8109	0.1684	0.0207	1.33	4.5	10	1
0.8044	0.1866	0.009	1.44	4	8	1
0.4878	0.0991	0.4131	1.36	4.5	8	1
0.8073	0.1368	0.0558	1.62	3.75	5.5	1
0.2389	0.6938	0.0674	1.8	3.1	5	2
0.3854	0.5153	0.0994	2.25	3	3.4	2
0.5551	0.3335	0.1114	1.65	4.2	4.5	1
0.5594	0.1812	0.2594	1.75	3.6	4.5	1
0.2939	0.6139	0.0921	3.3	3.25	2.2	2
0.057	0.1929	0.7501	3.75	3.25	2.05	3
0.3388	0.0817	0.5795	2.5	3.2	2.88	3
0.6455	0.34	0.0145	2.4	3.2	3	1
0.185	0.7562	0.0589	1.2	6	15	2
0.8333	0.0976	0.0691	1.29	5.25	11	1
0.9227	0.0453	0.0319	1.83	3.4	4.5	1
0.0876	0.7848	0.1275	2.38	3.1	3.2	2
0.5236	0.3176	0.1588	2.15	3.25	3.5	1
0.1872	0.7658	0.0469	1.8	3.4	4.75	2
0.0909	0.7567	0.1524	2.2	3.1	3.5	2
0.5532	0.0483	0.3986	3	3	2.5	3
0.0213	0.1287	0.8501	2.4	3	3.2	3
0.5915	0.1768	0.2317	2	3.2	4	3
0.0644	0.3335	0.6021	3	3	2.5	3
0.5794	0.1965	0.2241	1.8	3.4	4.75	1
0.6723	0.0498	0.2779	1.5	4	7.5	1
0.4996	0.2152	0.2852	1.95	3.2	4.2	1
0.1658	0.0561	0.7781	3.1	3.1	2.38	3
0.8545	0.051	0.0944	2.1	3.2	3.6	1
0.217	0.2632	0.5197	4	3.2	2	3
0.3151	0.556	0.1289	4.75	3.3	1.83	2
0.0981	0.2076	0.6943	2.38	3.1	3.1	3
0.0029	0.5056	0.4915	2.4	3	3.2	3
0.7569	0.1104	0.1326	1.6	3.6	6.25	1
0.756	0.0311	0.2129	2.05	3.2	3.8	1
0.7846	0.101	0.1143	1.3	5	11	1
0.0938	0.599	0.3072	1.62	3.6	6	2
0.2644	0.0992	0.6364	4	3.2	2	3
0.1967	0.2875	0.5158	1.67	3.5	5.5	1
0.715	0.2489	0.036	1.3	5	11	1
0.7027	0.0424	0.2549	2	3.3	3.75	2
0.6391	0.3344	0.0265	2.5	3.1	2.9	1
0.068	0.4098	0.5222	6	3.6	1.62	3
0.1857	0.724	0.0904	2.9	3.1	2.5	2
0.4954	0.1035	0.4011	2.9	3.1	2.5	1
0.6387	0.1575	0.2039	1.33	4.75	10	1
0.5079	0.2764	0.2158	2.38	3.1	3.1	1
0.5835	0.2689	0.1477	1.95	3.4	3.8	1
0.8138	0.0884	0.0978	1.67	3.4	6	1
0.0938	0.4661	0.4402	1.8	3.4	4.75	2
0.5317	0.312	0.1563	2.1	3.1	3.75	3
0.28	0.4924	0.2276	2.15	3.1	3.6	1
0.5274	0.3869	0.0857	2.1	3.1	3.75	1
0.5917	0.1903	0.218	1.4	4.2	8.5	1
0.2863	0.4996	0.2141	1.91	3.2	4.33	3
0.6704	0.2532	0.0764	2.8	3.25	2.55	2
0.3426	0.4628	0.1945	2.4	3.1	3.1	2
0.0341	0.4678	0.4982	3.25	3.1	2.3	1
0.0401	0.2836	0.6763	3.4	3.2	2.2	2
0.0806	0.085	0.8344	3.75	3.1	2.1	3
0.5798	0.3014	0.1188	3.8	3.3	2	1
0.4647	0.5049	0.0304	4.33	3.25	1.91	2
0.4916	0.4261	0.0823	2.2	3.2	3.4	2
0.3683	0.4582	0.1735	1.22	6	13	2
0.6196	0.3391	0.0414	2.1	3.2	3.6	2
0.1363	0.5922	0.2715	1.33	4.5	11	2
0.7616	0.0445	0.194	1.67	3.4	6	1
0.4627	0.1589	0.3784	1.91	3.2	4.33	3
0.8325	0.1049	0.0626	2.25	3.2	3.3	1
0.5454	0.3793	0.0753	2.05	3.2	3.8	2
0.7258	0.1318	0.1423	1.44	4.2	7.5	1
0.1091	0.6177	0.2733	3.5	3	2.25	2
0.4952	0.1404	0.3644	3	3.2	2.4	3
0.3274	0.3475	0.325	2.1	3.1	3.75	3
0.3206	0.365	0.3144	1.85	3.3	4.5	2
0.281	0.3452	0.3738	3.8	3.3	2	1
0.4151	0.4716	0.1133	1.7	3.4	5.5	1
0.7638	0.1021	0.1341	1.65	3.6	5.5	2
0.1139	0.3964	0.4898	2	3.2	4	2
0.1537	0.254	0.5924	3.25	3.2	2.25	3
0.1766	0.6947	0.1287	1.73	3.4	5.25	2
0.8498	0.079	0.0713	2.4	3.1	3.1	1
0.46	0.305	0.235	2	3.1	4.1	3
0.3532	0.1905	0.4563	2.4	3.1	3.1	2
0.4232	0.0897	0.4871	3.1	3.1	2.4	3
0.7174	0.1084	0.1741	2.1	3.3	3.5	1
0.7343	0.0661	0.1996	1.55	3.75	6.5	1
0.8172	0.098	0.0848	1.95	3.2	4.2	1
0.65	0.213	0.137	1.67	3.5	5.5	3
0.406	0.4437	0.1502	1.22	5.5	15	1
0.8973	0.0697	0.0329	1.53	3.75	7	1
0.4023	0.2596	0.3381	2.1	3.1	3.75	1
0.3519	0.2204	0.4277	2.63	3	2.88	1
0.4406	0.1331	0.4264	2.75	3	2.75	1
0.7229	0.104	0.1731	4	3.1	2	3
0.8114	0.1013	0.0873	1.75	3.4	5	3
0.7529	0.1049	0.1422	2.1	3.1	3.75	1
0.0868	0.2103	0.7029	1.33	4.75	10	3
0.0335	0.3047	0.6618	7	3.5	1.57	3
0.5851	0.2713	0.1437	2.3	3.1	3.3	1
0.324	0.0727	0.6033	2.25	3.1	3.4	3
0.0656	0.1289	0.8056	2.4	3.2	3	1
0.717	0.2166	0.0664	1.75	3.4	5	1
0.3507	0.233	0.4163	1.8	3.4	4.75	3
0.7112	0.26	0.0288	2.4	3.1	3.1	1
0.4842	0.2629	0.2529	2.88	3.2	2.5	2
0.1657	0.4543	0.3801	2.1	3.2	3.6	1
0.8224	0.0047	0.1729	2.5	3.2	2.88	1
0.7979	0.133	0.0691	1.44	4	8	1
0.8005	0.1286	0.071	1.53	3.75	7	3
0.4963	0.3	0.2037	1.53	3.8	6.5	1
0.4081	0.445	0.1469	2.1	3.1	3.8	1
0.4568	0.1492	0.3941	2.5	3.1	2.9	2
0.7251	0.0432	0.2317	1.44	4	8	1
0.0906	0.2718	0.6376	6	3.8	1.57	3
0.6759	0.297	0.0271	2.05	3.1	4	2
0.8092	0.1444	0.0464	1.67	3.5	5.5	1
0.2773	0.6111	0.1117	1.67	3.5	5.5	2
0.6571	0.0792	0.2637	2.75	3.1	2.63	2
0.1535	0.1083	0.7382	4.33	3.4	1.85	3
0.2493	0.5877	0.163	3.4	3.1	2.25	2
0.5853	0.3478	0.0668	1.85	3.3	4.5	1
0.5754	0.2934	0.1312	2.7	3.1	2.7	1
0.4085	0.4486	0.1429	2.4	3.1	3.1	1
0.5897	0.3379	0.0724	1.65	3.6	5.5	1
0.5436	0.3973	0.0591	1.62	3.75	5.5	2
0.2102	0.0402	0.7496	3.6	3.25	2.1	3
0.4267	0.3584	0.2149	2.05	3.2	3.8	1
0.3401	0.064	0.5959	2.45	3.2	2.9	3
0.261	0.6081	0.131	5.5	3.5	1.67	3
0.3469	0.2384	0.4147	1.7	3.4	5.5	3
0.935	0.0418	0.0231	1.44	4	8	1
0.4717	0.2715	0.2568	3.2	3	2.4	1
0.3821	0.2856	0.3324	1.5	3.75	7.5	1
0.2715	0.3252	0.4033	1.83	3.3	4.75	2
0.8235	0.1195	0.0569	1.73	3.4	5.25	2
0.4279	0.3931	0.179	1.67	3.5	5.5	1
0.7777	0.1016	0.1207	1.73	3.4	5.25	1
0.1169	0.472	0.4111	2.4	3	3.2	3
0.4389	0.1979	0.3632	2.3	3.2	3.2	1
0.432	0.2754	0.2926	1.65	3.6	5.5	1
0.1042	0.2623	0.6336	3.4	3.25	2.15	3
0.8654	0.0765	0.058	1.75	3.3	5	1
0.2578	0.5015	0.2407	4	3.4	1.91	1
0.3175	0.4303	0.2522	4.33	3.4	1.85	3
0.1706	0.4992	0.3301	2.3	3.2	3.2	1
0.6648	0.1843	0.151	1.57	3.75	6	1
0.1211	0.354	0.5249	1.67	3.6	5.25	2
0.3746	0.5199	0.1055	2.4	3.2	3	2
0.3959	0.2085	0.3956	2.65	3.1	2.75	1
0.818	0.1546	0.0274	1.57	3.7	6.25	1
0.5539	0.2334	0.2128	2.5	3.2	2.88	1
0.7479	0.0904	0.1617	1.55	3.6	7	1
0.1631	0.414	0.4229	1.91	3.2	4.33	2
0.6214	0.2601	0.1185	2.4	3.1	3.1	3
0.523	0.3383	0.1387	1.8	3.5	4.5	1
0.7067	0.0816	0.2117	2.1	3.1	3.75	1
0.6566	0.1785	0.1649	1.83	3.25	4.75	1
0.1979	0.4394	0.3627	2.2	3.1	3.5	1
0.4743	0.2281	0.2976	4.33	3.25	1.91	1
0.4289	0.4889	0.0823	2.38	3	3.25	2
0.2534	0.4135	0.3331	6	3.5	1.65	2
0.1773	0.3756	0.4471	1.91	3.2	4.33	3
0.0715	0.4227	0.5059	3	3	2.5	1
0.7084	0.2286	0.063	2.25	3.1	3.4	1
0.6605	0.172	0.1675	1.44	4.2	7.5	3
0.84	0.1446	0.0153	1.8	3.4	4.75	1
0.4249	0.5128	0.0622	2.5	3.2	2.88	2
0.7603	0.076	0.1637	2.63	3	2.88	1
0.6507	0.1348	0.2146	1.4	4.33	8.5	1
0.4623	0.0571	0.4806	1.33	4.75	10	3
0.7105	0.0121	0.2775	2.88	3	2.63	1
0.7265	0.2578	0.0157	1.91	3.25	4.33	1
0.7794	0.1931	0.0275	1.62	3.6	6	1
0.8752	0.0974	0.0274	1.73	3.6	4.75	1
0.4258	0.1724	0.4018	2.63	3	2.88	3
0.6439	0.2027	0.1534	2.2	3.1	3.5	1
0.2251	0.6458	0.1291	3	3.2	2.4	2
0.5277	0.0593	0.413	2	3.2	4	1
0.091	0.1235	0.7855	4.5	3.4	1.83	3
0.5475	0.4337	0.0188	1.67	3.5	5.5	1
0.5788	0.3371	0.0841	1.57	3.75	6	1
0.4323	0.1798	0.3879	3.1	3.1	2.4	3
0.5796	0.3479	0.0725	2.2	3.2	3.4	2
0.1055	0.7195	0.175	3.4	3.2	2.2	3
0.6552	0.3067	0.0382	1.2	6	15	1
0.7298	0.2438	0.0264	1.57	3.6	6.5	1
0.1526	0.1383	0.7091	2.35	3.2	3.1	3
0.733	0.2513	0.0156	1.65	3.5	6	1
0.6715	0.0303	0.2983	1.65	3.5	6	1
0.2276	0.4633	0.3092	2.5	3.2	2.9	3
0.2139	0.2841	0.502	2.75	3.1	2.63	1
0.8218	0.1098	0.0684	1.91	3.3	4.2	1
0.767	0.158	0.0749	1.7	3.5	5.5	1
0.267	0.539	0.194	2.2	3.25	3.3	2
0.138	0.6837	0.1783	4.33	3.25	1.91	2
0.5594	0.3792	0.0614	1.83	3	5.5	1
0.271	0.3776	0.3514	2.5	3.1	2.9	1
0.2615	0.0666	0.6718	3.5	3.25	2.1	1
0.7787	0.1968	0.0246	1.5	3.75	7.5	3
0.2703	0.2905	0.4392	1.25	5.25	13	1
0.4309	0.2542	0.3149	2.1	3.25	3.5	2
0.5035	0.4685	0.0279	2.1	3.2	3.6	2
0.8423	0.0642	0.0935	1.7	3.6	5	1
0.7463	0.0541	0.1996	1.8	3.4	4.6	2
0.3948	0.4768	0.1285	2.3	3.1	3.2	2
0.3443	0.2082	0.4475	2.1	3.1	3.8	2
0.1817	0.2526	0.5656	2.2	3.2	3.4	1
0.3639	0.3207	0.3154	2.5	3.1	2.9	3
0.1751	0.0774	0.7476	2.4	3.2	3	1
0.6711	0.1646	0.1643	1.83	3.4	4.5	1
0.202	0.164	0.634	2.5	3.1	2.9	1
0.5197	0.4636	0.0167	1.95	3.2	4.2	2
0.3343	0.1388	0.5269	3.1	3.1	2.4	3
0.7532	0.0666	0.1802	2.4	3.2	3	1
0.297	0.5319	0.1711	2.9	3	2.6	2
0.3907	0.517	0.0924	2.1	3.2	3.6	3
0.063	0.6888	0.2482	2.5	2.9	3.1	1
0.8449	0.0833	0.0718	1.95	3.25	4.2	2
0.2125	0.5574	0.2301	2.38	3	3.2	2
0.8442	0.0879	0.068	2.2	3	3.6	2
0.2821	0.4233	0.2945	2	3.1	4.2	2
0.684	0.2436	0.0724	1.7	3.4	5.5	2
0.5202	0.3012	0.1786	1.29	5	12	2
0.7895	0.036	0.1745	1.29	4.75	13	1
0.596	0.1151	0.2888	1.91	3.25	4.33	1
0.4427	0.1248	0.4325	4	3.2	2	2
0.7116	0.2559	0.0325	1.8	3.25	5	1
0.4778	0.111	0.4112	2.3	3	3.4	1
0.2904	0.203	0.5067	5	3.25	1.8	2
0.4287	0.0772	0.4941	2.5	3.2	2.88	3
0.6869	0.2625	0.0506	1.9	3.25	4.33	1
0.8106	0.1681	0.0213	1.36	4.33	7.5	1
0.5612	0.0528	0.386	1.9	3.25	4.33	3
0.198	0.188	0.6141	2.63	3.1	2.75	3
0.6328	0.2485	0.1187	2.4	3.1	3.1	1
0.215	0.0712	0.7138	4.5	3.4	1.83	2
0.8478	0.0347	0.1175	1.57	3.6	6.5	1
0.4174	0.2296	0.3531	1.67	3.5	5.5	1
0.6497	0.0868	0.2635	2.4	3.1	3.1	1
0.8747	0.0902	0.0351	2	3.4	3.75	1
0.5162	0.2414	0.2424	2.1	3.2	3.6	2
0.3504	0.3722	0.2774	1.8	3.3	4.75	3
0.1545	0.653	0.1925	1.73	3.5	5	1
0.5421	0.0665	0.3914	2.4	3	3.2	3
0.1419	0.5053	0.3528	3.2	3.2	2.3	2
0.4863	0.3728	0.1408	2.38	3	3.25	3
0.7902	0.1037	0.1061	1.91	3.4	4	1
0.7454	0.0799	0.1747	1.5	3.8	7.5	2
0.323	0.1595	0.5176	2.1	3.3	3.5	3
0.133	0.4849	0.3821	3.5	3.3	2.1	3
0.4402	0.0561	0.5037	4.2	3.3	1.91	3
0.8036	0.1485	0.0479	1.85	3.4	4.33	1
0.5329	0.2432	0.2239	1.62	3.6	6	1
0.745	0.1143	0.1407	1.91	3.4	4	1
0.7699	0.2228	0.0073	1.4	4.33	8.5	1
0.0365	0.6569	0.3065	3.1	3.25	2.3	2
0.2237	0.3794	0.3969	2.9	3.1	2.5	3
0.3455	0.2458	0.4087	2.1	3.3	3.5	1
0.5963	0.2023	0.2013	2.2	3.2	3.4	1
0.8766	0.0317	0.0917	2.38	3	3.25	2
0.3737	0.4973	0.129	2.4	3.2	3	1
0.3734	0.3652	0.2615	1.67	3.5	5.5	3
0.5775	0.1249	0.2977	1.73	3.4	5.25	3
0.1614	0.2599	0.5787	2.2	3.2	3.4	3
0.7113	0.1693	0.1194	1.33	4.75	10	1
0.264	0.6186	0.1174	2.4	3.1	3.1	2
0.6287	0.2446	0.1267	2.1	3.1	3.75	1
0.1232	0.0631	0.8137	3.6	3.2	2.1	3
0.5841	0.0453	0.3706	2.5	3.2	2.88	3
0.4386	0.4462	0.1152	2.3	3.2	3.2	2
0.2282	0.65	0.1218	2.3	3.2	3.2	2
0.8034	0.0948	0.1019	2	3.25	3.9	1
0.1278	0.221	0.6512	2.9	3.1	2.5	1
0.2685	0.6093	0.1223	2	3.25	3.9	2
0.6647	0.2987	0.0365	1.4	4.5	8	2
0.5193	0.3723	0.1083	1.5	3.9	7	1
0.6294	0.1204	0.2502	2.15	3.2	3.5	1
0.368	0.572	0.06	2.2	3.2	3.4	2
0.5621	0.0408	0.3971	4.33	3.25	1.91	1
0.6225	0.0367	0.3408	2	3.2	4	3
0.3854	0.313	0.3015	2.5	3	3	2
0.8332	0.0868	0.08	1.8	3.5	4.5	1
0.3184	0.3271	0.3545	1.36	4.5	9	2
0.0781	0.2668	0.6551	1.83	3.3	4.75	3
0.1165	0.5688	0.3148	4.75	3.4	1.8	2
0.81	0.1388	0.0512	1.4	4.33	8.5	1
0.4232	0.3745	0.2023	2	3.2	4	1
0.5283	0.4023	0.0694	2.3	3.2	3.2	1
0.8345	0.1438	0.0217	1.85	3.4	4.33	1
0.1525	0.5069	0.3406	3.6	3.1	2.1	2
0.9064	0.0813	0.0123	1.75	3.4	5	1
0.6011	0.2945	0.1044	2.15	3.1	3.6	1
0.2502	0.3714	0.3784	2	3.1	4.1	2
0.6892	0.2245	0.0863	2.15	3.2	3.5	3
0.4885	0.4887	0.0228	3	1.8	5	2
0.41	0.3514	0.2386	1.57	3.6	6.5	2
0.6804	0.1725	0.1471	2.6	3.1	2.8	1
0.7606	0.2122	0.0273	2.05	3.25	3.75	1
0.6199	0.0821	0.298	1.85	3.3	4.4	1
0.2743	0.4281	0.2976	2.5	3.1	2.9	1
0.6399	0.055	0.3051	4.5	3.3	1.83	3
0.1928	0.3069	0.5002	3	3	2.5	1
0.3208	0.1558	0.5234	2.05	3.2	3.75	2
0.863	0.1141	0.0229	1.25	5.5	12	1
0.5871	0.3084	0.1045	1.75	3.4	5	1
0.7709	0.157	0.0721	5	3.25	1.8	1
0.0807	0.5948	0.3245	1.7	3.3	5.75	2
0.6148	0.2129	0.1723	2.45	3	3.1	1
0.8365	0.1451	0.0184	1.62	3.6	6	1
0.3944	0.3992	0.2064	2.75	3.1	2.63	1
0.2192	0.5498	0.231	2.88	1.83	5	2
0.8746	0.0678	0.0576	1.8	3.4	4.75	1
0.6363	0.2739	0.0898	1.6	3.5	6.5	1
0.3096	0.5223	0.1681	2.2	3.1	3.5	2
0.5327	0.2751	0.1922	1.67	3.5	5.5	2
0.8294	0.1475	0.0231	1.6	3.5	7	1
0.6811	0.2549	0.064	1.67	3.5	5.5	2
0.6858	0.174	0.1402	2.5	3.1	2.9	2
0.2921	0.5987	0.1092	1.67	3.6	5.25	1
0.1105	0.3934	0.4961	5	3.8	1.67	3
0.1261	0.1425	0.7314	4.33	3.6	1.8	3
0.7221	0.1691	0.1088	3.2	2	3.5	1
0.1447	0.4542	0.4011	3	3	2.5	3
0.4266	0.5492	0.0242	1.5	4	6.5	2
0.9233	0.0522	0.0245	1.29	5	11	1
0.622	0.0446	0.3334	2.4	3	3.2	2
0.3743	0.2384	0.3873	3.2	3.1	2.35	2
0.4304	0.1961	0.3735	2.63	3.1	2.8	1
0.2793	0.299	0.4217	3.6	3.2	2.1	2
0.484	0.3825	0.1335	1.53	3.75	7	3
0.3302	0.1726	0.4972	4.5	1.62	4.5	3
0.8051	0.0731	0.1218	1.5	4	7	1
0.1436	0.5011	0.3553	3.1	3.1	2.4	3
0.8171	0.1433	0.0397	1.36	4.5	9	2
0.6204	0.3599	0.0197	1.44	4	8	1
0.4419	0.5176	0.0405	1.33	4.5	9.5	1
0.5617	0.3641	0.0742	2.2	3.2	3.5	1
0.5237	0.1277	0.3486	2.1	3.3	3.5	1
0.8128	0.0609	0.1263	1.62	3.6	6	1
0.3171	0.2128	0.47	1.4	4.5	8	1
0.3523	0.3469	0.3008	2.35	3.3	3	1
0.327	0.1365	0.5365	3	3.1	2.4	3
0.1479	0.3126	0.5395	3.25	3.2	2.25	2
0.5725	0.2284	0.1991	1.75	3.6	4.6	2
0.16	0.2653	0.5747	4	3.3	1.95	3
0.4347	0.4138	0.1515	2.35	3.2	3.1	3
0.4427	0.3993	0.158	2.75	3.1	2.63	1
0.3067	0.6345	0.0588	2.1	2	9.5	2
0.7366	0.2604	0.0029	1.22	6	13	1
0.7587	0.1917	0.0496	1.91	3.6	3.8	1
0.3113	0.0661	0.6226	1.5	3.75	6	1
0.6402	0.3175	0.0422	1.5	3.75	6	3
0.2829	0.1765	0.5405	2.4	3.1	3.1	3
0.8523	0.0631	0.0846	1.4	4.2	9	1
0.4939	0.1543	0.3518	4.5	3.25	1.91	1
0.1054	0.825	0.0696	1.44	4.33	7	2
0.84	0.1295	0.0306	1.44	4.33	7	3
0.7649	0.2048	0.0303	1.67	3.5	5.5	1
0.7642	0.0144	0.2214	1.62	3.75	5.5	1
0.2515	0.2945	0.4541	6	4	1.53	3
0.4703	0.4139	0.1158	1.8	3.5	4.5	2
0.5867	0.063	0.3503	3.5	1.83	4	1
0.4232	0.3789	0.1979	4	1.62	4.75	2
0.1211	0.3797	0.4993	3.6	3.5	2	2
0.6463	0.0929	0.2607	4.5	3.5	1.8	3
0.2682	0.0235	0.7083	7	4.33	1.44	3
0.7493	0.1292	0.1215	1.13	7.5	21	1
0.236	0.0717	0.6923	7	4.33	1.44	3
0.6622	0.1781	0.1598	1.36	4.5	9.5	2
0.7166	0.0997	0.1837	3.75	3.4	2	1
0.7472	0.2336	0.0192	1.09	9	26	1
0.3573	0.2446	0.3981	1.33	5	9	3
0.4938	0.1572	0.349	7	3.6	1.55	3
0.7956	0.1886	0.0158	1.44	4.33	7	1
0.5763	0.3426	0.0811	2.05	3.3	3.6	2
0.6082	0.388	0.0037	1.13	8.5	17	1
0.39	0.4223	0.1877	1.8	3	5.75	2
0.5922	0.3411	0.0667	2.1	2.8	4.33	1
0.2254	0.1048	0.6698	2	3.4	3.6	1
0.2836	0.3048	0.4117	6	4	1.53	3
0.8463	0.0993	0.0543	2.2	3.1	3.5	1
0.252	0.5281	0.2199	1.62	3.25	7	2
0.5346	0.2457	0.2197	1.53	3.75	7	1
0.4077	0.1511	0.4412	7.5	4.5	1.4	3
0.8373	0.0974	0.0654	1.4	4.5	8	1
0.739	0.0834	0.1776	1.29	5.5	9.5	1
0.005	0.1454	0.8496	21	9	1.1	3
0.4925	0.4993	0.0082	1.29	4.75	13	2
0.1624	0.2491	0.5884	2.4	3.1	3.1	3
0.649	0.2911	0.0599	4.33	3.25	1.91	1
0.5643	0.2327	0.203	2.2	3.1	3.5	1
0.5293	0.0784	0.3923	2.3	3.1	3.3	2
0.77	0.0883	0.1417	1.33	4.5	11	1
0.6284	0.3126	0.059	1.73	3.25	5.5	2
0.7807	0.1576	0.0618	1.83	3.25	4.75	1
0.8486	0.0056	0.1458	2.1	3.1	3.75	1
0.0648	0.9269	0.0083	6.25	3.5	1.62	2
0.6567	0.3306	0.0126	3.25	3.1	2.3	1
0.6085	0.305	0.0865	7	3.75	1.53	1
0.4343	0.3223	0.2434	1.4	4.33	8.5	1
0.7058	0.1469	0.1472	3.25	3.1	2.3	1
0.5128	0.0764	0.4109	2.25	3.1	3.4	1
0.6608	0.1009	0.2383	1.7	3.5	5.25	3
0.4088	0.5735	0.0177	1.8	3.5	4.5	2
0.8407	0.1047	0.0547	1.73	3.4	5.25	1
0.0067	0.3894	0.6039	3.5	3.1	2.2	1
0.7056	0.0316	0.2628	1.73	3.4	5.25	2
0.6293	0.2975	0.0732	2.05	3.25	3.75	3
0.3799	0.4949	0.1252	1.3	4.75	11	2
0.4575	0.3661	0.1764	1.95	3.3	4	2
0.8923	0.0712	0.0365	2	3.25	3.9	1
0.2349	0.1016	0.6634	1.91	3.3	4.2	3
0.0495	0.2223	0.7282	3.3	3.25	2.2	3
0.3885	0.5409	0.0706	2.35	3.2	3.1	2
0.2541	0.4667	0.2791	1.4	4.33	8	2
0.7612	0.1793	0.0595	2.25	3.2	3.25	3
0.0324	0.3469	0.6207	3	3.2	2.4	3
0.5915	0.2067	0.2018	2.5	3.1	2.9	1
0.8267	0.1361	0.0372	3.6	3.2	2.1	1
0.7202	0.2598	0.02	2.4	3.1	3.1	2
0.6315	0.2435	0.125	2.05	3.1	3.9	1
0.5769	0.4087	0.0144	2.2	3.1	3.4	2
0.5947	0.3906	0.0147	1.4	4.5	7.5	1
0.2806	0.6108	0.1086	3.5	3.1	2.2	2
0.1648	0.6397	0.1955	2.5	3	3	2
0.7441	0.086	0.1699	1.67	3.4	5.75	3
0.2285	0.3519	0.4196	1.73	3.5	5	3
0.8773	0.0728	0.0498	1.67	3.5	5.5	1
0.0088	0.1787	0.8125	3.4	3.2	2.2	1
0.7286	0.2142	0.0572	1.91	3.2	4.33	1
0.4017	0.1722	0.4261	1.91	3.25	4.33	2
0.5952	0.1847	0.2202	3	3	2.5	3
0.0743	0.8163	0.1094	2.5	3	3	3
0.2943	0.3915	0.3143	1.95	3.2	4.2	1
0.3038	0.5122	0.184	1.6	3.6	6	1
0.0958	0.5689	0.3353	1.53	3.5	6.5	2
0.3231	0.5406	0.1363	1.75	3.3	4.5	2
0.1777	0.1122	0.7101	3.8	3.3	2	3
0.271	0.3644	0.3646	1.75	3.5	4.75	1
0.1802	0.4926	0.3272	2.6	3.1	2.8	2
0.3928	0.517	0.0902	2.25	3.1	3.4	2
0.4889	0.3516	0.1594	2	3.25	3.9	3
0.1615	0.4066	0.432	1.91	3.25	4.33	1
0.5333	0.3815	0.0853	1.75	3.4	5	2
0.8722	0.0819	0.0459	1.67	3.5	5.5	1
0.4861	0.0423	0.4716	2.38	3.1	3.1	1
0.8407	0.0837	0.0756	2.4	3.1	3.1	1
0.9268	0.0528	0.0205	1.44	4	8	1
0.5442	0.341	0.1148	1.91	3.25	4.33	1
0.076	0.6426	0.2813	2.7	3	2.8	3
0.2	0.2608	0.5392	2.7	3	2.8	3
0.0133	0.2742	0.7125	4	3.2	2	3
0.288	0.0957	0.6163	2.88	3	2.63	2
0.6511	0.2298	0.1191	2.5	3	3	2
0.5129	0.4564	0.0307	1.36	4.5	9	1
0.5066	0.4472	0.0462	1.62	3.6	6	1
0.6147	0.2591	0.1262	2.1	3.2	3.6	1
0.6036	0.3302	0.0662	1.75	3.4	5	1
0.159	0.1841	0.6568	4.2	3.5	1.85	2
0.6059	0.0525	0.3416	1.85	3.25	4.6	1
0.5274	0.391	0.0816	1.8	3.2	5	1
0.5232	0.4151	0.0617	1.57	3.75	6	2
0.6344	0.2735	0.0922	1.73	3.5	5	1
0.7682	0.1672	0.0646	2.38	2.88	3.4	1
0.0258	0.6061	0.3681	3	3.2	2.38	2
0.7015	0.2217	0.0769	2.38	3	3.2	1
0.3687	0.5333	0.0979	2.9	3.1	2.5	3
0.1785	0.4346	0.3869	4	3.2	2	3
0.1022	0.7108	0.1869	1.85	3.3	4.5	3
0.6842	0.2382	0.0775	1.36	4.6	8.5	1
0.5139	0.4516	0.0345	2.55	3.1	2.88	3
0.3992	0.0727	0.5281	3.2	3	2.4	3
0.2968	0.293	0.4102	1.85	3.4	4.33	1
0.7354	0.0745	0.1901	2.63	3.1	2.75	2
0.4104	0.0478	0.5418	3.2	3	2.4	3
0.1692	0.1118	0.719	2.2	3.2	3.4	3
0.3313	0.2684	0.4003	2.1	3.2	3.6	2
0.6381	0.1644	0.1975	1.91	3.25	4.33	1
0.2784	0.6474	0.0742	1.25	5	15	2
0.2221	0.1236	0.6544	4.33	3.25	1.91	3
0.6012	0.1901	0.2087	1.73	3.5	5	1
0.7733	0.2079	0.0188	1.36	4.5	9	1
0.5501	0.1315	0.3184	2.5	3.1	2.9	3
0.8878	0.1059	0.0063	1.62	3.75	5.5	1
0.7885	0.0564	0.1551	2	3.2	4	1
0.6813	0.2828	0.0359	1.83	3.4	4.5	2
0.6369	0.2155	0.1476	1.85	3.3	4.5	2
0.3433	0.4897	0.167	4.75	3.3	1.8	2
0.1001	0.131	0.7689	2.5	3.1	2.9	3
0.7261	0.2367	0.0372	2.6	3.1	2.8	1
0.4145	0.221	0.3645	3.5	3.1	2.2	1
0.7542	0.0642	0.1815	2.05	3.2	3.75	2
0.52	0.2286	0.2513	1.73	3.5	5	1
0.0136	0.4021	0.5842	5.5	3.3	1.73	2
0.6351	0.0569	0.308	1.57	3.6	6.5	1
0.7043	0.2333	0.0625	1.83	3.4	4.5	1
0.7096	0.1795	0.1109	2.38	3.1	3.1	1
0.5384	0.2665	0.1951	1.44	4	8	1
0.4432	0.513	0.0438	2.2	3.2	3.4	2
0.1039	0.7222	0.1739	2.3	3.2	3.1	3
0.4637	0.4636	0.0726	2.05	3.25	3.75	1
0.0979	0.3363	0.5658	2.2	3.2	3.3	3
0.2035	0.3716	0.4249	2.6	3.2	2.75	3
0.2986	0.5228	0.1787	2.1	3.25	3.5	1
0.4064	0.5328	0.0609	1.8	3.3	5	1
0.3493	0.5012	0.1495	1.91	3.3	4.2	2
0.4871	0.3373	0.1756	1.6	3.6	6	1
0.7131	0.0638	0.223	1.57	3.75	6	1
0.7563	0.1555	0.0881	1.8	3.25	5	1
0.2598	0.372	0.3682	2.2	3.1	3.5	3
0.539	0.2724	0.1886	1.57	3.6	6.5	1
0.1423	0.2827	0.575	3.5	3.1	2.2	3
0.2759	0.1081	0.616	4.2	3.2	1.95	1
0.4906	0.4049	0.1045	2.8	3	2.7	3
0.4393	0.1851	0.3757	3	3	2.5	3
0.6884	0.2666	0.0451	1.5	3.75	7.5	1
0.1183	0.4386	0.443	2.63	3	2.88	2
0.7522	0.2138	0.0341	1.67	3.6	5.5	2
0.1718	0.1754	0.6528	3.6	3.1	2.15	2
0.0736	0.7735	0.1529	1.91	3.3	4.2	2
0.5058	0.35	0.1442	3	3	2.5	2
0.5506	0.3064	0.143	1.62	3.6	6	1
0.8042	0.0818	0.1139	1.67	3.5	5.5	1
0.6874	0.2145	0.0982	1.67	3.5	5.5	2
0.454	0.2919	0.254	2.6	3	2.9	1
0.403	0.1601	0.4369	2.5	3	3	1
0.628	0.1413	0.2306	2.7	3.1	2.7	1
0.2961	0.4765	0.2274	3.2	3.1	2.3	2
0.8027	0.1597	0.0376	1.25	5.5	12	1
0.1153	0.2469	0.6377	3.4	3.2	2.2	3
0.5341	0.169	0.297	2.2	3	3.6	3
0.6158	0.0938	0.2904	1.91	3.1	4.5	1
0.5053	0.308	0.1868	3.5	3.1	2.2	3
0.6992	0.2221	0.0786	2.5	3	3	1
0.6764	0.2059	0.1177	1.73	3.25	5.5	1
0.7246	0.1332	0.1422	2.1	3.2	3.6	1
0.5038	0.2202	0.2761	2.4	3.1	3.1	1
0.3526	0.3947	0.2527	2.4	3.1	3.1	3
0.6361	0.1493	0.2147	1.65	3.6	5.5	1
0.7348	0.2389	0.0263	2	3.2	4	1
0.1993	0.3037	0.497	6	3.8	1.57	3
0.5368	0.3907	0.0724	2.9	3.1	2.55	1
0.5542	0.2672	0.1786	2.05	3.1	4	1
0.778	0.1208	0.1012	1.85	3.3	4.5	1
0.3179	0.4709	0.2112	3	3	2.5	1
0.786	0.1153	0.0987	1.4	4.5	7.5	1
0.5614	0.2844	0.1543	2.63	3	2.88	1
0.2405	0.2839	0.4756	1.83	3.4	4.5	3
0.0942	0.7421	0.1637	3.5	3.1	2.2	2
0.6387	0.191	0.1703	1.91	3.2	4.33	1
0.3954	0.0984	0.5062	4	3.2	2	2
0.8703	0.0832	0.0464	2	3.2	4	1
0.4931	0.4536	0.0532	1.36	4.5	9	1
0.5204	0.4567	0.0229	1.75	3.4	5	2
0.4097	0.2368	0.3535	2.88	2.9	2.7	2
0.2657	0.3769	0.3574	1.91	3.2	4.33	3
0.0631	0.3714	0.5655	4.33	3.25	1.91	3
0.3719	0.0957	0.5324	2.38	3	3.25	2
0.5686	0.3937	0.0377	1.8	3.4	4.6	1
0.5623	0.2875	0.1502	1.44	4	8	3
0.3653	0.3654	0.2693	2.3	3.1	3.3	3
0.1026	0.6023	0.2951	1.91	3.3	4.2	1
0.641	0.0873	0.2717	1.5	4	7	1
0.304	0.3714	0.3246	1.75	3.4	5	1
0.3998	0.2601	0.3401	2.15	3.2	3.5	3
0.189	0.2925	0.5185	3.75	3.3	2	3
0.399	0.1471	0.4539	3.1	3.1	2.4	2
0.3964	0.1707	0.4329	2.5	3.2	2.88	2
0.802	0.1658	0.0321	1.5	3.9	7	1
0.6939	0.2159	0.0901	1.36	4.6	8.5	3
0.4715	0.2557	0.2728	1.44	4.2	7.5	2
0.578	0.2542	0.1678	2.25	3.25	3.2	1
0.612	0.3458	0.0423	2.1	3.1	3.75	3
0.7051	0.2358	0.0591	3.1	3.1	2.4	1
0.8251	0.1432	0.0318	1.3	4.75	12	1
0.2338	0.3054	0.4608	1.7	3.4	5.5	2
0.1577	0.4882	0.3541	2.5	3	3	1
0.6196	0.1277	0.2527	2.5	3	3	1
0.5586	0.3245	0.1169	2	3.1	4.2	2
0.4804	0.1249	0.3947	3.75	3.4	2	3
0.2551	0.4145	0.3303	2.38	3	3.2	3
0.8818	0.0352	0.083	1.36	4.5	9	1
0.7235	0.163	0.1134	1.8	3.25	5	1
0.1852	0.3355	0.4793	6.5	3.8	1.53	2
0.7358	0.156	0.1081	1.22	6	12	1
0.5093	0.1391	0.3516	2.5	3.1	2.9	2
0.5175	0.4683	0.0142	1.44	4.2	7.5	1
0.631	0.2644	0.1046	1.95	3.1	4.33	1
0.6194	0.3188	0.0617	1.53	3.7	7	1
0.076	0.2569	0.6671	3.9	3.1	2.05	3
0.2673	0.0785	0.6542	3	3	2.5	1
0.5556	0.2321	0.2123	1.44	4.2	7.5	2
0.8288	0.0809	0.0903	1.22	5.5	15	1
0.5705	0.2201	0.2094	2.7	3	2.75	2
0.4875	0.2704	0.2422	3.2	3.25	2.25	1
0.1574	0.203	0.6395	4.75	3.3	1.8	3
0.7199	0.2527	0.0274	2.1	3.1	3.75	1
0.4151	0.0428	0.5421	2.4	3	3.2	3
0.8452	0.1122	0.0425	1.67	3.5	5.5	1
0.7383	0.2098	0.0518	1.91	3.3	4.2	1
0.3832	0.3094	0.3074	1.67	3.5	5.5	1
0.3001	0.1921	0.5077	2.1	3.3	3.5	3
0.3055	0.5889	0.1056	2.1	3.1	3.75	2
0.8865	0.0505	0.0629	1.57	3.6	6.5	1
0.1803	0.4622	0.3575	1.57	3.6	6.5	2
0.7093	0.1503	0.1405	2.5	2.9	3.1	2
0.7345	0.0343	0.2312	3.2	3	2.4	1
0.4812	0.1711	0.3477	2.1	3.1	3.75	1
0.6935	0.1794	0.1271	2.2	3.2	3.4	1
0.5924	0.2342	0.1734	1.67	3.5	5.5	3
0.5496	0.3962	0.0541	1.25	5.25	12	2
0.375	0.2231	0.4018	2.3	3	3.4	3
0.5731	0.1589	0.268	1.44	4	8	2
0.0178	0.2179	0.7643	8	4	1.44	3
0.4764	0.1912	0.3323	3	3	2.5	3
0.6993	0.1629	0.1378	1.62	3.6	6	1
0.6523	0.3114	0.0363	2.1	3.25	3.5	1
0.4792	0.3021	0.2187	2	3.1	4.2	1
0.1859	0.3421	0.472	3.75	3.3	2	2
0.4624	0.3809	0.1567	1.91	3.4	4	1
0.1902	0.5253	0.2845	1.75	3.5	4.75	2
0.2211	0.2857	0.4932	3.2	3.25	2.25	3
0.8225	0.1539	0.0236	1.29	5	11	1
0.6788	0.2449	0.0763	2.38	3	3.2	2
0.7128	0.1838	0.1034	1.36	4.5	9	1
0.6165	0.3047	0.0789	2.25	3.1	3.4	3
0.1702	0.36	0.4698	3.2	3	2.38	2
0.407	0.1605	0.4325	3.25	3	2.38	3
0.6021	0.2542	0.1436	2.1	2.88	4.2	1
0.7375	0.0772	0.1853	1.73	3.5	5	1
0.5446	0.1327	0.3227	3.6	3.2	2.1	3
0.4158	0.3319	0.2523	2.88	3	2.6	1
0.39	0.434	0.176	1.75	3.4	5	3
0.2618	0.3278	0.4104	2.1	3.1	3.8	1
0.2084	0.1752	0.6165	3.1	3.2	2.3	3
0.4982	0.4008	0.101	2.63	3	2.88	3
0.6764	0.2644	0.0592	2.7	3.1	2.7	1
0.7613	0.102	0.1367	1.4	4.5	8	1
0.0622	0.1089	0.8289	4.5	3.4	1.83	3
0.5962	0.2171	0.1867	1.75	3.4	5	2
0.6793	0.0931	0.2275	2.5	3.1	2.9	1
0.8508	0.1375	0.0118	1.4	4.33	8	1
0.432	0.1171	0.4509	5.5	3.75	1.62	1
0.7073	0.2405	0.0522	1.4	4.33	8	1
0.5825	0.3153	0.1022	1.67	3.5	5.5	2
0.674	0.2353	0.0907	1.4	4.33	8	2
0.4148	0.2361	0.3491	4.75	3.4	1.8	3
0.6221	0.1763	0.2016	1.44	4.2	7.5	3
0.1366	0.4925	0.3709	3.6	3.2	2.1	2
0.4734	0.2906	0.236	1.91	3.25	4.33	2
0.4353	0.197	0.3677	2.38	3	3.2	1
0.4369	0.4257	0.1374	2.5	3	3	1
0.2232	0.1711	0.6058	2.6	3	2.88	1
0.0081	0.421	0.5709	2.3	3.2	3.2	3
0.9305	0.0486	0.0208	1.53	3.8	6.5	2
0.2327	0.2235	0.5438	3.8	3.3	2	3
0.7471	0.2334	0.0195	1.8	3.5	4.5	1
0.1336	0.5887	0.2776	4	3.3	1.95	3
0.1586	0.2073	0.6341	3	3	2.5	3
0.068	0.6986	0.2334	2.3	3	3.4	2
0.7026	0.2498	0.0476	2.38	3	3.2	2
0.6292	0.2058	0.165	1.67	3.4	6	1
0.7958	0.1854	0.0187	1.4	4.33	8.5	1
0.7256	0.1601	0.1144	1.95	3.3	4	1
0.3934	0.5371	0.0695	1.36	4.33	10	2
0.3833	0.2062	0.4105	1.75	3.4	5	3
0.7855	0.1597	0.0548	1.29	5.5	10	1
0.0753	0.8721	0.0526	5.5	3.5	1.67	2
0.2492	0.5964	0.1544	3.6	3	2.2	2
0.0535	0.7679	0.1786	2.75	3.1	2.63	3
0.6805	0.1751	0.1444	2.05	3.1	4	1
0.3689	0.2177	0.4134	2.7	2.9	2.88	3
0.6483	0.2653	0.0864	1.91	3.25	4.2	1
0.3937	0.3443	0.262	2.3	3.1	3.3	3
0.4593	0.5158	0.0249	1.2	6	15	2
0.1436	0.4057	0.4507	2.88	3	2.63	3
0.4958	0.2484	0.2558	2.38	3.1	3.1	1
0.3813	0.4055	0.2133	1.73	3.4	5.25	1
0.4289	0.0972	0.4739	3.5	3.3	2.1	1
0.121	0.3254	0.5535	2.7	3	2.8	3
0.4282	0.4496	0.1221	2.6	2.8	3.1	2
0.4041	0.551	0.0449	2.45	3.1	3	2
0.3371	0.3383	0.3246	1.25	5.75	11	1
0.7016	0.2944	0.004	1.44	4.2	8	1
0.7256	0.1986	0.0758	1.57	3.6	6.5	1
0.6205	0.264	0.1155	2.25	3	3.5	3
0.8769	0.1127	0.0104	1.45	4	8	1
0.7075	0.2577	0.0347	1.45	4.2	6	1
0.574	0.1707	0.2554	2.8	3.1	2.6	1
0.5954	0.2946	0.11	2.3	3	3.4	1
0.4187	0.3047	0.2766	3.25	3	2.38	2
0.2885	0.1872	0.5243	3.25	1.5	7.5	2
0.5523	0.2596	0.1881	2.38	2	5.5	3
0.4583	0.3361	0.2056	5	3.4	1.75	1
0.7589	0.1905	0.0506	1.75	3.3	5.25	1
0.2077	0.5423	0.25	1.44	3.8	9	3
0.5932	0.253	0.1539	1.95	3.3	4	3
0.7412	0.226	0.0328	1.44	4	8	1
0.2112	0.5657	0.2231	2.2	3.2	3.4	3
0.1063	0.8046	0.089	3.4	2.88	2.38	2
0.7026	0.2571	0.0403	5.5	3.5	1.67	3
0.4867	0.312	0.2013	3.1	1.91	3.75	2
0.0939	0.1352	0.7709	4	3.4	1.91	3
0.5953	0.2872	0.1176	1.57	3.6	6.5	1
0.6009	0.1007	0.2984	1.75	3.4	5	1
0.5557	0.0582	0.3861	2.1	2.1	6	2
0.148	0.3384	0.5136	2.1	2.1	6	3
0.3472	0.5093	0.1435	1.29	5	11	1
0.2151	0.1211	0.6638	4.5	3.5	1.8	1
0.7485	0.1799	0.0716	1.44	4.33	7	3
0.3652	0.2498	0.385	2.88	2.3	3.2	3
0.4757	0.3015	0.2229	1.5	4	7	1
0.2534	0.6481	0.0985	2.63	3.25	2.63	2
0.131	0.4098	0.4592	1.5	3.8	7.5	2
0.2522	0.059	0.6887	1.6	3.5	5.5	3
0.1092	0.5828	0.308	4.5	4.75	1.5	3
0.4782	0.1438	0.378	3.25	1.7	5	3
0.089	0.0355	0.8755	5.75	3.1	1.75	3
0.3597	0.1999	0.4403	2.4	2.63	3.4	3
0.4918	0.386	0.1222	2.2	2.38	4.5	1
0.5526	0.382	0.0654	1.85	3.3	4.5	1
0.5721	0.3126	0.1153	1.44	4.2	7.5	2
0.7758	0.0942	0.13	3.25	3.1	2.3	1
0.6817	0.1617	0.1566	1.4	4.33	8.5	1
0.6682	0.1581	0.1736	1.73	3.4	5.25	3
0.2358	0.0493	0.7149	4.33	3.25	1.91	3
0.5075	0.2965	0.196	1.33	5	9	1
0.2351	0.3291	0.4358	9	5.5	1.3	3
0.7599	0.0749	0.1653	1.33	4.75	9	1
0.6076	0.2391	0.1534	2.63	2.05	4.33	1
0.4709	0.1556	0.3735	2.5	3.2	2.8	1
0.8074	0.1465	0.0461	1.2	6.5	13	1
0.4056	0.319	0.2754	1.95	3	4.5	1
0.185	0.5649	0.2501	1.85	3.3	4.5	2
0.4954	0.3691	0.1356	2.1	3.2	3.6	3
0.7644	0.0957	0.1399	1.44	4.33	7	1
0.2614	0.5899	0.1487	2.5	3.2	2.88	2
0.5218	0.4039	0.0743	4.5	1.4	6.5	2
0.4835	0.1483	0.3682	1.85	3.3	4.5	3
0.5299	0.0638	0.4063	3.6	2.63	2.3	3
0.6637	0.1311	0.2052	2.6	3.2	2.75	1
0.8262	0.0801	0.0937	1.67	3.75	5	1
0.7533	0.0955	0.1512	2.2	3.3	3.25	1
0.4639	0.2008	0.3352	2.25	3	3.5	1
0.3421	0.4248	0.2331	1.29	5	12	2
0.7817	0.1925	0.0257	1.4	4.6	7.5	1
0.9286	0.0477	0.0238	1.53	3.6	7.5	1
0.1956	0.4676	0.3368	5	3.6	1.7	3
0.8453	0.1123	0.0423	6	4.33	1.5	1
0.256	0.3806	0.3634	1.22	5.5	11	1
0.4679	0.0971	0.435	7.5	4.33	1.36	3
0.4477	0.3247	0.2276	1.73	3	6.5	2
0.5161	0.4375	0.0464	3.8	1.75	3.8	2
0.5236	0.2198	0.2566	3.6	3.3	2.05	1
0.357	0.6006	0.0424	1.36	4.75	8	3
0.3528	0.2873	0.3599	1.62	3.6	6	3
0.1847	0.4785	0.3368	3	3.2	2.4	2
0.4688	0.2962	0.235	2.1	3.2	3.6	2
0.3908	0.1402	0.4691	1.65	3.6	5.5	1
0.7581	0.2141	0.0278	1.53	3.75	7	1
0.1776	0.4058	0.4166	1.9	3.6	3.8	2
0.163	0.1325	0.7045	6	3.6	1.6	3
0.7825	0.0679	0.1497	1.75	3.5	4.75	3
0.836	0.1181	0.046	1.29	5	11	1
0.0716	0.717	0.2114	3.5	1.53	6.5	2
0.1716	0.7546	0.0737	1.62	3.75	5.5	2
0.5777	0.0506	0.3717	3.25	3.3	2.2	3
0.4542	0.2661	0.2797	2	3.2	4	2
0.2385	0.7129	0.0486	1.91	3.25	4.33	2
0.7702	0.197	0.0328	1.62	3.4	6.5	1
0.1115	0.5771	0.3114	1.73	3.5	5	2
0.7679	0.1502	0.0819	1.4	4.5	8	1
0.2014	0.608	0.1906	3	3.2	2.4	3
0.715	0.1928	0.0922	3.75	3.4	2	1
0.6167	0.2301	0.1531	1.5	4	7	3
0.7727	0.2104	0.0169	1.62	3.6	6	1
0.1816	0.2682	0.5502	1.85	3.5	4.2	2
0.8448	0.1417	0.0136	2.4	3.2	3	1
0.0994	0.3	0.6006	1.85	3.4	4.33	3
0.5865	0.0212	0.3923	2.1	3.1	3.8	1
0.46	0.385	0.155	1.73	3.5	5	3
0.4336	0.5158	0.0506	2.63	3.1	2.75	1
0.4412	0.4848	0.0741	2.05	3.25	3.75	1
0.1756	0.2644	0.56	5	3.5	1.73	3
0.4595	0.4188	0.1217	2.1	3.3	3.5	1
0.6884	0.2095	0.102	6	3.6	1.62	1
0.2913	0.245	0.4637	3.4	3.2	2.2	3
0.4822	0.2623	0.2555	4	3.2	2	1
0.232	0.4368	0.3312	1.8	3.3	4.75	1
0.8578	0.0718	0.0704	1.8	3.3	4.75	1
0.4412	0.1882	0.3706	1.4	4.33	8.5	2
0.3852	0.455	0.1597	2.5	3.1	2.9	3
0.3573	0.6075	0.0352	1.67	3.5	5.5	2
0.4556	0.3906	0.1537	1.91	3.4	4	1
0.4709	0.4206	0.1085	1.57	3.75	6	2
0.1446	0.609	0.2464	4	3.4	1.91	3
0.5382	0.2494	0.2124	1.33	5	8.5	1
0.7594	0.1815	0.0591	1.73	3.5	5	2
0.6794	0.1667	0.1539	1.8	3.3	4.75	1
0.4169	0.4659	0.1172	2.5	3.2	2.8	2
0.1156	0.4705	0.4138	4	3.2	2	2
0.4234	0.3176	0.259	2.5	3.2	2.8	1
0.1991	0.7126	0.0883	1.83	3.4	4.5	2
0.4709	0.1716	0.3575	3	3.2	2.38	3
0.2644	0.4754	0.2601	1.91	3.25	4.33	1
0.4565	0.0944	0.449	2	3.3	3.75	3
0.6442	0.1952	0.1606	1.7	3.6	5	1
0.1312	0.7133	0.1555	2.4	3.1	3.1	2
0.5957	0.0303	0.374	2	3.4	3.75	3
0.8008	0.1017	0.0975	2.38	3.2	3	1
0.1378	0.4947	0.3676	2.63	3.1	2.75	3
0.0348	0.5271	0.4381	2.3	3.2	3.1	2
0.2173	0.2905	0.4922	1.91	3.4	4	1
0.2569	0.5541	0.189	2.45	3.1	3	1
0.6002	0.0603	0.3394	1.57	3.8	6	1
0.7261	0.2239	0.05	3.6	3.25	2.1	1
0.7335	0.1476	0.1189	1.44	4.2	7.5	1
0.7374	0.0438	0.2188	1.5	3.75	7.5	3
0.205	0.3032	0.4918	2.6	3.1	2.8	2
0.64	0.2415	0.1185	1.91	3.25	4.33	2
0.1197	0.5118	0.3685	3	3.2	2.4	2
0.6613	0.2046	0.1341	4	3.2	2	2
0.6161	0.2928	0.0911	1.57	3.75	6	2
0.525	0.3827	0.0922	2.6	3.2	2.75	1
0.4178	0.3773	0.205	2	3.3	3.8	3
0.7324	0.2062	0.0614	1.67	3.5	5.5	2
0.8722	0.1199	0.0079	1.62	3.6	6	2
0.1169	0.5068	0.3763	3.5	3.3	2.1	3
0.37	0.506	0.124	2.8	3.25	2.5	2
0.3935	0.2574	0.349	1.55	3.75	6.5	1
0.2907	0.5945	0.1148	7	4	1.5	3
0.201	0.3428	0.4562	2.1	3.2	3.6	3
0.7179	0.2366	0.0455	1.73	3.5	5	1
0.8107	0.0268	0.1624	1.83	3.4	4.5	1
0.9027	0.093	0.0044	1.44	4.2	7.5	1
0.6641	0.2795	0.0564	1.67	3.6	5.5	1
0.7484	0.2342	0.0174	3.2	3.25	2.25	2
0.7332	0.1854	0.0814	2.7	3.1	2.7	2
0.2802	0.2461	0.4737	1.8	3.25	5	3
0.5618	0.2533	0.1849	2.6	3.2	2.75	1
0.8765	0.0734	0.0501	1.67	3.6	5.5	2
0.7933	0.1877	0.019	1.33	4.75	10	1
0.5335	0.2503	0.2162	2.05	3.25	3.75	1
0.4128	0.5051	0.0821	2.4	3.2	3	2
0.1249	0.4012	0.4739	1.53	4	6.25	1
0.1851	0.2864	0.5285	2.9	3.1	2.5	1
0.2674	0.0657	0.6669	2.5	3.2	2.88	3
0.46	0.3153	0.2247	2.75	3.2	2.6	3
0.2921	0.4708	0.2371	2.5	3.2	2.88	1
0.3297	0.1417	0.5286	2.5	3.2	2.88	3
0.6428	0.2101	0.1471	2	3.2	4	1
0.0953	0.8008	0.1039	2.2	3.3	3.3	2
0.841	0.1306	0.0285	1.8	3.25	5	1
0.4412	0.4588	0.1	2.1	3.2	3.6	1
0.6318	0.2948	0.0734	1.67	3.6	5.5	1
0.2585	0.181	0.5605	4	3.4	1.91	3
0.4683	0.3186	0.2131	1.67	3.5	5.5	1
0.748	0.2052	0.0468	2.1	3.25	3.5	1
0.2811	0.4937	0.2253	2	3.2	4	3
0.6401	0.1255	0.2344	2.7	3.1	2.7	1
0.8249	0.071	0.1041	1.57	3.6	6.5	1
0.5601	0.3959	0.044	1.33	4.5	11	1
0.5482	0.3475	0.1043	1.62	3.6	6	1
0.7006	0.2356	0.0637	3.5	3.25	2.1	2
0.5405	0.0388	0.4207	1.53	3.8	6.5	1
0.0943	0.5093	0.3964	2.05	3.25	3.75	2
0.2383	0.4261	0.3356	1.91	3.3	4.2	3
0.3278	0.2896	0.3826	1.91	3.3	4.2	3
0.7001	0.1465	0.1534	1.57	3.75	6	1
0.8239	0.0978	0.0783	1.44	4.2	7.5	1
0.7718	0.0624	0.1658	2.9	3.1	2.5	1
0.658	0.1733	0.1687	1.36	4.5	9	1
0.4569	0.1568	0.3862	2.1	3.2	3.6	2
0.5348	0.1608	0.3044	2.25	3.2	3.25	1
0.3615	0.3519	0.2866	2.63	3.1	2.75	2
0.117	0.436	0.447	2.75	3.1	2.63	3
0.198	0.126	0.676	2.6	3.1	2.8	3
0.4267	0.4359	0.1374	2.5	3.1	2.9	1
0.7211	0.1644	0.1144	1.85	3.3	4.5	2
0.8557	0.0713	0.073	2.63	3.1	2.75	1
0.8535	0.1304	0.0161	1.33	4.75	10	1
0.6656	0.274	0.0604	2.3	3.1	3.3	1
0.716	0.2573	0.0268	3	3.2	2.38	3
0.0839	0.5784	0.3377	2.4	3.2	3	2
0.0698	0.2525	0.6777	4.5	3.5	1.8	3
0.5542	0.2029	0.243	2	3.3	3.75	3
0.6529	0.2678	0.0794	1.36	4.5	9	1
0.5111	0.2567	0.2323	2.5	3	3	1
0.4879	0.4639	0.0482	2	3.2	4	3
0.2566	0.5813	0.1621	2.3	3.1	3.25	2
0.5461	0.1735	0.2803	2.4	3.1	3.1	1
0.7807	0.2022	0.0171	1.25	5.5	12	1
0.4777	0.3666	0.1557	2.1	3.2	3.6	2
0.7642	0.1596	0.0762	1.36	4.5	9	1
0.5433	0.3051	0.1516	1.91	3.25	4.33	1
0.0593	0.3917	0.549	4.2	3.25	1.91	3
0.4919	0.3536	0.1545	1.62	3.6	6	3
0.4008	0.3519	0.2473	2.1	3.2	3.6	3
0.0591	0.7779	0.163	2	3.2	4	2
0.1412	0.5781	0.2807	8	4	1.44	2
0.4104	0.3322	0.2574	2.1	3.1	3.75	2
0.1817	0.0443	0.774	4	3.4	1.91	2
0.8316	0.1415	0.027	1.5	3.75	7.5	1
0.2146	0.2289	0.5565	4	3.2	2	2
0.5899	0.2295	0.1806	3.25	3.2	2.25	3
0.5159	0.1248	0.3593	1.91	3.25	4.2	1
0.3837	0.0615	0.5548	1.91	3.25	4.33	2
0.6097	0.3518	0.0385	1.29	5	12	1
0.228	0.4791	0.293	2.1	3.2	3.6	1
0.0726	0.1148	0.8126	4.75	3.25	1.83	3
0.5067	0.1781	0.3152	1.8	3.4	4.75	1
0.8496	0.1004	0.0499	1.22	6	13	1
0.3078	0.6642	0.028	2.2	3.2	3.4	2
0.551	0.3731	0.0759	1.83	3.4	4.5	3
0.4915	0.1481	0.3604	1.67	3.6	5.5	2
0.2405	0.0366	0.7228	6.5	3.6	1.57	3
0.3773	0.2875	0.3352	2.5	3.1	2.9	2
0.8593	0.1322	0.0085	1.91	3.25	4.33	1
0.4705	0.3027	0.2268	3.4	3.1	2.25	3
0.8555	0.0869	0.0576	1.3	5	11	1
0.8029	0.1084	0.0888	1.53	3.75	7	2
0.6252	0.282	0.0929	1.57	3.75	6.25	1
0.1892	0.5271	0.2837	2.38	3	3.2	2
0.43	0.3227	0.2473	2.1	3.2	3.6	2
0.4097	0.5087	0.0816	2.88	3.2	2.5	2
0.9304	0.0506	0.0189	1.4	4.33	8.5	1
0.626	0.2662	0.1078	3.25	3.1	2.3	1
0.458	0.2634	0.2786	5.5	3.25	1.73	3
0.6507	0.0677	0.2816	2.3	3.2	3.2	1
0.6084	0.0945	0.2971	2.25	3.1	3.4	1
0.0035	0.2381	0.7584	7.5	3.8	1.5	3
0.2	0.4905	0.3095	2.9	3.1	2.5	3
0.617	0.0451	0.3379	3	3.25	2.38	3
0.7344	0.1757	0.0899	1.62	3.6	6	1
0.8005	0.1778	0.0217	1.44	3.8	9	1
0.6605	0.1899	0.1497	2	3.2	4	1
0.4292	0.2731	0.2977	2.1	3	3.9	1
0.5227	0.2039	0.2734	1.4	4.5	8	3
0.0943	0.1437	0.762	2.9	3.1	2.5	1
0.6692	0.3097	0.0211	1.3	4.5	13	2
0.7125	0.1269	0.1606	1.8	3.4	4.75	1
0.2495	0.2695	0.481	2.1	3.25	3.6	3
0.6189	0.2096	0.1715	2.2	3	3.6	1
0.5799	0.1876	0.2325	1.33	5	9	2
0.1757	0.2518	0.5726	4.33	3.25	1.91	3
0.6932	0.2549	0.0519	1.4	4.2	9	1
0.2683	0.4639	0.2678	2.5	3	3	2
0.5706	0.289	0.1403	2.38	3.1	3.1	2
0.4172	0.4612	0.1216	1.62	3.6	6	1
0.2445	0.3352	0.4203	2.4	3.2	3	2
0.3093	0.0742	0.6165	8.5	4.33	1.4	3
0.4588	0.1699	0.3713	2.05	3.25	3.75	1
0.5808	0.2157	0.2035	3.5	3.3	2.1	2
0.6594	0.2758	0.0648	1.62	3.6	6	1
0.4687	0.504	0.0273	2.1	3.25	3.6	2
0.775	0.1784	0.0466	1.62	3.75	5.5	1
0.6061	0.0721	0.3218	2.6	3.1	2.8	3
0.6894	0.217	0.0936	2.88	3.2	2.5	3
0.5364	0.2913	0.1723	1.83	3.25	4.75	1
0.6085	0.0972	0.2944	3.2	3.25	2.25	1
0.3994	0.2526	0.348	6	3.6	1.62	1
0.6921	0.2703	0.0376	1.3	5	10	1
0.6247	0.3566	0.0188	1.53	3.75	7	1
0.7804	0.2015	0.0181	1.4	4.2	9	2
0.8249	0.108	0.0671	2.88	3.2	2.5	1
0.5614	0.3599	0.0787	1.44	4.2	7.5	2
0.1106	0.2931	0.5963	3.2	3.2	2.3	1
0.2758	0.6068	0.1174	1.29	5	11	2
0.4676	0.4732	0.0592	1.44	4.2	7	1
0.3994	0.2465	0.3541	2.63	3.1	2.75	3
0.6799	0.2778	0.0423	2.4	3.2	3	1
0.2185	0.4935	0.288	2.3	3.1	3.3	3
0.4063	0.0478	0.5459	2.4	3.2	3	1
0.4877	0.2953	0.217	2.5	3.25	2.8	1
0.4686	0.4893	0.0421	1.3	5	11	2
0.3758	0.1101	0.5141	2.3	3.2	3.2	2
0.4023	0.4923	0.1054	1.73	3.5	5	2
0.3534	0.3289	0.3177	2.8	3.1	2.63	2
0.6334	0.2845	0.0821	1.83	3.4	4.5	1
0.4166	0.1996	0.3839	3.25	3.2	2.25	2
0.8662	0.0736	0.0602	1.5	3.75	7.5	1
0.8177	0.09	0.0924	2.1	3.2	3.6	1
0.2414	0.5514	0.2072	2.5	3.2	2.88	3
0.5719	0.2025	0.2256	1.83	3.4	4.5	2
0.4953	0.4367	0.0681	2.1	3.25	3.5	1
0.7142	0.2767	0.0091	1.25	5.5	13	3
0.6798	0.0916	0.2286	1.53	4	6	1
0.2807	0.117	0.6023	3.1	3.25	2.3	1
0.2045	0.5342	0.2613	2.1	3.3	3.5	1
0.3271	0.2477	0.4253	4.75	3.4	1.8	2
0.1553	0.2819	0.5628	2.38	3	3.25	3
0.3899	0.2487	0.3613	1.44	4	8	3
0.7765	0.1443	0.0792	1.33	5	9	1
0.173	0.6421	0.1849	6.5	3.8	1.53	3
0.4564	0.182	0.3615	1.91	3.4	4	3
0.323	0.3244	0.3526	2.4	3.2	3	1
0.5099	0.3197	0.1704	2.6	3.2	2.75	2
0.3565	0.164	0.4795	2.4	3.2	3	1
0.6996	0.2154	0.085	1.57	3.75	6	1
0.3207	0.6527	0.0266	1.95	3.4	4	2
0.4595	0.2057	0.3349	2.5	3	3	1
0.2501	0.1941	0.5558	2.1	3.2	3.6	3
0.2696	0.2934	0.4369	2.1	3.2	3.6	2
0.1383	0.3826	0.4791	2.2	3.25	3.3	2
0.0714	0.485	0.4436	3	3.25	2.38	1
0.1054	0.1501	0.7445	2.5	3	3	3
0.4081	0.2255	0.3664	1.8	3.4	4.75	3
0.7614	0.1836	0.055	1.53	3.8	6.5	1
0.7761	0.0964	0.1275	2	3.2	4	1
0.8699	0.0907	0.0394	2.1	3.25	3.6	1
0.6763	0.1339	0.1898	1.83	3.4	4.33	1
0.5814	0.1395	0.2792	2.2	3.2	3.4	1
0.4025	0.5821	0.0154	1.29	5.25	10	2
0.211	0.3104	0.4786	4.75	3.6	1.73	3
0.7659	0.1822	0.0519	1.73	3.5	5	1
0.6031	0.2019	0.195	1.5	3.75	7.5	1
0.6364	0.1376	0.226	1.67	3.5	5.5	2
0.1966	0.7489	0.0545	2.15	3.3	3.4	2
0.364	0.2282	0.4078	3.6	3.2	2.1	3
0.6281	0.2585	0.1134	2.1	3.3	3.5	3
0.65	0.198	0.152	2.1	3.2	3.6	1
0.2023	0.6336	0.1641	1.67	3.5	5.5	2
0.1635	0.2236	0.6129	5	3.5	1.73	2
0.2719	0.4035	0.3247	2.7	3	2.8	2
0.5556	0.286	0.1584	2.1	3.1	3.75	2
0.4747	0.2956	0.2297	2.75	3.2	2.6	3
0.3963	0.1115	0.4922	1.53	3.75	7	1
0.6589	0.2086	0.1324	2.63	3.3	2.63	3
0.8779	0.0721	0.05	2.1	3.1	3.75	2
0.5715	0.3769	0.0516	2	3.3	3.8	1
0.5522	0.2192	0.2286	2.9	3.1	2.5	3
0.4134	0.1851	0.4015	4.33	3.5	1.83	2
0.3116	0.3882	0.3003	1.67	3.5	5.5	3
0.6509	0.3479	0.0012	1.2	6	15	1
0.462	0.2905	0.2475	4.2	3.3	1.91	1
0.1392	0.2932	0.5676	4	3.2	2	3
0.48	0.1326	0.3873	5.5	3.5	1.67	3
0.3941	0.4949	0.111	2.2	2.8	4	2
0.6389	0.3057	0.0553	1.53	3.75	7	1
0.4287	0.393	0.1783	2.38	3.25	3	1
0.5037	0.4816	0.0147	1.62	3.8	5.5	2
0.1716	0.5763	0.2522	2.05	3.4	3.6	2
0.3337	0.3848	0.2814	1.57	3.6	6.5	3
0.3897	0.4686	0.1416	2.5	3.2	2.88	2
0.8834	0.1062	0.0104	1.5	4	7	1
0.7413	0.0976	0.1611	1.67	3.5	5.5	1
0.2527	0.3401	0.4072	2.4	3.3	2.88	2
0.2282	0.3447	0.427	2.38	2.63	3.75	1
0.5196	0.4069	0.0735	3.8	3.3	2	2
0.4276	0.286	0.2863	2.5	2.4	4	2
0.1915	0.4533	0.3551	2.4	3	3.2	2
0.785	0.1525	0.0625	1.62	3.75	5.5	1
0.7484	0.1145	0.1371	1.8	3.25	5	1
0.3071	0.582	0.111	1.57	3.75	6	2
0.2848	0.5358	0.1793	2.38	3.1	3.1	2
0.2151	0.2236	0.5614	3.5	3.25	2.1	2
0.5496	0.3739	0.0765	2.5	3	3	1
0.6162	0.2964	0.0874	2.4	2.5	4	3
0.763	0.111	0.126	2.25	2.5	4.5	1
0.2659	0.0513	0.6828	1.75	3.4	5	3
0.4517	0.3652	0.1831	1.57	3.8	6	1
0.7788	0.1877	0.0335	1.8	3.5	4.5	1
0.2134	0.4477	0.3388	1.53	3.75	7	2
0.6987	0.2727	0.0286	1.3	5	11	1
0.5297	0.2046	0.2657	2.63	3	2.88	1
0.7193	0.139	0.1417	2.4	2.5	4	3
0.2271	0.4506	0.3224	4	3.25	2	2
0.3561	0.3959	0.2481	3.6	3	2.2	2
0.3976	0.1775	0.4249	2.63	2.7	3.2	1
0.4704	0.3583	0.1713	2.75	3	2.7	1
0.4872	0.3247	0.1881	4	3.5	1.91	1
0.5142	0.1231	0.3627	1.29	5	12	3
0.3667	0.518	0.1153	2.6	3.3	2.63	2
0.0672	0.1735	0.7593	6	3.8	1.57	3
0.8179	0.0694	0.1127	1.8	3.5	4.5	1
0.2822	0.0638	0.654	6	3.8	1.57	3
0.706	0.1244	0.1696	2.05	3.4	3.6	3
0.4915	0.2243	0.2842	1.7	3.6	5	2
0.279	0.5601	0.1609	1.44	4	8	2
0.8387	0.1114	0.0499	1.62	3.8	5.5	1
0.7808	0.1221	0.0971	1.44	4	8.5	1
0.5263	0.271	0.2028	1.44	4	8.5	3
0.2251	0.4729	0.3019	1.57	3.8	6	1
0.7585	0.1481	0.0934	1.95	3.3	4	1
0.218	0.3118	0.4702	2.75	2.38	3.6	1
0.8065	0.0681	0.1255	2.1	2.8	4.33	1
0.5066	0.2408	0.2526	3.1	3.1	2.4	2
0.5735	0.1698	0.2567	1.22	6	12	1
0.4139	0.4187	0.1674	2.25	2.7	4	1
0.2462	0.7048	0.0489	3.4	3.1	2.25	2
0.2371	0.1773	0.5856	2.8	3.25	2.5	2
0.6822	0.2978	0.0201	2.1	3.2	3.6	3
0.6548	0.3123	0.033	1.44	4.2	7.5	1
0.749	0.1788	0.0722	1.62	3.75	5.5	2
0.6769	0.1619	0.1611	1.2	6.5	13	2
0.6806	0.093	0.2263	2.1	2.63	4.75	1
0.7444	0.032	0.2235	1.91	3.4	4	1
0.0078	0.5782	0.4139	13	6	1.22	3
0.1813	0.1942	0.6245	3.1	3.3	2.3	3
0.7181	0.2742	0.0077	1.2	6.5	13	1
0.2022	0.0612	0.7366	5	3.5	1.73	1
0.1686	0.6312	0.2002	2.38	2.8	3.5	3
0.1629	0.4423	0.3947	1.62	3.75	5.5	3
0.5367	0.3274	0.1359	2.25	2.5	4.5	2
0.4427	0.1754	0.382	2.3	3.4	3	3
0.578	0.3256	0.0964	1.91	3.1	4.5	2
0.06	0.408	0.5321	2.2	2.88	3.75	2
0.3371	0.4508	0.2121	2.8	3.2	2.5	2
0.7989	0.0955	0.1056	2.7	2.5	3.4	1
0.4159	0.4015	0.1826	2.6	3.2	2.75	1
0.801	0.1314	0.0677	1.25	5.5	12	1
0.173	0.5643	0.2627	2	3.5	3.6	3
0.1271	0.0244	0.8485	12	5.5	1.25	3
0.1687	0.2366	0.5946	5.5	4	1.57	3
0.5732	0.3644	0.0624	2.2	3.3	3.25	1
0.4148	0.3348	0.2504	3.5	3.3	2.1	2
0.7921	0.0753	0.1325	1.3	5.25	9.5	1
0.7117	0.1201	0.1682	1.95	3.2	4.2	3
0.1176	0.3256	0.5568	5	3.5	1.73	3
0.535	0.3358	0.1292	1.5	4	7	2
0.2734	0.3634	0.3632	1.73	3.5	5	1
0.32	0.4775	0.2026	1.17	7.5	13	2
0.3525	0.5518	0.0957	1.57	3.75	6	2
0.7793	0.1359	0.0848	1.22	6	12	1
0.6215	0.3489	0.0296	3.75	3.6	1.91	1
0.1697	0.2033	0.627	1.95	3.4	3.8	3
0.3938	0.5387	0.0675	1.62	3.75	5.5	2
0.5446	0.1955	0.2599	2.3	3.2	3.1	3
0.7976	0.0971	0.1053	5	4	1.62	1
0.4302	0.0657	0.5041	13	5.25	1.25	3
0.5413	0.3469	0.1118	3.75	3.6	1.91	1
0.517	0.4144	0.0686	2	3.3	3.8	1
0.2249	0.1787	0.5964	2	3.3	3.75	2
0.3337	0.4645	0.2017	2.3	3.25	3.1	3
0.8229	0.1311	0.046	1.62	3.75	5.5	1
0.3585	0.438	0.2036	4	2.15	2.88	3
0.0708	0.1467	0.7826	4.5	3.75	1.73	3
0.4053	0.37	0.2248	2.25	3.5	3	1
0.3799	0.3756	0.2445	2	3.3	3.75	2
0.2485	0.4954	0.2561	2	2.3	6	1
0.779	0.1469	0.074	1.3	5	10	1
0.754	0.057	0.1891	2.88	3.4	2.38	1
0.8545	0.0922	0.0533	1.25	5.5	12	1
0.6918	0.1291	0.1791	1.33	4.5	11	1
0.5299	0.451	0.019	1.91	3.4	4	1
0.5428	0.0542	0.403	2.05	3.2	3.75	1
0.7434	0.0222	0.2345	1.3	5	10.5	1
0.1929	0.1145	0.6926	2.4	3.2	3	3
0.4117	0.4319	0.1564	2.1	3.2	3.6	1
0.5058	0.266	0.2283	1.95	3.3	4	1
0.5525	0.3801	0.0674	1.4	4.5	8	3
0.0506	0.3713	0.5781	3	3.25	2.38	3
0.048	0.2986	0.6533	4.33	3.6	1.8	3
0.0712	0.7749	0.1539	1.4	4.5	8	2
0.1368	0.1832	0.68	2.25	3.1	3.4	2
0.5494	0.0204	0.4302	3.6	3.2	2.1	3
0.687	0.1115	0.2015	1.83	3.4	4.5	1
0.5937	0.275	0.1313	2.3	3	3.4	2
0.5346	0.299	0.1664	2.05	3.25	3.75	1
0.4061	0.1698	0.4241	1.95	3.6	3.75	3
0.6372	0.0403	0.3225	1.67	3.75	5	1
0.7042	0.2647	0.0311	1.73	3.5	5	1
0.5125	0.2754	0.2121	2.05	3.2	3.8	1
0.5653	0.1007	0.334	1.83	3.4	4.5	1
0.1928	0.3741	0.4331	5	3.5	1.73	3
0.4776	0.1586	0.3637	1.5	4	7	3
0.0496	0.5524	0.398	2.2	3.2	3.4	2
0.0829	0.5242	0.3929	2.8	3.1	2.6	3
0.512	0.18	0.308	1.91	3.3	4.2	1
0.0788	0.2585	0.6626	5.5	3.75	1.62	3
0.6627	0.1014	0.2359	1.55	3.8	6.5	1
0.2244	0.2064	0.5692	2.8	3.1	2.6	3
0.4599	0.1716	0.3685	1.4	4.75	7.5	3
0.2574	0.3709	0.3717	2.5	3.2	2.88	2
0.5188	0.0749	0.4063	3.1	3.3	2.3	3
0.5784	0.3349	0.0867	1.29	5.25	10	1
0.5444	0.32	0.1356	2.4	3.2	3	2
0.9098	0.0308	0.0594	1.83	3.4	4.5	1
0.1338	0.7174	0.1489	1.73	3.5	5	2
0.5467	0.2973	0.156	3.1	3.5	2.2	3
0.3494	0.5979	0.0527	2.9	3.3	2.38	2
0.6371	0.1927	0.1702	1.4	4.33	8.5	3
0.5868	0.1328	0.2804	1.53	4	6	3
0.7514	0.0666	0.182	2.1	3.2	3.6	2
0.6904	0.0948	0.2147	2.7	3.4	2.5	1
0.0525	0.1906	0.7569	3.6	3.25	2.1	2
0.4336	0.2664	0.2999	2.1	3.25	3.6	1
0.3511	0.0894	0.5596	3	3.2	2.4	3
0.5766	0.2308	0.1926	2.3	3.2	3.2	2
0.5088	0.109	0.3822	1.91	3.5	4	1
0.1363	0.1982	0.6655	2.5	3.25	2.8	1
0.5259	0.1481	0.3259	2.3	3.2	3.2	2
0.3699	0.369	0.2612	2.2	3.1	3.5	1
0.5429	0.3627	0.0944	3	3.25	2.38	2
0.1711	0.3039	0.525	2.1	3.2	3.6	3
0.7768	0.0533	0.17	2.4	3.3	2.9	1
0.5983	0.333	0.0688	2.1	3.3	3.5	1
0.2324	0.6422	0.1254	1.57	3.8	6	1
0.2867	0.2047	0.5086	2.2	3.3	3.25	1
0.1229	0.5118	0.3652	3.4	3.4	2.1	3
0.5939	0.2055	0.2006	1.91	3.5	4	2
0.5519	0.3422	0.1059	2.5	3.1	2.9	1
0.563	0.4147	0.0223	2.1	3.4	3.4	2
0.7876	0.1836	0.0288	2.1	3.4	3.4	1
0.5717	0.2991	0.1292	1.62	3.6	6	1
0.0644	0.4115	0.5241	2.38	3.3	2.9	3
0.85	0.054	0.096	1.5	4	7	1
0.1094	0.3629	0.5277	4.2	3.3	1.91	3
0.1277	0.0524	0.8199	6.5	3.8	1.53	3
0.5544	0.4268	0.0188	1.7	3.6	5	1
0.7015	0.1061	0.1924	2.25	3.4	3.1	1
0.7072	0.2036	0.0893	2	3.2	4	1
0.167	0.1314	0.7016	3.1	3.1	2.38	2
0.739	0.0659	0.1951	1.57	3.8	6	1
0.5173	0.2936	0.1891	2.1	3.3	3.5	2
0.797	0.0477	0.1553	2.15	3.25	3.4	1
0.4758	0.2608	0.2634	1.5	4	7	1
0.4284	0.1911	0.3805	1.5	4	7	1
0.4084	0.1615	0.4301	2.2	3.2	3.4	2
0.1806	0.4539	0.3654	3.6	3.2	2.1	3
0.0563	0.2794	0.6642	5	3.5	1.73	3
0.4343	0.4574	0.1084	2.1	3.25	3.5	1
0.6653	0.3039	0.0309	1.4	4.33	8.5	1
0.6092	0.1543	0.2365	2.9	3.1	2.5	2
0.6969	0.036	0.2671	1.57	4.33	5	3
0.763	0.0901	0.147	2.1	3.2	3.6	3
0.1186	0.6047	0.2767	2.2	3.1	3.5	3
0.2351	0.5917	0.1731	3.2	3.3	2.25	2
0.5414	0.1876	0.2709	3.5	3.3	2.1	1
0.1655	0.5387	0.2958	1.73	3.5	5	1
0.4434	0.2302	0.3264	1.5	4	7	1
0.2927	0.6568	0.0505	1.25	5.5	12	1
0.2848	0.4349	0.2804	1.73	3.6	4.75	2
0.792	0.1753	0.0328	1.85	3.5	4.2	2
0.1671	0.0966	0.7363	3.1	3.25	2.3	3
0.738	0.1896	0.0724	1.65	3.6	5.5	3
0.7	0.093	0.2071	1.44	4.33	7	1
0.2838	0.4671	0.2491	2.25	3.2	3.3	2
0.4339	0.1615	0.4047	2.4	3.2	3	1
0.6144	0.3463	0.0393	1.57	3.6	6.5	1
0.2409	0.5353	0.2238	1.5	4	7	2
0.2994	0.347	0.3536	3.4	3.1	2.25	1
0.5471	0.2665	0.1864	1.5	4.33	6	1
0.1327	0.2293	0.6379	2.2	3.2	3.4	3
0.698	0.2772	0.0248	2.15	3.25	3.4	1
0.1752	0.4393	0.3855	2.1	3.2	3.6	2
0.0642	0.0466	0.8891	8.5	4.75	1.36	3
0.6214	0.1188	0.2598	3.25	3.25	2.25	1
0.1539	0.2675	0.5786	2.38	3.1	3.1	2
0.138	0.3002	0.5618	3.8	3.3	2	3
0.6878	0.0804	0.2318	2.63	3.5	2.5	1
0.4889	0.1624	0.3487	2	3.25	4	3
0.3419	0.2874	0.3707	2.1	3.25	3.6	1
0.7227	0.1333	0.1441	1.75	3.4	5	2
0.308	0.5403	0.1517	2	3.1	4.2	1
0.7155	0.098	0.1865	1.5	4.2	6.5	2
0.5521	0.1373	0.3107	1.83	3.5	4.2	2
0.2723	0.1952	0.5325	2.2	3.2	3.4	1
0.9122	0.079	0.0088	1.83	3.4	4.5	1
0.4249	0.3825	0.1926	1.57	3.75	6	1
0.675	0.2228	0.1022	1.57	3.8	6	2
0.6891	0.1061	0.2048	2.38	3	3.2	1
0.6756	0.3044	0.02	1.73	3.4	5.25	1
0.4681	0.2935	0.2384	2.1	3.2	3.6	2
0.7135	0.0718	0.2148	1.6	4.2	5	1
0.5302	0.114	0.3558	2.4	3.2	3	1
0.7071	0.1622	0.1307	1.8	3.4	4.75	3
0.4244	0.3486	0.227	2.05	3.25	3.75	2
0.7529	0.1307	0.1164	3.2	3.25	2.25	1
0.1515	0.3692	0.4794	5.5	4.33	1.53	3
0.4013	0.4653	0.1333	2.3	3.1	3.3	1
0.1048	0.3083	0.5869	3.2	3.1	2.3	2
0.3864	0.0662	0.5474	2.88	3	2.6	3
0.4483	0.1384	0.4133	2.8	3.25	2.5	1
0.8041	0.1173	0.0786	1.91	3.4	4	1
0.3166	0.1544	0.529	3.2	3.25	2.25	3
0.7536	0.1973	0.0491	1.33	5	9	1
0.7554	0.1066	0.138	2.25	3.2	3.25	1
0.6669	0.2829	0.0502	1.44	4.2	7.5	2
0.1757	0.298	0.5262	2.1	3.25	3.6	3
0.7382	0.2532	0.0087	1.44	4.33	7	1
0.8619	0.0718	0.0663	1.73	3.6	4.75	1
0.6956	0.2195	0.0849	1.2	6	15	1
0.1935	0.0951	0.7114	3.5	3.6	2	3
0.1303	0.2027	0.667	1.95	3.2	4.2	1
0.7616	0.1863	0.052	2.25	3.25	3.25	1
0.818	0.1688	0.0132	1.95	3.75	3.5	1
0.3074	0.1793	0.5133	1.85	3.3	4.5	3
0.1478	0.4557	0.3965	2.3	3.3	3.1	1
0.1145	0.1011	0.7844	5.5	3.8	1.62	3
0.4056	0.3213	0.273	3	3.2	2.4	1
0.137	0.2268	0.6362	2.3	3.1	3.3	3
0.273	0.4252	0.3018	3.6	3.25	2.1	3
0.6731	0.2123	0.1146	2.88	3.2	2.5	2
0.2893	0.2657	0.445	2.5	3.2	2.88	3
0.6318	0.073	0.2952	2.4	3.2	3	1
0.7461	0.2217	0.0322	1.8	3.5	4.5	2
0.465	0.2963	0.2387	1.83	3.5	4.33	1
0.3378	0.1459	0.5163	3.6	3.75	1.91	1
0.1403	0.5937	0.266	1.44	4	8.5	1
0.2126	0.3735	0.4139	2.4	3.2	3	2
0.6995	0.0427	0.2578	1.29	5	11	1
0.8555	0.0566	0.0879	1.2	6	15	1
0.5995	0.2951	0.1054	1.36	4.5	9	3
0.615	0.0863	0.2987	2	3.2	4	1
0.0321	0.1049	0.8631	8.5	4.33	1.4	3
0.1502	0.479	0.3708	3.1	3.2	2.3	1
0.4169	0.1423	0.4408	2.15	3.2	3.5	2
0.454	0.1793	0.3667	2.25	3.25	3.25	3
0.6712	0.23	0.0988	1.33	5	8.5	2
0.7199	0.1491	0.131	3.2	3.2	2.3	3
0.6883	0.2544	0.0573	2.25	3.75	2.8	1
0.4089	0.2628	0.3283	3.25	3.25	2.25	3
0.3159	0.044	0.6402	4.2	3.3	1.91	3
0.713	0.1676	0.1194	2	3.3	3.8	1
0.7836	0.1129	0.1036	1.95	3.3	4	2
0.8051	0.1341	0.0608	1.53	3.9	6.5	1
0.4672	0.381	0.1518	2.2	3.1	3.5	1
0.7894	0.1844	0.0262	1.25	5.5	12	3
0.5172	0.3708	0.112	2.3	3.2	3.2	1
0.3324	0.1586	0.509	1.18	6.5	16	3
0.6002	0.0346	0.3652	1.3	5	11	1
0.7465	0.1873	0.0662	2.05	3.75	3.25	1
0.7133	0.1574	0.1294	1.83	3.4	4.5	1
0.2674	0.4097	0.3229	3	3.2	2.4	1
0.4387	0.5117	0.0495	2	3.2	4	1
0.7751	0.1681	0.0568	1.25	5.5	12	1
0.5744	0.1161	0.3095	2	3.4	3.8	1
0.301	0.2996	0.3995	2.88	3.75	2.2	1
0.8435	0.1064	0.0501	1.57	3.8	6	1
0.4027	0.4413	0.156	1.3	5	10	1
0.1042	0.3089	0.5869	5	3.5	1.73	2
0.2574	0.3763	0.3662	3.6	3.25	2.1	2
0.5867	0.2589	0.1543	2.2	3.2	3.4	1
0.1776	0.3575	0.4649	3.1	3.3	2.3	1
0.651	0.3192	0.0299	1.36	4.5	9.5	1
0.2998	0.4295	0.2707	1.4	4.5	8	1
0.0146	0.4475	0.5379	2.88	3.2	2.5	2
0.4981	0.1752	0.3267	2.05	3.2	3.8	2
0.186	0.6406	0.1735	2.6	3	2.9	2
0.4966	0.3946	0.1089	2.5	3.2	2.9	2
0.0679	0.5154	0.4166	2.25	3.2	3.3	3
0.1721	0.6758	0.1521	2.7	3.1	2.7	3
0.3826	0.4885	0.1289	1.91	4	3.4	2
0.2944	0.2391	0.4665	2.4	3.2	3	1
0.5878	0.2674	0.1449	1.17	6.5	17	2
0.7671	0.1736	0.0593	1.57	3.8	6	3
0.2853	0.1134	0.6014	3.5	3.3	2.1	3
0.328	0.2807	0.3912	2.9	3.5	2.3	2
0.256	0.4544	0.2897	1.91	3.4	4	2
0.5729	0.204	0.2231	3	3.25	2.38	1
0.3702	0.419	0.2108	1.62	3.75	5.75	2
0.301	0.1047	0.5943	3	3.25	2.38	3
0.6121	0.2334	0.1545	1.62	3.75	5.5	1
0.7804	0.1844	0.0353	1.57	3.75	6	1
0.8522	0.0664	0.0814	1.5	4.2	6.5	1
0.0965	0.4504	0.4531	2.1	3.25	3.5	2
0.0171	0.3801	0.6028	5.5	3.8	1.62	3
0.69	0.2786	0.0315	1.73	3.5	5	1
0.3621	0.1378	0.5	2.8	3.25	2.5	1
0.7241	0.1478	0.1281	1.53	4	6	1
0.1875	0.1473	0.6652	2.15	3.2	3.5	3
0.1287	0.2516	0.6197	3	3.2	2.4	3
0.1015	0.1026	0.796	3.5	3.3	2.1	1
0.7301	0.1874	0.0825	1.62	3.8	5.5	1
0.4235	0.292	0.2845	2.88	3.2	2.5	2
0.4931	0.3672	0.1396	2.2	3.2	3.4	2
0.2961	0.5011	0.2028	1.85	3.3	4.5	2
0.1098	0.6066	0.2836	5.25	3.6	1.67	2
0.8284	0.1097	0.0619	1.57	4	5.5	1
0.1265	0.4228	0.4508	1.57	3.75	6	2
0.5902	0.3706	0.0392	1.8	3.5	4.5	2
0.5908	0.0577	0.3515	3.2	3.5	2.15	1
0.646	0.2074	0.1465	2	3.3	3.8	1
0.4471	0.2901	0.2628	1.5	4	7	1
0.6654	0.2117	0.1229	2.2	3.2	3.4	2
0.3433	0.211	0.4457	3.4	3.4	2.1	1
0.7973	0.1439	0.0588	2	3.3	3.8	1
0.6644	0.0863	0.2493	2	3.4	3.75	1
0.3877	0.4069	0.2054	2.4	3.2	3	1
0.4178	0.5484	0.0338	1.36	4.75	8	2
0.1202	0.0524	0.8274	3	3.2	2.4	3
0.7127	0.2331	0.0541	2.1	3.1	3.75	1
0.1801	0.4652	0.3547	3.1	3.1	2.4	1
0.2511	0.6049	0.144	2.1	3.3	3.5	2
0.1118	0.4861	0.4021	2.88	3.4	2.38	3
0.528	0.2232	0.2488	2.2	3.2	3.4	1
0.7387	0.057	0.2043	3.1	3.3	2.3	2
0.5824	0.4053	0.0123	1.2	6.5	13	1
0.444	0.1237	0.4323	2.05	3.25	3.75	3
0.8409	0.1317	0.0274	2	3.2	4	1
0.9044	0.0823	0.0133	1.25	5.5	12	1
0.2483	0.2357	0.5161	3	3.2	2.4	2
0.3488	0.3911	0.2601	3.3	3.3	2.2	1
0.1043	0.8441	0.0516	3	3.2	2.38	2
0.2213	0.5087	0.27	1.62	3.6	6	1
0.3374	0.2092	0.4534	2.1	3.2	3.6	1
0.2293	0.3311	0.4396	2.4	3.2	3	3
0.6993	0.2399	0.0607	1.44	4.2	7.5	1
0.0865	0.2198	0.6937	3.4	3.3	2.15	3
0.7065	0.1677	0.1258	1.5	4.33	6	1
0.642	0.241	0.117	2.25	3.1	3.4	1
0.4134	0.2315	0.3551	2.2	3.2	3.4	3
0.2202	0.3892	0.3906	2.1	3.2	3.6	2
0.1913	0.4401	0.3686	4	3.4	1.91	3
0.1757	0.5724	0.2519	2.8	3.4	2.4	2
0.6098	0.1914	0.1988	1.44	4	8	1
0.7189	0.2078	0.0734	2.25	3.1	3.4	1
0.0462	0.137	0.8168	3.5	3.5	2.05	1
0.8033	0.1429	0.0538	1.73	3.5	5	3
0.7866	0.183	0.0304	1.29	5.25	11	1
0.2245	0.2181	0.5574	2.5	3.25	2.8	3
0.0956	0.543	0.3614	1.91	3.3	4.2	3
0.5178	0.2812	0.2011	2	3.3	3.8	1
0.2568	0.1296	0.6136	5.5	3.75	1.62	3
0.2818	0.5739	0.1443	1.91	3.4	4	1
0.2207	0.4719	0.3074	1.44	4.2	7.5	1
0.6303	0.2793	0.0904	1.29	5.25	11	1
0.5811	0.2417	0.1772	1.44	4.2	7.5	1
0.2691	0.127	0.6039	2.9	3.1	2.5	3
0.7254	0.1819	0.0926	1.5	4.33	6	1
0.2302	0.4623	0.3075	2.2	3.2	3.4	2
0.7497	0.0502	0.2	2.4	3.1	3.1	1
0.6622	0.3126	0.0252	2.25	3	3.5	2
0.1073	0.5494	0.3434	3.3	3.2	2.25	1
0.1182	0.0515	0.8303	5	3.5	1.73	3
0.5846	0.2786	0.1368	1.91	3.25	4.33	2
0.202	0.5581	0.2399	3.25	3.3	2.2	3
0.7741	0.0434	0.1825	1.95	3.3	4	1
0.703	0.2521	0.0449	3.5	3.5	2.05	1
0.7529	0.1415	0.1055	1.36	4.5	9	1
0.1856	0.0701	0.7443	3.3	3.25	2.2	3
0.6157	0.2697	0.1146	2	3.2	4	2
0.2896	0.1292	0.5812	2.63	3.3	2.88	3
0.5026	0.3967	0.1006	2.1	3.1	3.75	2
0.8344	0.1171	0.0485	1.14	8	15	1
0.2677	0.4662	0.266	1.91	3.3	4.2	2
0.5557	0.3138	0.1305	2.88	3.2	2.5	2
0.4974	0.2027	0.3	1.75	3.6	4.75	3
0.693	0.104	0.2031	1.36	4.5	9	1
0.7595	0.1262	0.1143	2.05	3.25	3.75	3
0.1848	0.6297	0.1854	2.4	3.1	3.1	2
0.781	0.1412	0.0778	1.8	3.3	4.75	1
0.7697	0.1891	0.0413	1.91	3.6	3.75	2
