117.916	58.206	107.000	145.733	92.549	15.000	10.000	94.940	55.699	62.273	131.393	183.627	3.000
260.060	233.653	248.000	59.347	48.062	15.000	24.000	94.940	55.699	65.547	70.756	72.200	6.000
116.625	57.278	72.000	165.525	95.138	11.000	9.000	94.242	55.670	45.414	106.899	190.949	3.000
118.536	82.107	28.000	93.222	64.195	5.000	9.000	94.242	55.670	70.822	189.667	171.556	1.000
45.824	248.471	17.000	31.480	7.829	5.000	5.000	94.242	55.670	72.320	26.240	35.200	1.000
55.048	254.095	21.000	165.208	90.552	8.000	3.000	94.242	55.670	131.167	42.250	170.333	1.000
117.525	58.161	118.000	137.959	79.067	15.000	13.000	94.479	55.511	67.400	167.169	203.569	1.000
181.562	75.031	32.000	62.167	55.661	12.000	4.000	94.479	55.511	145.062	110.500	79.667	1.000
171.500	77.000	4.000	133.000	11.000	4.000	1.000	94.479	55.511	244.000	62.000	164.000	1.000
193.077	83.769	65.000	140.608	74.777	12.000	10.000	94.479	55.511	67.683	87.475	158.200	3.000
120.093	63.894	621.000	95.031	62.003	39.000	22.000	93.625	55.875	91.030	180.291	160.979	4.000
186.883	81.145	214.000	90.560	70.673	27.000	16.000	93.625	55.875	77.954	77.308	105.056	3.000
110.031	62.449	325.000	94.552	61.390	28.000	18.000	93.321	55.782	66.694	173.623	156.984	2.000
185.307	80.579	228.000	87.967	67.711	30.000	15.000	93.321	55.782	71.569	78.580	103.538	3.000
216.125	108.750	16.000	197.042	18.121	3.000	8.000	93.321	55.782	38.167	223.875	246.000	1.000
81.885	241.011	715.000	75.775	53.098	38.000	31.000	93.321	55.782	75.829	64.085	88.272	6.000
111.022	60.792	400.000	93.398	65.901	34.000	15.000	94.136	55.652	71.829	166.269	147.106	2.000
132.500	65.000	8.000	45.875	17.857	8.000	1.000	94.136	55.652	31.375	242.125	127.000	1.000
191.446	84.950	101.000	102.000	81.857	20.000	9.000	94.136	55.652	49.922	54.850	111.244	3.000
213.081	109.072	111.000	122.604	61.546	9.000	25.000	94.136	55.652	37.782	175.778	177.813	1.000
151.586	242.414	87.000	76.241	61.990	9.000	18.000	94.136	55.652	97.074	102.105	95.951	6.000
108.013	59.678	388.000	89.155	57.264	35.000	16.000	94.067	55.723	62.091	158.525	143.200	4.000
127.000	62.000	3.000	224.333	2.357	1.000	3.000	94.067	55.723	158.667	189.000	248.000	1.000
192.576	85.035	85.000	107.360	88.136	17.000	8.000	94.067	55.723	73.007	63.404	118.294	3.000
214.532	112.280	432.000	124.129	70.606	17.000	35.000	94.067	55.723	41.877	179.103	175.624	1.000
228.200	235.600	5.000	50.333	13.732	3.000	2.000	94.067	55.723	7.000	29.167	57.333	1.000
223.621	249.116	95.000	76.948	56.692	14.000	11.000	94.067	55.723	122.097	65.883	90.494	6.000
96.138	57.809	94.000	87.370	61.779	12.000	9.000	93.067	55.385	56.657	215.676	172.593	2.000
192.759	85.096	83.000	114.412	87.745	17.000	8.000	93.067	55.385	38.838	87.382	129.059	3.000
213.766	115.838	582.000	130.299	65.906	22.000	41.000	93.067	55.385	35.631	184.177	186.244	1.000
82.200	110.029	105.000	155.400	95.410	9.000	20.000	93.067	55.385	47.600	71.367	164.133	6.000
303.083	244.750	12.000	53.750	13.190	5.000	4.000	93.067	55.385	98.450	60.100	66.800	1.000
295.884	252.651	43.000	59.271	51.550	8.000	6.000	93.067	55.385	78.500	90.229	77.333	1.000
192.651	84.698	63.000	143.838	79.638	15.000	7.000	93.214	55.526	39.829	95.076	166.857	3.000
214.326	115.665	669.000	125.187	65.392	25.000	45.000	93.214	55.526	44.002	166.791	178.731	1.000
106.964	110.343	140.000	151.420	88.043	11.000	21.000	93.214	55.526	50.273	70.853	161.039	6.000
206.551	101.211	720.000	104.326	69.172	45.000	37.000	93.366	55.815	63.139	109.222	136.740	3.000
132.297	111.084	155.000	151.242	84.956	12.000	22.000	93.366	55.815	59.356	86.239	168.121	6.000
207.807	102.735	840.000	96.279	62.774	51.000	42.000	93.067	55.209	67.331	92.062	122.039	3.000
156.506	113.559	170.000	147.157	85.915	13.000	23.000	93.067	55.209	67.515	52.485	155.077	6.000
206.728	102.741	904.000	97.630	67.518	47.000	41.000	93.052	55.277	75.291	96.604	124.600	3.000
184.399	115.050	218.000	139.756	84.626	15.000	26.000	93.052	55.277	60.877	73.003	155.426	6.000
200.899	101.593	1330.000	98.203	65.172	61.000	50.000	92.892	55.299	90.436	71.792	115.979	2.000
193.619	95.629	785.000	62.804	53.716	46.000	27.000	91.949	54.854	85.109	109.257	86.776	2.000
238.196	122.674	46.000	154.948	102.549	7.000	11.000	91.949	54.854	70.740	47.558	157.714	6.000
185.394	91.859	554.000	61.890	53.319	42.000	23.000	92.094	54.627	73.474	123.933	89.830	3.000
155.824	91.059	17.000	70.880	54.227	5.000	5.000	92.094	54.627	33.200	81.640	80.000	1.000
166.263	85.120	773.000	68.834	59.858	63.000	19.000	92.211	54.591	89.309	121.152	95.078	2.000
115.759	55.138	29.000	223.139	30.975	9.000	4.000	92.241	54.566	32.889	141.500	242.667	1.000
143.657	79.178	359.000	61.544	48.734	29.000	17.000	92.241	54.566	76.982	154.937	99.570	2.000
134.183	72.805	251.000	78.225	65.113	19.000	22.000	92.444	54.541	81.045	152.464	120.440	3.000
133.378	70.804	209.000	80.506	66.422	18.000	18.000	92.487	54.476	89.836	182.247	136.889	3.000
127.578	63.035	424.000	95.699	65.903	32.000	21.000	89.715	55.278	55.271	133.449	134.929	4.000
182.293	79.751	334.000	88.486	68.989	30.000	19.000	89.715	55.278	55.872	65.093	101.572	3.000
200.285	233.598	2169.000	61.619	42.209	57.000	52.000	89.715	55.278	101.869	54.245	75.085	3.000
252.625	227.738	363.000	154.879	43.706	34.000	20.000	89.715	55.278	152.275	106.747	186.918	3.000
278.727	247.545	11.000	120.850	63.883	5.000	4.000	89.715	55.278	149.450	93.800	141.200	1.000
128.274	62.679	430.000	95.808	59.588	33.000	20.000	90.209	55.150	69.089	126.974	136.485	2.000
171.717	76.924	487.000	84.033	64.125	54.000	18.000	90.209	55.150	46.493	83.834	101.539	3.000
178.508	166.287	3073.000	75.305	49.977	60.000	71.000	90.209	55.150	101.308	70.223	92.971	2.000
150.191	68.950	1180.000	83.661	54.818	89.000	33.000	92.440	54.787	62.309	99.648	110.951	4.000
159.875	128.755	694.000	70.525	65.633	37.000	26.000	92.440	54.787	69.410	121.896	98.154	3.000
93.417	54.583	12.000	117.857	16.767	7.000	2.000	93.329	54.785	86.000	142.143	182.857	4.000
153.416	68.715	1241.000	85.130	55.891	88.000	32.000	93.329	54.785	64.184	99.502	112.824	4.000
149.454	108.287	491.000	68.064	67.250	29.000	19.000	93.329	54.785	79.016	131.358	97.132	3.000
175.488	76.575	369.000	76.122	64.451	40.000	20.000	84.032	56.946	58.115	87.872	93.650	3.000
145.279	99.883	308.000	69.033	74.366	22.000	18.000	84.032	56.946	72.114	136.760	94.404	3.000
123.741	58.886	158.000	100.441	64.929	24.000	12.000	88.543	56.798	83.733	123.604	139.444	2.000
185.000	78.000	3.000	8.667	0.943	3.000	1.000	88.543	56.798	0.000	255.000	26.667	1.000
193.125	82.531	32.000	66.014	14.003	10.000	7.000	88.543	56.798	28.657	36.014	76.114	1.000
141.265	95.336	298.000	72.988	72.980	25.000	16.000	88.543	56.798	66.745	143.275	103.360	3.000
216.713	173.847	3972.000	123.107	78.721	76.000	71.000	88.543	56.798	64.426	79.431	140.191	2.000
122.229	57.265	83.000	96.615	70.395	16.000	6.000	88.211	58.147	53.687	176.469	157.167	3.000
142.620	82.461	735.000	74.059	68.107	31.000	31.000	88.211	58.147	70.220	103.770	93.245	2.000
189.500	79.000	4.000	58.500	10.500	4.000	1.000	88.211	58.147	16.500	86.500	80.000	1.000
194.450	83.750	20.000	67.321	7.987	7.000	4.000	88.211	58.147	29.393	17.893	72.857	1.000
191.523	145.404	2481.000	124.805	80.986	60.000	54.000	88.211	58.147	59.860	82.108	141.965	2.000
203.637	242.522	1820.000	158.064	75.349	81.000	29.000	88.211	58.147	120.046	97.490	172.349	2.000
135.746	71.769	1061.000	74.764	55.986	38.000	41.000	87.810	56.624	50.787	92.686	96.021	4.000
165.462	171.502	7231.000	113.216	64.164	72.000	126.000	87.810	56.624	57.952	74.382	132.690	4.000
128.000	193.500	4.000	27.750	4.085	1.000	4.000	87.810	56.624	5.250	69.250	38.000	1.000
135.639	72.122	613.000	72.617	64.822	20.000	33.000	89.709	55.416	65.694	103.539	92.218	4.000
151.265	135.470	3336.000	120.548	62.744	63.000	81.000	89.709	55.416	58.282	77.199	142.848	4.000
137.695	108.216	3179.000	96.866	63.362	69.000	71.000	78.823	57.887	46.193	79.219	115.766	4.000
222.679	235.370	975.000	67.862	43.771	46.000	48.000	78.823	57.887	31.604	44.065	75.496	1.000
131.793	73.352	193.000	68.651	71.598	17.000	14.000	86.197	56.789	62.113	135.563	89.882	3.000
132.912	101.245	1688.000	120.057	72.460	64.000	39.000	86.197	56.789	50.700	102.171	147.971	4.000
207.982	164.619	4454.000	103.213	74.247	78.000	77.000	86.197	56.789	57.398	76.267	118.812	2.000
154.159	110.999	6312.000	94.419	59.940	110.000	110.000	87.974	55.945	50.142	62.062	108.911	4.000
273.396	251.604	396.000	78.875	23.005	64.000	9.000	87.974	55.945	139.578	53.049	94.889	1.000
143.069	99.423	4375.000	95.311	62.684	92.000	89.000	85.404	55.505	49.687	64.931	110.151	4.000
213.547	219.341	2791.000	57.308	34.436	48.000	76.000	85.404	55.505	106.217	56.454	68.138	3.000
136.067	90.461	3154.000	99.818	66.995	76.000	71.000	85.348	55.532	50.387	77.999	120.351	4.000
169.833	63.333	12.000	122.944	63.683	6.000	3.000	85.348	55.532	17.333	82.222	148.889	2.000
176.750	67.750	4.000	97.833	81.405	3.000	2.000	85.348	55.532	26.833	128.167	122.667	1.000
219.180	200.463	5908.000	90.831	50.230	91.000	95.000	85.348	55.532	97.558	60.682	107.449	2.000
128.907	81.813	2254.000	104.495	67.660	66.000	58.000	89.093	55.810	49.056	87.071	128.773	4.000
200.275	171.847	3195.000	87.094	53.277	71.000	71.000	89.093	55.810	105.504	67.908	103.898	2.000
123.382	74.217	1575.000	109.451	69.712	58.000	44.000	90.557	55.579	50.930	98.447	139.282	4.000
186.500	144.666	2357.000	85.095	53.461	61.000	56.000	90.557	55.579	90.524	75.889	103.632	2.000
120.777	69.166	1141.000	92.534	67.656	52.000	35.000	82.839	61.539	49.501	90.910	112.703	4.000
172.507	125.751	1466.000	74.778	56.550	51.000	43.000	82.839	61.539	74.405	76.595	90.094	2.000
188.000	112.000	1.000	130.000	0.000	1.000	1.000	82.839	61.539	163.000	51.000	160.000	1.000
251.216	228.446	4608.000	152.956	89.413	98.000	61.000	82.839	61.539	60.218	28.453	158.357	2.000
101.875	240.168	2342.000	151.128	49.136	82.000	36.000	82.839	61.539	82.453	22.396	156.954	2.000
98.081	55.973	37.000	64.729	69.565	8.000	6.000	72.079	56.560	81.875	121.125	85.000	1.000
116.004	72.404	448.000	92.732	83.245	32.000	19.000	72.079	56.560	40.707	109.312	111.829	2.000
160.587	108.791	707.000	78.351	67.522	38.000	28.000	72.079	56.560	84.901	85.442	94.436	3.000
107.454	173.648	2832.000	103.342	77.627	50.000	71.000	72.079	56.560	51.055	90.692	120.050	2.000
220.449	187.944	3714.000	119.129	90.779	66.000	71.000	72.079	56.560	60.864	36.094	126.223	2.000
109.193	62.691	641.000	98.049	82.105	37.000	21.000	78.409	55.578	48.483	108.008	117.426	4.000
149.833	93.700	450.000	86.224	75.258	34.000	21.000	78.409	55.578	81.160	90.538	103.518	3.000
109.899	116.674	1274.000	103.927	80.664	33.000	44.000	78.409	55.578	54.373	86.809	118.523	2.000
220.741	146.319	4587.000	91.449	76.582	104.000	61.000	78.409	55.578	75.561	61.926	103.850	4.000
94.762	59.933	164.000	119.036	99.573	15.000	13.000	77.917	57.747	42.062	134.236	141.497	3.000
120.447	58.495	103.000	131.686	98.131	11.000	11.000	77.917	57.747	52.256	161.893	153.653	3.000
111.491	96.187	525.000	104.560	89.446	24.000	27.000	77.917	57.747	47.404	142.315	128.000	3.000
146.430	86.649	114.000	122.125	100.580	20.000	8.000	77.917	57.747	58.969	110.569	141.000	3.000
190.162	118.297	2040.000	100.621	78.888	72.000	45.000	77.917	57.747	62.402	91.914	123.449	4.000
93.479	56.146	48.000	153.091	84.945	11.000	5.000	73.428	57.098	57.200	161.018	188.364	4.000
119.444	74.451	1320.000	82.900	67.671	53.000	38.000	73.428	57.098	59.341	122.510	109.128	4.000
173.342	103.078	1249.000	105.820	85.920	58.000	30.000	73.428	57.098	58.981	91.892	127.062	4.000
288.250	165.292	120.000	48.856	24.059	12.000	18.000	73.428	57.098	80.819	42.995	55.667	1.000
241.964	198.269	4529.000	116.639	92.558	74.000	81.000	73.428	57.098	51.822	44.902	123.701	2.000
136.438	243.550	260.000	47.556	40.729	15.000	29.000	73.428	57.098	55.648	56.786	57.692	1.000
99.145	66.694	399.000	100.870	79.966	21.000	25.000	78.247	55.185	51.520	140.533	131.032	2.000
143.521	81.437	1294.000	88.726	68.856	54.000	52.000	78.247	55.185	50.782	82.718	107.544	4.000
209.020	149.839	2065.000	115.547	93.989	50.000	53.000	78.247	55.185	59.070	43.284	122.886	2.000
147.950	190.278	1237.000	74.287	63.542	46.000	40.000	78.247	55.185	75.302	78.424	88.652	3.000
127.710	75.009	1868.000	93.416	63.939	76.000	48.000	82.747	54.005	43.104	92.566	117.154	4.000
189.387	122.971	1135.000	124.423	93.891	39.000	37.000	82.747	54.005	55.456	57.114	135.468	2.000
129.435	132.116	611.000	89.465	70.465	31.000	28.000	82.747	54.005	78.558	141.116	129.456	3.000
67.070	136.230	100.000	55.399	56.862	11.000	13.000	82.747	54.005	43.413	116.315	73.566	6.000
112.336	61.630	554.000	81.088	64.052	43.000	18.000	75.973	56.334	58.217	151.003	124.165	2.000
152.750	105.128	3545.000	94.829	72.727	93.000	53.000	75.973	56.334	51.059	83.122	115.864	4.000
91.591	143.478	115.000	51.829	59.096	11.000	17.000	75.973	56.334	37.930	100.251	68.321	6.000
257.251	235.873	614.000	63.113	43.511	32.000	49.000	75.973	56.334	45.542	38.522	68.995	1.000
108.385	59.062	288.000	72.272	58.137	30.000	13.000	77.244	55.446	67.562	165.128	113.949	2.000
164.857	96.236	1786.000	99.569	79.190	58.000	54.000	77.244	55.446	45.763	65.881	114.307	4.000
114.560	95.198	252.000	73.119	81.699	24.000	14.000	77.244	55.446	60.586	128.497	93.405	3.000
252.754	168.337	2879.000	125.155	87.853	61.000	62.000	77.244	55.446	67.085	78.993	139.854	2.000
108.611	70.168	773.000	69.842	63.124	27.000	36.000	75.463	57.702	68.083	98.750	88.658	4.000
163.825	97.714	1481.000	105.576	80.367	57.000	44.000	75.463	57.702	54.549	49.023	114.931	4.000
232.510	134.840	1475.000	129.341	91.483	46.000	44.000	75.463	57.702	71.927	74.720	142.115	2.000
149.545	178.214	435.000	97.342	72.176	18.000	44.000	75.463	57.702	130.375	93.707	117.505	6.000
261.057	231.286	4398.000	134.915	71.385	103.000	55.000	75.463	57.702	64.497	137.196	163.795	2.000
106.659	64.299	511.000	98.851	68.307	29.000	26.000	80.151	55.963	85.828	150.785	148.838	2.000
184.398	103.261	2911.000	103.593	71.910	105.000	55.000	80.151	55.963	69.063	54.540	116.210	4.000
101.000	80.000	1.000	34.000	0.000	1.000	1.000	80.151	55.963	11.000	204.000	72.000	1.000
223.686	188.475	4597.000	90.591	68.648	77.000	79.000	80.151	55.963	87.826	92.577	110.271	2.000
105.146	61.663	383.000	78.905	61.064	29.000	20.000	78.288	57.441	52.978	136.141	114.345	2.000
174.000	65.000	1.000	248.000	0.000	1.000	1.000	78.288	57.441	0.000	0.000	248.000	1.000
141.018	79.271	277.000	145.899	91.676	21.000	17.000	78.288	57.441	53.683	54.815	158.700	2.000
196.799	132.659	4946.000	95.678	71.458	72.000	102.000	78.288	57.441	50.358	78.747	112.552	4.000
118.752	206.685	3284.000	132.252	82.313	58.000	69.000	78.288	57.441	80.510	65.463	143.996	2.000
243.595	196.108	279.000	58.307	56.008	16.000	24.000	78.288	57.441	71.500	96.771	74.354	6.000
101.200	60.283	145.000	121.090	80.184	15.000	14.000	77.969	54.644	83.162	179.490	176.914	1.000
116.571	54.929	14.000	75.778	80.673	6.000	3.000	77.969	54.644	7.944	213.167	115.556	1.000
137.254	74.297	185.000	162.361	89.466	18.000	14.000	77.969	54.644	59.020	68.409	178.095	2.000
187.763	121.538	3733.000	95.568	74.722	59.000	93.000	77.969	54.644	51.819	86.032	113.378	4.000
115.868	147.047	1433.000	133.850	86.187	39.000	43.000	77.969	54.644	77.469	54.348	144.181	2.000
297.860	222.159	534.000	71.275	51.843	16.000	50.000	77.969	54.644	80.690	83.128	86.960	6.000
106.566	57.429	182.000	108.512	71.375	26.000	10.000	79.948	53.757	47.115	149.208	163.015	1.000
172.586	109.025	4093.000	94.587	66.527	85.000	91.000	79.948	53.757	60.325	60.143	108.156	4.000
117.125	114.663	695.000	137.693	94.439	28.000	29.000	79.948	53.757	71.499	55.182	146.296	2.000
106.793	56.810	174.000	109.082	72.540	31.000	9.000	82.109	53.358	59.806	145.631	160.803	1.000
167.178	103.787	3553.000	93.839	65.038	80.000	87.000	82.109	53.358	52.074	74.382	110.680	4.000
116.354	96.252	413.000	138.775	92.396	22.000	22.000	82.109	53.358	66.589	67.543	151.141	2.000
147.835	91.785	4933.000	98.229	62.416	103.000	85.000	82.782	56.627	44.348	86.722	125.218	4.000
128.171	65.788	1220.000	116.403	77.847	67.000	30.000	80.800	57.653	66.692	121.225	154.372	4.000
169.719	106.652	859.000	94.140	80.223	33.000	33.000	80.800	57.653	37.115	122.488	118.854	2.000
265.615	184.674	4062.000	136.758	85.108	71.000	76.000	80.800	57.653	66.607	56.278	147.831	2.000
128.177	75.937	695.000	83.205	61.808	28.000	30.000	113.796	54.272	131.648	55.020	93.600	2.000
220.500	87.500	2.000	27.750	36.752	2.000	2.000	113.796	54.272	90.750	131.000	32.750	1.000
233.316	103.649	114.000	41.545	44.175	14.000	11.000	113.796	54.272	141.571	96.338	50.812	3.000
110.329	51.977	426.000	56.594	50.294	29.000	18.000	114.506	54.229	126.103	66.927	65.469	2.000
232.284	104.516	95.000	42.933	44.476	15.000	11.000	114.506	54.229	141.897	74.152	52.448	3.000
105.400	39.873	245.000	52.486	49.640	29.000	12.000	114.871	54.457	132.207	49.342	57.759	4.000
233.169	105.143	77.000	36.196	45.371	14.000	8.000	114.871	54.457	120.062	72.009	40.830	3.000
233.227	105.053	75.000	34.687	45.590	14.000	8.000	115.364	54.321	128.187	94.679	40.018	3.000
276.500	142.000	6.000	175.167	10.479	2.000	3.000	115.364	54.321	146.167	158.833	223.500	1.000
232.615	107.231	13.000	15.250	16.312	10.000	2.000	114.423	55.051	143.500	117.300	19.100	1.000
251.383	122.298	47.000	179.917	40.905	5.000	12.000	114.423	55.051	131.850	115.017	211.567	6.000
236.200	110.116	95.000	135.850	76.952	15.000	8.000	114.162	54.913	140.758	114.692	160.275	6.000
225.584	146.740	589.000	103.636	73.516	21.000	40.000	114.162	54.913	132.110	68.610	115.476	5.000
229.626	103.074	163.000	133.769	79.676	13.000	17.000	113.166	55.684	132.910	126.068	159.602	6.000
191.315	109.126	222.000	89.263	77.865	12.000	25.000	113.166	55.684	138.920	88.793	102.073	5.000
184.959	165.806	2909.000	94.552	52.609	64.000	60.000	113.166	55.684	136.026	48.785	105.183	2.000
145.689	102.764	823.000	75.854	57.836	33.000	32.000	108.663	55.451	138.307	64.580	86.232	2.000
224.820	99.877	122.000	123.196	65.324	14.000	16.000	108.663	55.451	147.040	97.170	145.924	6.000
125.894	63.265	170.000	65.866	69.601	17.000	14.000	116.112	57.160	120.870	67.971	74.349	2.000
214.455	89.291	55.000	163.429	36.649	7.000	12.000	116.112	57.160	141.000	97.702	192.976	6.000
129.301	105.484	1309.000	57.384	45.780	36.000	42.000	116.112	57.160	139.888	51.947	65.150	2.000
118.754	62.949	566.000	48.448	50.623	21.000	37.000	111.010	56.544	126.864	55.817	53.287	4.000
213.831	89.034	59.000	152.738	35.261	5.000	16.000	111.010	56.544	149.887	80.387	177.913	6.000
198.692	154.281	2984.000	138.034	70.189	66.000	62.000	111.010	56.544	129.993	33.008	144.533	2.000
110.889	47.240	262.000	32.112	40.992	16.000	20.000	112.324	55.295	119.703	61.775	36.081	2.000
159.795	98.243	916.000	125.898	76.334	33.000	34.000	112.324	55.295	139.912	51.730	134.801	2.000
215.258	89.226	62.000	155.969	47.035	6.000	16.000	112.324	55.295	138.729	85.448	174.396	6.000
101.446	37.982	56.000	9.847	13.488	9.000	8.000	113.959	55.257	118.292	124.764	14.042	2.000
138.349	65.866	307.000	103.063	81.603	20.000	19.000	113.959	55.257	125.018	59.350	111.679	2.000
214.576	89.983	59.000	154.812	45.933	5.000	17.000	113.959	55.257	130.847	82.988	173.259	6.000
212.794	91.366	131.000	83.085	58.640	10.000	20.000	108.558	56.113	138.345	51.340	94.450	6.000
148.449	142.966	2348.000	147.754	83.948	53.000	55.000	108.558	56.113	120.931	51.683	155.928	2.000
122.252	82.717	591.000	138.880	81.294	27.000	26.000	109.407	54.230	123.835	57.782	149.179	2.000
107.987	52.316	155.000	105.168	58.220	14.000	14.000	110.074	54.193	134.622	38.138	114.781	2.000
63.000	159.000	1.000	247.000	0.000	1.000	1.000	102.509	59.531	42.000	255.000	255.000	1.000
62.000	161.000	1.000	217.000	0.000	1.000	1.000	102.509	59.531	41.000	255.000	255.000	1.000
64.716	181.691	243.000	73.956	57.943	16.000	30.000	102.509	59.531	118.625	74.792	85.948	6.000
52.000	194.500	4.000	13.500	6.576	1.000	4.000	102.509	59.531	166.000	155.750	19.750	1.000
140.253	104.808	1776.000	88.485	69.969	42.000	50.000	112.702	57.368	148.040	46.165	95.914	2.000
109.663	174.337	184.000	88.635	71.697	12.000	26.000	112.702	57.368	89.577	100.154	107.891	6.000
102.000	191.500	2.000	6.500	0.500	1.000	2.000	112.702	57.368	136.500	176.500	11.000	1.000
123.000	194.429	7.000	32.000	32.858	4.000	3.000	112.702	57.368	137.833	38.667	36.250	1.000
125.409	65.684	623.000	84.857	79.238	24.000	30.000	116.482	57.906	129.110	45.740	91.146	2.000
159.765	187.694	85.000	30.735	38.467	13.000	9.000	116.482	57.906	128.068	78.291	38.803	6.000
167.500	193.500	2.000	25.000	6.442	2.000	2.000	116.482	57.906	153.500	75.250	31.500	1.000
149.500	203.200	10.000	26.056	22.382	3.000	6.000	116.482	57.906	117.278	75.444	32.333	1.000
172.600	201.000	5.000	41.444	44.395	3.000	3.000	116.482	57.906	108.444	15.889	44.222	1.000
119.330	48.026	194.000	60.537	54.584	16.000	17.000	118.853	58.856	137.445	56.993	66.537	2.000
214.522	177.626	605.000	122.437	68.875	20.000	47.000	118.853	58.856	95.763	68.204	136.903	6.000
114.500	39.625	40.000	14.873	23.580	11.000	5.000	115.381	58.013	102.018	73.673	17.673	1.000
257.881	175.660	253.000	98.660	71.723	18.000	24.000	115.381	58.013	140.197	45.868	104.567	6.000
294.446	172.250	56.000	100.235	53.564	14.000	7.000	114.068	57.576	165.806	32.622	106.612	1.000
189.038	116.235	1246.000	110.062	72.134	46.000	38.000	114.469	59.142	154.600	38.602	116.283	2.000
153.093	68.057	334.000	91.952	68.640	20.000	20.000	115.756	58.577	143.715	53.285	99.592	2.000
135.500	51.000	12.000	3.000	3.162	12.000	1.000	113.081	57.772	108.250	148.750	7.583	1.000
136.506	152.571	2539.000	84.004	50.614	49.000	63.000	111.934	59.235	161.571	35.857	92.563	2.000
126.636	91.233	687.000	52.463	51.922	29.000	28.000	112.781	58.296	152.760	61.929	58.999	2.000
224.816	97.931	533.000	75.974	57.655	40.000	30.000	112.781	58.296	162.392	51.001	84.272	3.000
118.660	68.516	430.000	70.085	61.538	22.000	24.000	113.079	57.664	146.335	58.769	77.220	2.000
221.924	95.872	712.000	87.159	60.960	47.000	32.000	113.079	57.664	167.261	41.989	94.014	3.000
101.000	90.500	6.000	26.833	3.848	1.000	6.000	113.079	57.664	151.667	125.000	40.833	6.000
110.000	57.250	36.000	1.167	2.260	12.000	5.000	112.657	57.442	56.617	81.350	2.200	1.000
211.768	90.522	1192.000	113.493	58.799	66.000	42.000	112.657	57.442	171.326	31.634	119.500	4.000
137.000	85.500	6.000	20.833	3.287	1.000	6.000	112.657	57.442	149.000	113.833	29.667	1.000
102.603	43.233	116.000	28.159	30.656	12.000	11.000	112.724	56.867	130.000	90.750	33.689	2.000
182.617	75.153	694.000	57.433	47.521	43.000	22.000	112.724	56.867	148.563	65.967	66.650	2.000
227.736	99.039	492.000	151.406	21.728	34.000	29.000	112.724	56.867	160.677	13.725	156.647	1.000
97.831	37.585	65.000	22.000	24.579	9.000	8.000	112.407	56.482	131.403	58.569	25.667	2.000
169.219	70.198	192.000	39.674	43.456	22.000	12.000	112.407	56.482	143.807	96.394	49.398	3.000
227.966	99.202	475.000	150.705	21.626	34.000	29.000	112.407	56.482	174.416	13.055	155.847	1.000
99.000	34.500	6.000	19.167	11.006	3.000	2.000	108.545	56.105	150.500	212.000	33.333	1.000
163.000	63.000	1.000	1.000	0.000	1.000	1.000	108.545	56.105	149.000	255.000	2.000	1.000
159.000	64.000	1.000	0.000	0.000	1.000	1.000	108.545	56.105	0.000	0.000	0.000	1.000
227.912	99.248	464.000	148.580	20.930	33.000	29.000	108.545	56.105	163.808	12.766	153.876	1.000
112.818	206.409	22.000	119.667	18.267	6.000	5.000	108.545	56.105	138.100	3.667	121.967	1.000
228.100	99.884	438.000	146.978	22.026	33.000	27.000	108.540	55.974	194.169	12.758	151.955	1.000
129.625	146.922	792.000	51.916	39.953	43.000	21.000	108.540	55.974	150.251	39.993	56.002	3.000
124.314	95.209	802.000	73.978	52.373	31.000	29.000	108.373	55.077	156.567	36.721	80.029	2.000
227.937	99.276	463.000	146.503	20.876	33.000	29.000	108.373	55.077	187.608	11.864	151.274	1.000
117.278	61.762	345.000	66.500	57.727	20.000	21.000	109.156	54.588	146.800	36.305	70.529	2.000
227.937	99.276	463.000	144.904	21.994	33.000	29.000	109.156	54.588	172.672	12.418	149.955	1.000
113.482	50.096	114.000	40.030	40.263	15.000	9.000	108.404	54.332	141.681	50.711	42.452	3.000
228.217	100.030	428.000	130.520	45.936	33.000	26.000	108.404	54.332	150.436	25.042	136.648	1.000
108.900	38.200	30.000	5.028	4.936	9.000	4.000	106.631	53.771	52.972	82.472	6.750	1.000
133.952	37.905	21.000	8.583	9.785	8.000	3.000	106.631	53.771	100.958	62.625	10.208	1.000
228.218	100.137	422.000	140.852	20.749	33.000	26.000	106.631	53.771	190.502	11.864	146.002	1.000
227.937	100.264	394.000	140.142	21.047	33.000	26.000	105.457	53.575	179.952	10.411	144.882	1.000
85.960	95.360	25.000	76.381	66.203	3.000	14.000	111.727	55.069	96.405	38.905	83.238	6.000
227.786	100.156	398.000	147.751	22.405	33.000	26.000	111.727	55.069	113.052	11.184	152.606	1.000
227.916	100.249	393.000	146.293	21.917	33.000	25.000	112.276	54.582	149.985	11.295	151.324	1.000
227.871	100.116	388.000	145.327	22.514	33.000	25.000	112.202	54.323	129.912	10.902	149.812	1.000
229.257	100.723	343.000	144.447	23.367	30.000	25.000	112.130	54.215	110.816	11.420	149.135	1.000
233.643	108.143	28.000	152.400	0.583	10.000	4.000	109.412	56.877	240.100	5.650	155.400	1.000
233.643	108.143	28.000	153.000	0.775	10.000	4.000	107.847	55.990	227.700	8.325	156.475	1.000
128.378	121.034	683.000	66.824	83.083	33.000	26.000	107.847	55.990	124.886	98.709	73.909	3.000
129.369	151.981	320.000	47.009	37.841	38.000	12.000	107.847	55.990	154.877	47.548	51.886	3.000
127.251	85.440	530.000	84.008	78.635	23.000	27.000	102.471	59.960	123.651	45.581	90.966	2.000
233.792	107.958	24.000	157.950	0.589	10.000	4.000	102.471	59.960	98.750	5.450	160.200	1.000
116.938	160.723	1510.000	148.051	86.178	43.000	40.000	102.471	59.960	115.210	33.631	153.132	3.000
118.751	202.423	659.000	92.094	72.383	48.000	17.000	102.471	59.960	81.246	40.359	99.500	3.000
116.660	82.202	1081.000	107.298	67.598	25.000	63.000	114.520	59.169	126.794	39.160	113.721	4.000
175.946	120.958	2340.000	53.330	50.876	53.000	55.000	114.520	59.169	130.940	53.210	59.387	2.000
233.323	105.952	62.000	159.256	1.792	10.000	9.000	114.520	59.169	135.789	4.656	161.589	1.000
109.316	114.737	19.000	14.143	7.477	14.000	2.000	114.520	59.169	169.107	71.250	17.464	1.000
138.096	78.301	1653.000	65.982	51.740	61.000	49.000	101.369	58.112	142.887	38.577	70.755	4.000
234.500	107.000	6.000	141.667	0.471	6.000	1.000	101.369	58.112	155.000	6.667	145.333	1.000
139.248	67.259	290.000	31.764	47.718	22.000	16.000	109.341	56.024	126.679	81.233	38.810	3.000
217.463	136.388	2494.000	122.609	71.873	55.000	59.000	109.341	56.024	88.435	100.060	143.308	2.000
129.000	53.852	142.000	19.747	38.606	17.000	10.000	109.999	55.149	139.376	140.588	24.759	3.000
179.682	95.859	934.000	107.732	72.775	36.000	33.000	109.999	55.149	69.947	102.953	130.043	2.000
234.650	108.150	20.000	150.643	0.854	7.000	4.000	109.999	55.149	177.714	5.964	153.643	1.000
171.745	148.745	470.000	88.770	57.962	15.000	38.000	109.999	55.149	149.056	47.714	98.874	5.000
121.186	41.432	118.000	16.354	27.156	13.000	10.000	111.783	54.659	142.892	161.523	20.777	2.000
150.698	74.743	676.000	107.555	62.261	27.000	43.000	111.783	54.659	117.257	63.776	119.668	4.000
234.000	107.333	9.000	150.083	0.276	6.000	2.000	111.783	54.659	156.000	7.000	154.083	1.000
35.909	179.485	66.000	125.608	44.227	6.000	17.000	111.783	54.659	159.529	59.588	144.804	6.000
117.500	37.500	18.000	0.750	1.410	10.000	2.000	111.603	54.380	96.050	145.900	2.050	1.000
125.612	66.816	49.000	74.482	57.386	4.000	14.000	111.603	54.380	146.714	37.000	79.125	5.000
234.000	107.250	8.000	151.750	0.595	6.000	2.000	111.603	54.380	176.000	9.000	156.750	1.000
78.979	208.159	145.000	92.477	61.248	16.000	16.000	111.603	54.380	142.008	57.648	101.402	6.000
90.769	217.154	13.000	51.222	44.738	3.000	6.000	111.603	54.380	133.889	52.611	60.500	1.000
234.500	107.000	6.000	151.000	0.000	6.000	1.000	111.565	54.396	176.000	9.000	156.000	1.000
117.303	200.444	99.000	125.812	85.760	11.000	14.000	111.565	54.396	135.234	76.299	139.643	6.000
234.500	107.000	6.000	152.000	0.000	6.000	1.000	111.994	54.326	178.000	6.000	155.000	1.000
168.872	211.865	148.000	131.120	71.875	16.000	24.000	111.994	54.326	133.440	66.430	143.784	6.000
142.852	146.521	1690.000	92.494	52.966	47.000	47.000	111.434	54.666	154.069	57.526	107.065	2.000
123.572	91.009	430.000	70.706	54.413	25.000	20.000	112.625	54.515	148.312	82.172	86.682	2.000
113.486	61.881	185.000	65.671	61.056	16.000	15.000	113.671	54.693	138.929	74.833	76.017	2.000
197.169	159.997	2324.000	150.574	74.550	62.000	52.000	112.612	57.397	121.483	43.349	158.870	2.000
207.837	194.297	300.000	50.670	47.434	46.000	10.000	112.612	57.397	140.465	29.359	54.409	1.000
101.310	38.714	42.000	32.229	26.612	8.000	6.000	113.758	55.670	157.646	128.437	39.437	2.000
163.050	103.306	719.000	125.654	75.854	28.000	33.000	113.758	55.670	147.867	76.232	137.989	2.000
146.053	105.526	19.000	73.786	39.977	4.000	7.000	113.758	55.670	141.571	24.393	80.500	1.000
140.217	63.500	120.000	141.436	81.680	15.000	11.000	105.220	56.634	135.733	80.394	152.321	3.000
129.500	56.000	60.000	83.529	48.457	10.000	7.000	110.769	55.838	127.000	35.543	92.771	3.000
177.199	113.993	1529.000	60.494	59.082	43.000	45.000	110.769	55.838	144.325	72.955	70.176	2.000
148.531	78.251	367.000	38.632	46.130	25.000	21.000	103.925	58.674	133.695	89.400	46.705	2.000
135.720	60.240	50.000	24.910	42.429	13.000	6.000	112.622	57.046	102.154	92.782	29.577	3.000
174.677	124.529	1788.000	140.277	88.344	47.000	51.000	112.622	57.046	113.574	47.826	147.423	2.000
149.069	85.034	683.000	132.368	91.712	28.000	32.000	106.985	55.606	114.135	51.513	139.771	2.000
226.468	193.052	4023.000	88.329	51.123	79.000	72.000	106.985	55.606	181.848	59.317	104.782	2.000
121.219	40.031	64.000	19.800	29.094	10.000	7.000	111.606	56.156	113.043	85.657	23.600	3.000
136.109	63.764	331.000	118.221	96.523	19.000	21.000	111.606	56.156	97.343	52.168	124.870	2.000
173.810	113.272	1290.000	68.993	45.843	41.000	39.000	111.606	56.156	189.757	82.958	85.041	2.000
127.710	49.947	131.000	94.327	64.226	12.000	13.000	113.593	56.030	127.224	42.429	103.853	2.000
147.920	78.477	237.000	54.756	50.763	24.000	13.000	113.593	56.030	196.218	114.731	70.391	3.000
120.667	37.167	6.000	153.100	19.388	5.000	2.000	113.509	56.038	165.500	23.800	162.700	1.000
123.850	38.050	20.000	11.810	9.849	7.000	3.000	108.241	54.658	206.762	115.238	14.714	1.000
124.000	39.000	1.000	1.000	0.000	1.000	1.000	108.095	54.932	156.000	255.000	3.000	1.000
237.861	137.496	3319.000	65.160	44.750	79.000	61.000	108.095	54.932	148.745	62.158	74.144	2.000
218.268	118.890	2262.000	66.115	44.862	59.000	52.000	109.045	55.127	148.555	52.772	74.420	2.000
208.738	109.545	1698.000	63.937	43.167	49.000	46.000	108.894	55.192	150.579	58.732	73.142	2.000
208.458	108.786	1652.000	63.375	43.678	48.000	45.000	109.993	54.980	151.138	60.906	72.900	2.000
139.973	110.460	150.000	66.355	55.371	8.000	25.000	109.993	54.980	148.930	72.670	79.150	5.000
208.234	108.837	1661.000	64.000	44.175	49.000	45.000	110.601	54.986	146.750	63.254	73.441	2.000
211.564	112.365	1788.000	65.653	43.739	51.000	47.000	110.943	55.096	152.353	58.494	74.887	2.000
221.241	122.537	2320.000	68.384	44.595	58.000	53.000	110.852	55.561	149.215	52.898	77.621	2.000
231.920	134.818	3092.000	66.901	44.324	67.000	60.000	107.259	56.352	147.754	53.152	75.840	2.000
201.896	194.413	3854.000	113.747	59.610	82.000	70.000	107.259	56.352	144.347	28.825	120.101	2.000
143.786	116.394	1019.000	84.373	59.136	41.000	34.000	109.551	56.494	154.100	44.479	91.953	2.000
247.377	148.755	3733.000	70.257	46.448	79.000	69.000	109.551	56.494	147.203	53.010	79.311	2.000
121.499	80.271	347.000	85.568	76.473	23.000	19.000	109.040	56.385	143.545	69.339	92.554	2.000
277.000	141.000	3.000	111.333	1.247	1.000	3.000	109.040	56.385	145.000	61.667	137.000	1.000
100.514	37.800	35.000	35.571	35.347	7.000	6.000	115.074	57.090	131.238	46.714	39.929	1.000
145.606	109.002	5434.000	117.504	69.843	63.000	105.000	102.873	55.338	142.110	34.246	124.198	2.000
128.834	67.675	1716.000	113.402	76.053	35.000	57.000	111.305	54.565	125.529	48.222	120.690	2.000
121.507	51.456	594.000	77.262	56.184	22.000	30.000	112.704	54.282	137.764	63.803	86.238	2.000
115.462	42.964	169.000	51.555	44.960	14.000	13.000	112.931	54.739	141.940	108.187	58.324	3.000
113.833	37.967	30.000	5.394	3.428	11.000	3.000	112.372	55.468	140.485	233.879	9.545	1.000
218.019	87.288	52.000	77.923	74.778	6.000	13.000	112.372	55.468	156.756	121.295	92.590	6.000
122.900	63.600	10.000	8.000	4.017	3.000	5.000	112.308	55.843	138.067	222.667	15.933	6.000
226.958	98.542	48.000	61.862	51.947	5.000	16.000	112.308	55.843	125.988	113.762	77.787	6.000
233.378	105.851	74.000	72.842	59.600	6.000	19.000	112.494	56.077	136.175	86.658	87.237	6.000
97.000	69.500	10.000	10.900	6.268	1.000	10.000	108.014	57.355	125.800	163.700	16.800	6.000
98.000	78.000	1.000	120.000	0.000	1.000	1.000	108.014	57.355	195.000	5.000	123.000	1.000
243.659	113.159	44.000	24.629	37.297	5.000	14.000	108.014	57.355	136.571	119.686	31.714	6.000
104.648	210.220	91.000	105.846	79.514	8.000	13.000	108.014	57.355	135.240	98.019	120.673	6.000
162.850	124.739	1604.000	75.508	64.756	43.000	46.000	111.560	57.207	143.483	67.679	83.385	2.000
59.214	117.000	14.000	166.667	22.561	3.000	6.000	111.560	57.207	173.222	36.611	178.333	6.000
158.065	218.772	92.000	108.194	84.169	10.000	17.000	111.560	57.207	81.388	92.118	120.841	6.000
139.634	84.724	503.000	71.219	73.679	26.000	23.000	112.734	56.653	135.691	90.120	80.048	2.000
229.158	223.767	120.000	90.284	78.616	12.000	17.000	112.734	56.653	73.799	82.804	103.363	6.000
127.400	64.472	125.000	37.428	52.188	15.000	12.000	113.356	56.454	115.267	86.150	41.828	3.000
114.356	49.248	101.000	25.486	33.778	14.000	10.000	114.047	56.325	122.786	106.093	30.093	3.000
101.375	38.325	40.000	14.730	25.291	9.000	7.000	114.488	56.273	101.159	90.127	19.206	3.000
74.000	86.000	5.000	93.400	13.793	1.000	5.000	114.488	56.273	32.400	155.600	134.600	1.000
99.000	34.000	3.000	5.333	2.055	3.000	1.000	113.588	56.643	147.667	255.000	11.333	1.000
129.148	98.370	27.000	34.182	51.632	3.000	11.000	113.588	56.643	50.121	47.727	35.939	6.000
197.225	98.521	71.000	98.400	72.892	7.000	20.000	114.022	56.566	77.843	35.514	106.729	6.000
82.523	69.186	703.000	98.224	64.139	20.000	40.000	114.457	56.455	143.577	31.837	103.136	3.000
85.322	54.763	363.000	91.470	56.697	21.000	25.000	115.020	56.483	137.223	34.330	97.307	2.000
82.320	84.787	122.000	133.646	14.997	18.000	8.000	115.020	56.483	58.410	3.361	135.333	1.000
88.241	55.115	191.000	60.594	44.354	14.000	19.000	115.547	56.148	135.744	56.771	65.883	2.000
82.320	84.787	122.000	133.174	14.474	18.000	8.000	115.547	56.148	72.604	2.431	134.542	1.000
95.955	48.545	22.000	4.833	2.248	12.000	2.000	114.570	56.638	153.250	214.917	9.792	1.000
85.903	56.694	62.000	64.306	5.117	8.000	9.000	114.570	56.638	141.111	11.806	67.431	1.000
82.264	84.818	121.000	134.076	13.439	18.000	8.000	114.570	56.638	95.903	2.097	135.521	1.000
152.380	152.767	497.000	70.201	66.151	16.000	41.000	114.570	56.638	129.261	68.447	80.689	5.000
95.724	40.034	87.000	38.209	32.136	13.000	7.000	115.083	56.304	125.725	53.319	41.264	1.000
82.000	55.000	3.000	73.333	1.886	1.000	3.000	115.083	56.304	73.000	2.667	74.333	1.000
86.111	60.222	9.000	63.667	2.560	4.000	3.000	115.083	56.304	35.750	1.833	64.167	1.000
133.113	89.315	124.000	46.665	55.767	7.000	23.000	115.083	56.304	111.950	80.571	54.528	5.000
82.264	84.818	121.000	134.389	12.029	18.000	8.000	115.083	56.304	99.153	3.646	136.174	1.000
96.917	35.917	24.000	21.389	29.498	9.000	4.000	115.335	57.335	135.722	82.444	24.306	1.000
79.733	53.933	15.000	82.179	20.275	7.000	4.000	115.335	57.335	93.857	9.536	85.893	1.000
86.111	60.222	9.000	67.500	2.179	4.000	3.000	115.335	57.335	123.000	6.667	69.500	1.000
82.042	84.788	118.000	134.472	13.007	18.000	8.000	115.335	57.335	99.896	4.549	136.979	1.000
82.000	55.000	3.000	75.000	1.633	1.000	3.000	114.880	57.469	92.000	5.667	76.667	1.000
82.233	84.681	116.000	135.785	12.285	18.000	8.000	114.880	57.469	86.965	2.500	137.049	1.000
115.215	113.465	1603.000	80.214	58.781	40.000	49.000	114.880	57.469	130.453	49.227	88.345	2.000
108.072	63.454	432.000	83.852	66.569	20.000	26.000	115.693	56.517	131.904	57.788	93.033	2.000
82.000	55.000	3.000	69.667	0.471	1.000	3.000	115.693	56.517	28.000	4.000	70.333	1.000
82.079	84.614	114.000	133.340	11.857	18.000	8.000	115.693	56.517	129.535	3.368	135.396	1.000
102.569	41.664	116.000	48.587	35.448	11.000	13.000	115.499	56.235	122.455	49.937	54.720	2.000
82.000	55.000	3.000	71.000	1.633	1.000	3.000	115.499	56.235	212.667	3.667	72.333	1.000
81.920	84.652	112.000	134.681	12.059	18.000	8.000	115.499	56.235	166.375	5.444	137.653	1.000
82.741	84.506	85.000	134.287	11.704	18.000	6.000	112.678	59.070	136.361	5.046	137.009	1.000
93.722	122.389	36.000	60.700	13.823	10.000	6.000	112.678	59.070	151.183	55.100	74.250	3.000
89.744	141.261	422.000	71.596	46.042	34.000	23.000	112.678	59.070	150.651	75.551	87.474	3.000
277.560	194.575	134.000	162.225	87.912	41.000	9.000	112.678	59.070	127.060	102.290	174.089	3.000
82.000	55.000	3.000	71.333	0.471	1.000	3.000	112.936	58.670	49.667	2.333	72.000	1.000
86.079	74.085	457.000	91.517	56.850	25.000	29.000	112.936	58.670	135.652	44.079	99.097	2.000
250.887	174.023	4082.000	140.226	77.872	75.000	75.000	112.936	58.670	115.220	46.865	147.831	2.000
208.000	155.500	2.000	171.500	5.500	1.000	2.000	112.936	58.670	173.000	17.000	177.500	1.000
86.593	54.704	27.000	8.769	19.062	13.000	3.000	115.036	58.804	60.154	63.308	10.462	1.000
82.741	84.506	85.000	134.296	11.602	18.000	6.000	115.036	58.804	144.972	3.491	136.157	1.000
224.153	139.971	2426.000	135.897	78.435	57.000	56.000	115.036	58.804	129.841	56.407	144.588	2.000
92.375	38.250	32.000	18.347	14.616	7.000	7.000	99.985	58.439	139.449	151.408	26.204	2.000
201.307	163.520	7764.000	138.517	75.014	82.000	127.000	99.985	58.439	119.647	36.741	145.347	4.000
83.260	84.460	50.000	125.762	11.198	16.000	5.000	106.722	55.810	185.437	5.825	128.762	1.000
212.375	113.218	1340.000	132.470	80.831	40.000	42.000	106.722	55.810	139.310	68.551	142.812	2.000
151.440	119.606	1450.000	129.209	83.792	42.000	44.000	106.722	55.810	125.904	58.256	138.433	2.000
137.628	83.922	538.000	140.038	88.120	22.000	30.000	107.260	54.817	115.412	55.382	149.256	2.000
83.200	84.567	30.000	128.500	6.442	12.000	4.000	107.260	54.817	185.458	6.187	132.250	1.000
214.872	107.086	1078.000	134.838	85.083	32.000	39.000	107.260	54.817	134.325	79.103	146.673	2.000
128.073	64.434	286.000	120.033	93.608	19.000	21.000	107.541	54.404	114.732	70.872	129.333	2.000
215.071	102.350	947.000	135.950	82.983	31.000	36.000	107.541	54.404	137.826	75.708	148.462	2.000
