0.9981	0.0015	0.0003	1.72	3.5	4.75	1
0.8068	0.0001	0.1931	1.4	4	9	1
0.1848	0.4521	0.3631	2.05	3.2	3.6	2
0.0025	0.0013	0.9962	1.83	3.25	4.5	3
0.0029	0	0.997	1.72	3.4	5	3
0.9957	0.0002	0.0041	1.9	3.1	4.33	1
0.9979	0.002	0.0001	3.4	3.2	2.15	1
0.0061	0.9925	0.0014	2.2	3.2	3.25	2
0.0079	0.3645	0.6275	7.5	4	1.44	2
0.016	0.0063	0.9777	1.72	3.4	5	3
0	0.9999	0	2.2	3.2	3.25	2
0.001	0.9988	0.0002	1.66	3.6	5	2
0.0126	0	0.9874	3.2	3.1	2.25	3
0.0026	0.8712	0.1262	1.72	3.4	5	2
0.9586	0.0363	0.0051	1.16	6.5	15	1
0.0003	0.9141	0.0856	2.05	3.25	3.6	2
0.3758	0.6093	0.0148	2.1	3.25	3.4	2
0.0006	0.9994	0	2.1	3.2	3.5	2
0.3632	0.2583	0.3786	2.87	3.25	2.37	3
0.0898	0.6515	0.2587	2.4	3.25	2.9	2
0.9995	0	0.0005	1.18	6.75	15	1
0.9909	0.0001	0.0089	1.5	4	6.75	1
0.5801	0	0.4199	2.1	3.3	3.5	1
0.7764	0.0973	0.1264	2.3	3.1	3.25	1
0.0028	0.0048	0.9923	2.37	3.25	3	3
0.0013	0.9985	0.0002	3.1	3.25	2.3	2
0.1397	0.3799	0.4804	6.25	4	1.53	2
0.2876	0.0009	0.7116	1.9	3.3	4.2	1
0.9998	0.0001	0.0001	1.4	4.5	8	1
0.6552	0.1151	0.2298	1.66	3.75	5	1
0.3817	0.2276	0.3907	2.37	3.25	3	1
0.0082	0.9912	0.0005	2.37	3.25	3	2
0.4444	0.5539	0.0017	1.72	3.4	5.25	1
0.0131	0.0018	0.985	3	3.25	2.37	3
0.0662	0.6017	0.3321	2.1	3.2	3.6	2
0.0246	0.0769	0.8984	2.37	3.25	3	3
0.0001	0.9987	0.0012	6	3.6	1.61	2
0.9989	0.0007	0.0004	1.66	3.5	5.5	1
0.0977	0.8336	0.0688	1.8	3.5	4.5	1
0.4078	0.0141	0.5781	1.44	4	8.5	3
0.0044	0.0991	0.8964	2.87	3.2	2.5	3
0.8424	0.1487	0.0089	1.33	4.75	10	1
0.0061	0.0049	0.9891	2	3.3	3.8	3
0.9581	0.0003	0.0416	2.05	3.3	3.6	1
0.0191	0.0003	0.9807	2.1	3.25	3.6	3
0.8226	0.0016	0.1758	1.72	3.5	5.25	1
0.0945	0.0026	0.9029	2.7	3.25	2.6	3
0.9685	0.0057	0.0258	1.44	4.2	7.5	1
0.9971	0.0025	0.0004	1.25	5.5	12	1
0.0069	0.4321	0.5611	8	4.5	1.4	3
0.6177	0.1755	0.2067	2.8	3.25	2.5	1
0.0075	0.0831	0.9093	2.1	3.25	3.5	3
0.5165	0.0086	0.4749	1.66	3.75	5	1
0.2477	0.4863	0.266	2.2	3.3	3.2	1
0.6975	0.0047	0.2977	1.83	3.4	4.5	1
0.0161	0.4255	0.5584	5	3.6	1.72	3
0.2594	0.0015	0.7391	3	3.25	2.4	3
0.0033	0.076	0.9207	1.72	3.5	5	3
0.9998	0.0001	0.0001	1.61	3.6	6	1
0.7161	0.2805	0.0034	1.57	3.75	6.25	3
0.0004	0.9988	0.0008	2	3.3	3.8	2
0.6668	0.1643	0.1689	1.44	4.2	7.5	1
0.9619	0.0322	0.0059	2.1	3.2	3.6	1
0.0002	0.9985	0.0013	2.4	3.25	2.9	2
0.4335	0.2358	0.3307	2.8	3.25	2.5	1
0.992	0.0002	0.0078	1.25	5.5	12	1
0.9989	0.0002	0.0009	2.1	3.3	3.5	1
0.6767	0.0434	0.2799	1.44	4.2	7.5	3
0.4867	0.5111	0.0022	1.44	4.2	7.5	1
0.1922	0.0011	0.8068	3.6	3.3	2.05	1
0.0032	0.0001	0.9967	3.1	3.25	2.3	3
0.0046	0.0058	0.9896	5.75	3.7	1.61	3
0.617	0.0021	0.3809	4.2	3.5	1.85	1
0.9666	0.018	0.0154	2.37	3.25	3	1
0.6604	0.2166	0.1231	1.9	3.4	4	1
0.0484	0.9496	0.002	2	3.3	3.75	2
0.906	0.0164	0.0776	2	3.3	3.75	1
0.0146	0.5363	0.4491	2.37	3.25	3	3
0.0015	0.0051	0.9934	2.25	3.25	3.2	3
0.1233	0.7187	0.1579	2.1	3.25	3.6	2
0.0527	0.6005	0.3468	2.3	3.25	3.1	2
0.989	0.0016	0.0094	1.3	5	11	1
0.9994	0.0001	0.0004	1.18	6.5	15	1
0.0015	0.0013	0.9972	5	3.8	1.66	3
0.9905	0.0087	0.0008	2.3	3.25	3.1	1
0.1927	0.7804	0.0269	1.8	3.6	4.2	2
0.9885	0.001	0.0105	2.1	3.25	3.6	1
0.5251	0.0001	0.4748	2.3	3.25	3.1	1
0.2995	0.0067	0.6938	2.4	3.3	2.87	1
0.0287	0.1327	0.8385	2.7	3.3	2.6	3
0.8323	0.076	0.0917	2.3	3.3	3.1	1
0.3716	0.0348	0.5936	2.05	3.3	3.6	3
0.1286	0.1008	0.7706	2.15	3.2	3.5	1
0.115	0.8766	0.0084	2.37	3.25	3	2
0.1552	0.7241	0.1207	2.3	3.2	3.1	2
0.0699	0.001	0.9291	2.6	3.3	2.7	3
0.9994	0.0005	0.0002	1.25	5.25	13	1
0.0198	0.9779	0.0023	1.57	3.8	6	2
0.0001	0.9995	0.0003	7	4.33	1.44	2
0.29	0.0006	0.7094	2.6	3.25	2.7	3
0.1808	0.0002	0.819	2.8	3.25	2.5	1
0.8969	0.0995	0.0037	2	3.3	3.8	1
0.792	0.0032	0.2048	2.05	3.3	3.6	3
0.9762	0.0216	0.0021	1.2	6	15	1
0.9907	0.0001	0.0092	2.62	3.25	2.62	1
0.0097	0.0097	0.9806	2.25	3.2	3.25	3
0.4045	0.3644	0.2311	1.95	3.3	4	3
0.0627	0.91	0.0274	2.4	3.25	2.9	2
0.0859	0.0002	0.914	1.57	3.6	6.5	3
0.0316	0.736	0.2324	6	3.75	1.57	1
0.9998	0	0.0001	1.44	4.2	7.5	1
0.0008	0.9985	0.0007	3.75	3.3	2	2
0.1378	0.2738	0.5884	2.62	3.3	2.62	1
0.9419	0.0352	0.023	1.75	3.4	5	1
0.2856	0.3716	0.3428	2.3	3.3	3.1	3
0.9901	0.001	0.0088	1.33	5	9	1
0.9705	0.0162	0.0133	2.37	3.3	3	1
0.9985	0.0012	0.0003	1.72	3.5	5	1
0.9958	0.0012	0.003	2.3	3.3	3.1	1
0.9971	0	0.0029	1.16	7	15	1
0.0059	0.9935	0.0006	6	3.6	1.61	2
0.5224	0.0045	0.4731	1.61	3.5	6.25	3
0.5059	0.4129	0.0812	2.15	3.3	3.4	2
0.9997	0.0001	0.0002	1.53	3.8	6.5	1
0.3542	0.0239	0.6219	2.65	3.2	2.65	1
0.4121	0.0601	0.5278	2.45	3.25	2.87	3
0.9787	0.0017	0.0196	3	3.2	2.4	1
0.0749	0.925	0.0001	1.4	4.5	8	2
0.393	0.2432	0.3637	1.95	3.3	4	2
0.995	0.0022	0.0028	3.75	3.25	2.05	1
0.2685	0.7082	0.0234	3.8	3.3	2	2
0.8634	0.0034	0.1332	1.33	4.75	10	1
0.0383	0.2177	0.7441	3.25	3.3	2.2	3
0.9731	0.0251	0.0018	1.53	3.75	7	1
0.2711	0.0015	0.7274	2.2	3.25	3.3	3
0.0008	0.9988	0.0004	1.66	3.5	5.5	2
0.563	0.3316	0.1053	2.5	3.25	2.8	1
0.33	0.0009	0.6692	1.61	3.6	6	3
0.9533	0.0006	0.0461	3.1	3.3	2.3	1
0.5348	0.4351	0.03	2.9	3.3	2.37	2
0.0033	0.0227	0.974	4	3.4	1.9	3
0.0619	0.6874	0.2507	2.8	3.25	2.5	2
0.9887	0.0035	0.0078	2.4	3.3	3	1
0.9473	0.0001	0.0526	1.72	3.6	4.75	1
0.9751	0.0247	0.0002	1.2	6	15	1
0.5914	0	0.4086	2.4	3.3	2.87	3
0.7415	0.2467	0.0118	2.3	3.3	3.1	1
0.9965	0.0012	0.0023	1.44	4.2	7.5	1
0.4931	0.2449	0.262	1.53	4	6	3
0.0271	0.9702	0.0027	2.3	3.3	3.1	2
0.783	0.2162	0.0008	1.36	4.5	9	1
0.6564	0.0106	0.333	3.5	3.3	2.1	3
0.9752	0.0191	0.0057	2.05	3.3	3.6	1
0.2402	0.0002	0.7596	2.5	3.3	2.75	3
0.0486	0.9283	0.0231	2.4	3.3	2.9	2
0.0066	0.5932	0.4002	2.05	3.3	3.6	2
0.7164	0.2137	0.0699	2.5	3.25	2.8	1
0.9997	0.0002	0.0002	1.28	5.25	11	1
0.1355	0.7296	0.1349	2.9	3.3	2.4	2
0.0008	0.9987	0.0005	2.9	3.3	2.4	2
0.0133	0.0023	0.9843	2.4	3.3	2.9	3
0.9005	0.0079	0.0916	1.61	3.6	5.75	1
0.0002	0.9485	0.0513	2.1	3.3	3.5	2
0.0002	0.9997	0.0001	1.95	3.3	4	2
0.0046	0.0523	0.9431	1.95	3.3	4	3
0.1723	0.0255	0.8022	2	3.4	3.7	3
0.4337	0.012	0.5544	2.8	3.25	2.5	3
0.823	0.0517	0.1253	2.2	3.3	3.25	1
0.0001	0.9996	0.0003	2.2	3.3	3.25	2
0.0915	0.3241	0.5843	1.53	3.8	6.5	2
0.6873	0.1949	0.1179	2.3	3.3	3.1	1
0.0065	0.2193	0.7742	4.75	3.5	1.75	3
0.0108	0.0001	0.9891	1.95	3.4	3.9	3
0.125	0.0647	0.8103	2.87	3.3	2.4	3
0.9936	0.0004	0.006	2.4	3.3	2.87	1
0.9949	0.0043	0.0008	1.33	4.75	10	1
0.0002	0.9997	0.0002	2.15	3.3	3.4	2
0.8284	0.1586	0.013	2.05	3.25	3.75	1
0.9634	0.0009	0.0357	1.61	3.4	6.5	1
0.527	0.1815	0.2915	1.33	4.75	9.5	2
0.233	0.2886	0.4784	3	3.25	2.35	1
0.9968	0.0016	0.0016	1.18	6	19	1
0.9593	0.0296	0.0111	3.2	3.25	2.25	1
0.7365	0.0205	0.243	2	3.3	3.75	1
0.6364	0.0017	0.3619	2.35	3.25	3	1
0.1154	0.0002	0.8844	9	5	1.33	3
0.0036	0.0083	0.988	2.25	3.25	3.2	3
0.9866	0.0107	0.0026	2	3.3	3.75	1
0.6338	0.1298	0.2364	1.57	3.75	6	1
0.237	0.4866	0.2764	1.95	3.4	3.8	2
0.528	0.006	0.466	2.62	3.3	2.6	1
0.6793	0.3004	0.0203	2	3.3	3.75	1
0.9998	0.0001	0.0001	2.1	3.3	3.5	1
0.0019	0.0039	0.9941	2.75	3.3	2.5	3
0.9806	0.0008	0.0187	1.28	5.25	11	1
0.0107	0.8534	0.1358	2.1	3.3	3.5	2
0.0144	0.2311	0.7545	3.2	3.25	2.25	2
0.457	0.2951	0.2479	2.15	3.25	3.4	1
0.9547	0.0247	0.0206	2.4	3.25	2.9	1
0.307	0.4056	0.2874	1.72	3.5	5	1
0.734	0.0012	0.2648	1.57	3.75	6	1
0.1537	0.6326	0.2138	5.5	3.5	1.66	2
0.1838	0.5542	0.262	1.9	3.2	4.5	3
0.7123	0.086	0.2017	2.5	3.3	2.75	1
0.0852	0.9088	0.006	2.62	3.2	2.7	1
0.0102	0.2631	0.7267	1.72	3.5	5	3
0.9874	0.0038	0.0088	1.5	4	7	1
0.0167	0.5691	0.4142	2.4	3.3	2.87	3
0.0095	0.9903	0.0002	2.25	3.3	3.1	2
0.2816	0.0087	0.7097	1.61	3.6	6	3
0.5791	0	0.4209	5	3.75	1.66	1
0.3728	0.0276	0.5995	2.05	3.25	3.75	3
0.0387	0.9611	0.0002	1.5	4	7	2
0.9886	0.0006	0.0108	1.22	5.5	15	1
0.2805	0.0001	0.7194	2.1	3.3	3.5	3
0.3713	0.2759	0.3528	3.25	3.3	2.2	2
0.0089	0.2419	0.7492	3.25	3.3	2.2	3
0.0676	0.149	0.7834	2.25	3.3	3.2	3
0.3238	0.6608	0.0154	1.75	3.3	5.5	2
0.3707	0.4937	0.1356	1.83	3.4	4.5	1
0.6008	0.2957	0.1035	2.37	3.25	3	2
0.0049	0.0014	0.9938	3.1	3.3	2.3	3
0.1523	0.6636	0.1841	2.8	3.25	2.5	2
0.9362	0.0627	0.0011	1.72	3.5	5	1
0.1957	0.0524	0.7519	1.61	3.6	6	3
0	0.9993	0.0007	2	3.3	3.8	2
0.3646	0.3711	0.2643	2.37	3.25	3	1
0.9901	0.0016	0.0082	1.3	5	10	1
0.0031	0.0239	0.973	2.5	3.25	2.8	3
0.7946	0.0019	0.2035	1.72	3.5	5	1
0.2107	0.0326	0.7567	4.75	3.5	1.8	1
0.4688	0.0014	0.5298	2.5	3.3	2.75	3
0.0462	0.5092	0.4446	3.75	3.3	2	3
0.9998	0.0002	0	1.9	3.4	4	1
0.8789	0.0385	0.0826	1.61	3.75	5.5	3
0.2139	0.501	0.2851	2.4	3.4	2.8	2
0.4621	0.0025	0.5353	2.87	3.4	2.37	1
0.9812	0.0123	0.0066	2.3	3.25	3.1	1
0.0046	0.9856	0.0098	2.25	3.25	3.2	2
0.2535	0.5894	0.1572	1.83	3.5	4.33	2
0.8224	0.166	0.0116	1.7	3.5	5.25	1
0.1892	0.713	0.0979	1.75	3.4	5.25	2
0.0077	0.0063	0.986	2.5	3.25	2.8	3
0.9961	0.0023	0.0016	1.12	8	21	1
0.6486	0.0053	0.3461	2.4	3.3	2.87	1
0.1307	0.6883	0.1809	2	3.3	3.75	2
0.4062	0	0.5938	2.37	3.25	3	3
0.5388	0.0001	0.4611	2.4	3.1	3.1	1
0.6215	0.031	0.3474	1.33	4.5	11	3
0.8489	0.0371	0.114	2.1	3.25	3.5	1
0.4449	0.25	0.305	3.75	3.4	2	1
0.3588	0.0013	0.6399	2.4	3.3	2.87	1
0.6331	0.0063	0.3606	2.9	3.4	2.35	1
0.0777	0.0008	0.9214	4.33	3.4	1.83	3
0.0563	0.9427	0.0011	2.2	3.25	3.25	2
0.8699	0.1294	0.0007	1.83	3.4	4.5	1
0.002	0.9955	0.0025	2.05	3.4	3.5	2
0.2658	0.6336	0.1006	3.2	3.3	2.2	1
0.0087	0.0397	0.9516	2.3	3.25	3.1	3
0.4403	0.234	0.3257	1.7	3.6	5	2
0.9835	0	0.0164	1.5	3.75	7.5	1
0.6859	0.0046	0.3095	2.6	3.25	2.65	1
0.9924	0.0004	0.0072	2.1	3.3	3.5	1
0.5316	0	0.4684	1.5	4.2	6	3
0.6444	0.325	0.0306	2	3.3	3.75	1
0.0022	0.0002	0.9977	2.75	3.25	2.5	3
0.2243	0.0007	0.775	2.1	3.3	3.5	1
0.4265	0.3355	0.2381	2	3.3	3.75	1
0.996	0.003	0.0011	1.22	6	13	1
0.5548	0.3692	0.076	1.8	3.5	4.5	2
0.3407	0.1729	0.4864	2.25	3.25	3.2	3
0.6037	0.0011	0.3952	3.75	3.3	2	1
0.9212	0.0002	0.0787	1.9	3.4	4	1
0.0747	0.0018	0.9235	2.5	3.3	2.75	3
0.0233	0.9674	0.0093	4.75	3.5	1.75	2
0.9828	0.0003	0.0169	1.28	5.25	11	1
0.6326	0.0264	0.341	2.1	3.25	3.6	1
0.4484	0.225	0.3266	2.2	3.2	3.4	1
0.0067	0.9916	0.0017	2.1	3.3	3.5	2
0.8646	0.1271	0.0083	1.72	3.6	4.75	1
0.1404	0.5053	0.3543	2.2	3.3	3.25	1
0.5032	0.005	0.4919	1.85	3.6	4	3
0.6483	0.2197	0.1319	2.2	3.3	3.25	1
0.9927	0.0018	0.0055	1.22	6	12	1
0.0031	0.0082	0.9887	4.75	3.6	1.72	3
0.9622	0.0156	0.0222	3.1	3.25	2.3	1
0.4367	0.0001	0.5632	2.05	3.3	3.6	3
0.4248	0.0009	0.5743	1.5	3.8	7.25	3
0.6053	0.2744	0.1203	1.9	3.4	4	1
0.2696	0.6252	0.1053	1.8	3.6	4.33	2
0.4442	0.0196	0.5362	4.75	3.6	1.72	1
0.7875	0.086	0.1266	2	3.4	3.75	1
0.9707	0.0067	0.0226	1.57	3.75	6	1
0.0238	0.0138	0.9625	2.1	3.3	3.5	3
0.5296	0.3491	0.1212	2.2	3.2	3.4	3
0.9965	0.0034	0	1.8	3.4	4.75	1
0.448	0	0.552	1.85	3.4	4.33	1
0.0029	0.4087	0.5885	2.37	3.3	2.9	2
0.286	0.4005	0.3134	1.9	3.4	4	3
0.9937	0.0016	0.0047	2.35	3.3	3	1
0.4003	0.3391	0.2606	3.4	3.4	2.1	2
0.0239	0.0028	0.9734	1.85	3.5	4.2	3
0.986	0.0006	0.0134	2.2	3.25	3.3	1
0.2336	0.7239	0.0425	1.61	3.75	5.5	1
0.4244	0.3996	0.1761	1.33	4.75	9.5	2
0.0094	0.0006	0.9901	2.9	3.3	2.37	3
0.4241	0.0004	0.5755	2.9	3.3	2.37	1
0.2718	0.007	0.7212	2	3.3	3.8	3
0.1972	0.0218	0.7811	2.1	3.4	3.4	1
0.2655	0.1515	0.5831	1.95	3.3	4	3
0.0334	0.5468	0.4198	4.5	3.75	1.72	2
0.0039	0.027	0.9692	2.1	3.3	3.5	3
0.6203	0.3655	0.0141	3.2	3.25	2.25	1
0.6373	0.0007	0.362	1.44	4.2	7.5	3
0.2397	0.0064	0.7539	2.25	3.25	3.2	3
0.2193	0.7754	0.0053	2.62	3.25	2.62	2
0.4495	0.0937	0.4568	2.1	3.4	3.4	1
0.4739	0.2606	0.2655	2.8	3.4	2.4	3
0.9965	0.0027	0.0008	1.22	6	12	1
0.0266	0.8072	0.1663	2.62	3.3	2.62	2
0.3575	0.0104	0.6321	1.61	3.6	6	3
0.1633	0.8164	0.0203	1.53	3.75	7	2
0.0084	0.0001	0.9914	1.5	3.8	7.5	3
0.0853	0.5648	0.3499	1.75	3.5	4.75	1
0.9916	0.0024	0.006	2.37	3.3	2.9	1
0.5828	0.0492	0.3679	3.25	3.3	2.2	1
0.0108	0.0295	0.9596	2.62	3.3	2.6	3
0.2932	0.0001	0.7066	2.2	3.3	3.25	3
0.3682	0.0003	0.6314	2.9	3.25	2.4	3
0.8241	0.0009	0.175	1.66	3.5	5.5	1
0.9773	0.0067	0.016	2.87	3.3	2.4	1
0.0046	0.2521	0.7433	4.5	3.7	1.75	2
0.338	0.0002	0.6618	2.75	3.3	2.5	3
0.0109	0.7113	0.2778	2.3	3.3	3	2
0.0928	0.5573	0.3499	2.9	3.3	2.37	2
0.71	0.0241	0.2659	2.3	3.25	3.1	1
0.9932	0.0015	0.0054	1.4	4.33	8.5	1
0.6599	0.0034	0.3367	1.53	3.8	6.5	1
0.5408	0.3478	0.1115	1.83	3.6	4.2	1
0.58	0.0345	0.3855	2.1	3.3	3.5	1
0.9791	0.0001	0.0208	1.57	3.6	6.5	1
0.1101	0.6771	0.2127	2.05	3.3	3.6	1
0.0023	0.7905	0.2071	2.2	3.3	3.25	2
0.6639	0.0059	0.3302	2.2	3.3	3.25	3
0.5625	0.1528	0.2847	1.66	3.75	5	1
0.0187	0.8123	0.169	3.4	3.4	2.1	2
0.0053	0.0008	0.9939	3	3.2	2.37	3
0.939	0	0.061	1.4	4.33	8.5	1
0.9796	0.0029	0.0176	1.44	4.33	7	1
0.9712	0.0255	0.0033	1.72	3.6	4.75	1
0.0328	0.9532	0.014	2.25	3.25	3.2	2
0.9671	0.0236	0.0093	1.85	3.4	4.33	1
0.9962	0.0004	0.0035	1.33	4.5	11	1
0.6367	0.0152	0.3481	2.1	3.3	3.5	1
0.0054	0.2233	0.7713	3	3.2	2.37	3
0.9858	0.0065	0.0076	2.25	3.2	3.25	1
0.2771	0.0316	0.6913	3	3.2	2.37	3
0.0119	0.0032	0.9849	2.7	3.25	2.6	3
0.9319	0.0405	0.0276	2.1	3.3	3.5	1
0.4928	0.3459	0.1613	3.4	3.25	2.15	3
0.0549	0.2119	0.7333	2.62	3.3	2.6	3
0.2622	0.4342	0.3036	2.6	3.3	2.62	2
0.586	0	0.414	1.57	3.8	6.5	1
0.6015	0.0013	0.3972	1.57	3.75	6	3
0.0815	0.0317	0.8868	3.4	3.4	2.1	3
0.066	0.0086	0.9254	5	3.5	1.72	3
0.4374	0	0.5625	1.36	4.2	9	1
0.1136	0.8847	0.0017	2.1	3.25	3.6	2
0.9748	0.0174	0.0078	1.57	3.75	6	1
0.0032	0.8938	0.103	1.9	3.6	3.8	2
0.0031	0.0037	0.9932	5.5	4	1.57	3
0.0019	0.0007	0.9973	2.1	3.3	3.5	3
0.0556	0.7295	0.2149	1.95	3.4	3.75	2
0.279	0.0003	0.7208	2.37	3.3	2.9	3
0.883	0.0701	0.0469	2.4	3.6	2.7	1
0.9932	0	0.0068	1.14	7.5	16	1
0.0263	0.9077	0.066	2.1	3.1	3.8	2
0.9958	0.0002	0.004	2.25	3.5	3	1
0.9539	0.0002	0.0458	1.44	4.33	7	1
0.566	0.016	0.418	2.6	3.1	2.8	1
0.2494	0.0655	0.685	2	3.3	3.8	1
0.5856	0	0.4144	1.7	3.6	5.25	1
0.0064	0.2562	0.7374	2	3.3	3.8	3
0.9997	0.0001	0.0002	1.44	4.2	7.5	1
0.0072	0.1034	0.8895	2	3.25	3.8	3
0.5107	0.005	0.4843	3.5	3.3	2.1	1
0.9997	0.0002	0.0002	7	4	1.5	1
0.3768	0.0967	0.5265	2.8	3.3	2.5	2
0.0049	0.3299	0.6652	2.8	3.3	2.5	2
0.0019	0.0002	0.9979	2.62	3.3	2.62	3
0.1002	0.893	0.0068	1.29	5	12	2
0.2452	0.7077	0.0471	3.2	3.4	2.2	1
0.2798	0.4938	0.2264	2.75	3.3	2.5	2
0.0056	0.9811	0.0134	2.1	3.3	3.5	2
0.5567	0.4312	0.0122	2.5	3.25	2.8	2
0.738	0.084	0.178	2.2	3.2	3.4	2
0.9931	0	0.0069	1.25	5.5	12	1
0.522	0.1905	0.2874	2.3	3.3	3.1	3
0.9999	0.0001	0.0001	1.33	5	9	1
0.9538	0.0001	0.046	2	3.25	4	1
0.926	0.0001	0.0739	1.5	3.8	7.25	1
0.3572	0.3899	0.2528	2.1	3.3	3.5	2
0.9965	0.0033	0.0002	1.83	3.5	4.33	1
0.9017	0.0931	0.0052	2	3.3	3.75	1
0.0211	0.5561	0.4228	3.1	3.25	2.3	2
0.3114	0.497	0.1915	1.91	3.3	4.2	2
0.0025	0.0006	0.9969	3	3.4	2.3	3
0.1021	0.0139	0.884	3.4	3.4	2.1	3
0.0051	0	0.9949	7.5	3.8	1.5	3
0.979	0.0033	0.0176	1.62	3.75	5.5	1
0.1703	0.783	0.0468	1.2	6	15	1
0.0953	0.196	0.7087	2.9	3.25	2.4	3
0.2241	0.0751	0.7008	2.25	3.25	3.2	2
0.9978	0	0.0021	1.17	6.5	17	1
0.9437	0.0105	0.0458	1.62	3.6	6	1
0.9794	0.0156	0.005	1.57	3.75	6	1
0.0017	0.0281	0.9701	3.75	3.3	2	3
0.9991	0.0008	0.0002	1.85	3.4	4.33	1
0.0039	0.8724	0.1237	2.35	3.25	3	2
0.6719	0.0006	0.3275	2.1	3.3	3.5	1
0.0093	0.2115	0.7792	4.33	3.6	1.8	3
0.0897	0.1118	0.7985	4.5	3.5	1.8	3
0.0014	0.0001	0.9985	5.5	3.75	1.62	3
0.6388	0.0595	0.3018	1.8	3.5	4.5	1
0.4209	0.301	0.2781	2.2	3.25	3.3	3
0.3743	0.0235	0.6022	2.05	3.3	3.6	3
0.9171	0.0635	0.0193	2.5	3.25	2.8	1
0.0019	0.9929	0.0052	2.38	3.25	3	2
0.1048	0.0816	0.8136	2.2	3.1	3.5	3
0.9971	0.0021	0.0008	1.67	3.6	5.25	1
0.2677	0.0077	0.7246	1.62	3.6	6	1
0.9866	0.0045	0.0089	1.57	3.6	6.5	1
0.5654	0.3966	0.038	2	3.4	3.75	2
0.9994	0.0002	0.0004	1.73	3.5	5	1
0.1642	0.0007	0.835	1.62	3.6	6	3
0.0056	0.191	0.8034	2.05	3.25	3.75	3
0.7562	0.2402	0.0035	1.33	5	9	2
0.0205	0.0018	0.9777	2.1	3.25	3.6	3
0.9967	0.0016	0.0017	1.44	4.2	7.5	1
0.0005	0.002	0.9975	3.3	3.25	2.2	3
0.0115	0.0053	0.9831	2.9	3.3	2.4	3
0.0119	0.7243	0.2638	2.75	3.3	2.5	2
0.3479	0.1009	0.5513	2.7	3.25	2.6	3
0.0478	0.0028	0.9494	6	4	1.53	3
0.3746	0.1092	0.5162	2	3.3	3.8	1
0.2963	0.0632	0.6405	2.5	3.25	2.8	1
0.0323	0.798	0.1697	2.15	3.25	3.4	2
0.9948	0.0017	0.0035	2.62	3.25	2.62	1
0.9992	0	0.0008	1.33	4.6	10	1
0.3261	0.6591	0.0148	1.83	3.4	4.5	2
0.8316	0.1319	0.0365	1.22	5.75	13	1
0.2842	0.2131	0.5027	2.3	3.2	3.2	3
0.3264	0.5666	0.107	1.91	3.3	4.2	1
0.0069	0.0005	0.9926	1.73	3.5	5	3
0.7886	0.1242	0.0872	2.38	3.2	3	1
0.9009	0.097	0.0021	2.5	3.25	2.8	1
0.967	0.0328	0.0002	1.25	5.5	11	1
0.0094	0.9244	0.0663	4	3.4	1.91	2
0.9443	0	0.0557	1.36	4.75	8.5	3
0.891	0.1018	0.0072	2.05	3.4	3.6	2
0.0036	0.0009	0.9955	3.25	3.3	2.2	3
0.3024	0.0372	0.6604	1.53	4	6	1
0.0101	0.0289	0.9609	9	4.5	1.36	3
0.2933	0.0061	0.7007	1.36	4.5	9	3
0.1793	0.7095	0.1113	5.5	3.5	1.67	2
0.0475	0.3182	0.6343	1.91	3.3	4.2	3
0.6494	0.2428	0.1079	2	3.3	3.8	1
0.0019	0.8912	0.1069	2.5	3.25	2.8	2
0.9984	0	0.0015	2.1	3.4	3.4	1
0.2231	0.467	0.3099	3.2	3.25	2.25	1
0.9756	0.0187	0.0056	1.17	6.5	18	1
0.999	0.0004	0.0006	1.22	6	13	1
0.0556	0.5515	0.3928	2.9	3.3	2.4	3
0.9157	0.022	0.0623	2.15	3.3	3.4	1
0.0432	0.9092	0.0476	2.1	3.3	3.5	2
0.0065	0.0081	0.9854	2.6	3.25	2.75	3
0.2474	0.5866	0.166	3.2	3.3	2.25	2
0.9933	0.0013	0.0053	2	3.3	3.75	1
0.9998	0	0.0001	1.36	4.5	9	1
0.954	0.0395	0.0065	1.53	3.75	7	1
0.019	0	0.9809	1.36	4.75	8.5	3
0.2732	0.4486	0.2782	4.2	3.3	1.91	1
0.4591	0.4185	0.1224	2	3.3	3.8	1
0.5383	0.0054	0.4562	2.1	3.3	3.5	1
0.6364	0.0048	0.3588	1.62	3.75	5.5	1
0.7407	0.0947	0.1646	1.91	3.4	4	1
0.0212	0.0017	0.9771	1.73	3.5	5	3
0.0766	0.0162	0.9072	2.88	3.3	2.4	3
0.0017	0.6372	0.3611	3.4	3.4	2.1	2
0.0019	0.0153	0.9828	9	5	1.33	3
0.9945	0.004	0.0015	1.3	5.5	9	1
0.5253	0.3549	0.1198	2.2	3.25	3.3	2
0.8032	0.0004	0.1964	1.44	4	8	3
0.4288	0.5688	0.0024	1.18	7	15	2
0.7692	0.2177	0.0131	2	3.3	3.8	1
0.2143	0.4643	0.3214	2.1	3.4	3.4	2
0.0001	0.9994	0.0005	3.6	3.5	2	2
0.4083	0.0376	0.5541	2.25	3.2	3.25	1
0.8251	0.1742	0.0006	2.1	3.25	3.6	1
0.0111	0	0.9889	2.4	3.2	3	3
0.4696	0.1076	0.4229	3.5	3.3	2.1	1
0.268	0.0027	0.7293	3.4	3.5	2.1	3
0.4439	0.0116	0.5444	2.1	3.3	3.5	3
0.9898	0	0.0102	1.85	3.5	4.2	1
0.9915	0.0001	0.0084	1.57	3.8	6	1
0.0026	0.0012	0.9962	2.1	3.3	3.5	3
0.8995	0.0871	0.0135	2.2	3.25	3.25	1
0.1727	0.3104	0.5169	3.5	3.3	2.1	3
0.9267	0	0.0733	1.8	3.4	4.5	1
0.6201	0.0708	0.3091	2	3.3	3.8	1
0.327	0.6372	0.0357	1.53	4.2	6	1
0.0795	0.0066	0.914	3.4	3.2	2.2	3
0.1807	0.7534	0.0659	1.73	3.6	4.75	2
0.0702	0.9206	0.0092	1.67	3.6	5.25	2
0.9519	0.0053	0.0428	1.91	3.4	4	1
0.5627	0.1608	0.2764	1.91	3.4	4	3
0.9865	0.0129	0.0005	2.4	3.4	2.8	1
0.0012	0.9944	0.0044	2.2	3.4	3.2	2
0.2681	0.0027	0.7292	2.1	3.4	3.4	3
0.0469	0.9472	0.006	2.1	3.25	3.6	2
0.7827	0.15	0.0673	1.57	3.8	6	1
0.989	0.0009	0.01	1.53	4	6	1
0.004	0.2359	0.7601	2.2	3.3	3.25	2
0.9305	0	0.0695	2	3.3	3.8	1
0.7607	0.0018	0.2375	1.62	3.75	5.5	1
0.9763	0.0034	0.0203	1.85	3.4	4.33	1
0.9991	0.0005	0.0004	1.95	3.3	4	1
0.9843	0.014	0.0017	2.3	3.25	3.1	1
0.4247	0.3278	0.2475	2.05	3.3	3.6	1
0.3811	0.2674	0.3514	2.1	3.4	3.4	1
0.3087	0.375	0.3162	3.4	3.4	2.1	3
0.7336	0.0077	0.2587	1.9	3.4	4	1
0.3753	0.1593	0.4654	2.1	3.25	3.6	3
0.8286	0.0017	0.1697	1.72	3.5	5	1
0.0414	0.9172	0.0414	3.5	3.5	2.05	2
0.9816	0.0062	0.0122	2.5	3.4	2.75	1
0.1656	0.5394	0.295	2.4	3.3	2.87	1
0.0202	0.9789	0.001	2.05	3.4	3.6	2
0.9999	0	0.0001	2.3	3	3.4	1
0.3757	0.0014	0.6229	4.2	3.75	1.8	3
0.9963	0.0014	0.0023	1.18	6.5	15	1
0.5691	0.0114	0.4196	2.1	3.4	3.4	1
0.6979	0.0861	0.2159	2.37	3.3	3	1
0.6503	0.3395	0.0101	1.9	3.4	4	2
0.0383	0.0016	0.9602	2.1	3.3	3.5	3
0.969	0.0005	0.0305	1.95	3.25	4.2	1
0.8839	0.011	0.1051	1.75	3.75	4.5	1
0.9912	0.0005	0.0083	2.1	3.3	3.5	1
0.3974	0.5658	0.0368	1.36	4.5	9	2
0.0276	0.0001	0.9723	2	3.4	3.75	3
0.4135	0.0038	0.5827	2.7	3.2	2.7	3
0.2189	0.2558	0.5252	2	3.3	3.8	2
0.6741	0.0045	0.3214	1.62	3.6	6	3
0.0086	0.1582	0.8332	2	3.4	3.7	3
0.0018	0.1647	0.8334	2.05	3.5	3.6	2
0.0431	0.22	0.7369	4.75	3.5	1.75	3
0.9256	0.0732	0.0012	2.5	3.3	2.8	1
0.0069	0.0439	0.9492	8	4.5	1.4	3
0.3738	0.5689	0.0573	1.91	3.4	4	2
0.9889	0.0001	0.0109	2.38	3.1	3.2	1
0.9281	0.0436	0.0284	1.25	5.5	12	1
0.9949	0.0042	0.0009	1.33	4.75	9.5	1
0.0015	0.956	0.0425	3	3.4	2.3	2
0.9061	0.081	0.0129	3	3.4	2.3	1
0.2589	0.0001	0.7409	2.2	3.3	3.3	3
0.927	0.0621	0.0109	2	3.4	3.75	1
0.9987	0.0006	0.0006	1.25	5.5	12	1
0.9881	0	0.0118	2.25	3	3.5	1
0.0497	0.0559	0.8943	2.05	3.4	3.5	3
0.98	0.0196	0.0004	1.44	4.2	7.5	1
0.9765	0	0.0235	1.14	7.5	18	1
0.0595	0.8104	0.1301	1.5	4	7	2
0.4374	0.5462	0.0164	2.4	3.3	2.87	1
0.9807	0	0.0193	1.9	3.3	4	1
0.0329	0.4697	0.4974	2.7	3.4	2.5	2
0.239	0.0897	0.6714	3.2	3.3	2.25	1
0.5295	0.0001	0.4704	1.4	4.5	7.5	1
0.9777	0.0037	0.0186	2.5	3.25	2.8	1
0.5509	0.2911	0.158	1.53	3.8	6.5	3
0.478	0.4407	0.0813	2.05	3.4	3.6	2
0.3543	0.3165	0.3292	2	3.5	3.6	1
0.0071	0.0018	0.9911	6.5	3.6	1.57	3
0.4008	0.0044	0.5949	1.53	3.8	7.5	3
0.0346	0.9451	0.0203	2.1	3.4	3.4	2
0.127	0.3564	0.5166	2	3.4	3.75	2
0.7577	0.0011	0.2413	2.5	3.4	2.75	1
0.9906	0.0035	0.0059	2	3.25	4	1
0.0038	0.793	0.2032	7.5	3.75	1.5	3
0.4522	0.0001	0.5477	3.75	3.25	2.05	1
0.8936	0.0496	0.0568	1.61	3.6	6	1
0.9357	0.0003	0.064	1.4	4.33	8.5	1
0.7922	0.027	0.1808	1.75	3.5	4.75	3
0.9961	0	0.0039	1.16	6.5	17	1
0.2024	0.5896	0.208	1.9	3.4	4	2
0.9822	0.0046	0.0132	2.05	3.4	3.6	1
0.027	0.8746	0.0985	2.4	3.3	2.87	2
0.3654	0.0261	0.6085	2.62	3.3	2.62	1
0.3136	0.0084	0.678	2.87	3.4	2.37	3
0.1386	0.0083	0.8531	2.1	3.4	3.4	1
0.9947	0.0016	0.0037	1.5	4	7	1
0.0092	0.8841	0.1067	6.5	4	1.53	2
0.3471	0.3116	0.3413	2.05	3.25	3.75	2
0.0811	0.8803	0.0387	1.73	3.6	4.75	2
0.8021	0.0589	0.139	2.2	3.4	3.25	1
0.0226	0.9765	0.0009	1.8	3.4	4.5	2
0.5945	0.3202	0.0853	1.73	3.5	5	2
0.2824	0.0742	0.6434	3.1	3.3	2.3	3
0.0195	0	0.9804	2.3	3.3	3.1	3
0.0996	0.8415	0.0588	2.4	3.3	3	2
0.0091	0	0.9908	5.5	3.75	1.62	3
0.9208	0.0739	0.0054	1.22	5.75	13	3
0.9986	0.0004	0.001	1.44	4.33	7	1
0.4815	0.1032	0.4153	2	3.3	3.75	1
0.9984	0.0002	0.0015	1.57	3.8	6	1
0.1156	0.3629	0.5216	2.1	3.3	3.5	2
0.0395	0.4666	0.4939	2.4	3.25	2.9	2
0.3667	0.0223	0.611	2.5	3.25	2.8	1
0.9988	0.0011	0.0001	1.72	3.5	5	1
0.2313	0.5077	0.2609	2.1	3.25	3.6	2
0.0025	0.0157	0.9818	2.2	3.25	3.25	3
0.1424	0.0174	0.8402	2.75	3.25	2.6	3
0.0404	0.0057	0.9539	4.5	3.5	1.8	3
0.8567	0.133	0.0103	2.2	3.25	3.4	1
0.6073	0.0443	0.3484	3.75	3.6	1.9	1
0.0521	0.8702	0.0777	2.5	3.25	2.8	2
0.4199	0.2079	0.3722	1.8	3.5	4.5	3
0.0029	0.0002	0.9969	2.62	3.25	2.62	3
0.0058	0.9936	0.0006	2.4	3.2	3.1	2
0.4857	0	0.5143	2.3	3.25	3.1	3
0.7664	0.0018	0.2318	1.8	3.4	4.75	3
0.9889	0.0009	0.0103	1.28	5.5	9.5	1
0.5857	0.4139	0.0004	1.72	3.6	4.75	2
0.7423	0.2516	0.0061	1.8	3.4	4.75	1
0.1795	0.0187	0.8018	2.2	3.3	3.3	3
0.6249	0.0998	0.2752	2.2	3.2	3.4	1
0.2306	0.5075	0.2619	2.3	3.25	3.1	2
0.3227	0.0006	0.6767	3.4	3.4	2.1	1
0.055	0	0.945	1.66	3.4	6	3
0.0865	0.1348	0.7787	2.3	3.3	3.1	3
0.6519	0.0026	0.3454	1.72	3.6	4.75	1
0.0025	0.001	0.9965	3.75	3.4	2	3
0.0018	0.9966	0.0017	1.91	3.4	4.33	2
0.0169	0.2181	0.765	5.75	3.8	1.6	3
0.2993	0.5797	0.121	2.05	3.4	3.6	1
0.0011	0.9946	0.0044	2.1	3.3	3.5	2
0.2365	0.5477	0.2158	2.1	3.3	3.5	2
0.416	0.3104	0.2736	2.8	3.3	2.5	2
0.7168	0.0024	0.2808	1.8	3.4	4.75	1
0.9939	0.0001	0.006	2.62	3.2	2.7	1
0.4864	0.3233	0.1903	2.05	3.4	3.6	1
0.6281	0.0003	0.3716	1.66	3.6	5.5	1
0.9887	0.011	0.0003	1.72	3.6	4.75	1
0.9628	0.0059	0.0313	1.22	6	13	1
0.044	0.9482	0.0079	2	3.3	3.8	1
0.0896	0.89	0.0204	2.2	3.3	3.25	2
0.2175	0.7726	0.0099	3	3.4	2.3	1
0.4574	0	0.5426	2.35	3.25	3	1
0.9527	0.0023	0.0449	2.15	3.25	3.4	1
0.9246	0.0691	0.0063	1.3	5.25	9.5	1
0.7407	0.1396	0.1197	2.4	3.25	2.9	3
0.3658	0.0066	0.6276	2.4	3.2	3	1
0.7549	0.1578	0.0874	2	3.4	3.6	1
0.0099	0.9895	0.0006	1.61	3.75	5.5	2
0.0015	0.0045	0.994	4.75	3.6	1.72	3
0.0038	0.0038	0.9924	3.6	3.4	2	3
0.0732	0.1671	0.7597	6	4	1.53	3
0.1881	0.4176	0.3944	1.66	3.6	5.25	3
0.3651	0.1329	0.502	2.4	3.2	3	1
0.0117	0	0.9882	2.62	3.25	2.62	3
0.3337	0.4644	0.2019	1.85	3.5	4.2	1
0.9951	0.0045	0.0004	1.14	7.5	17	1
0.4428	0.0667	0.4905	2.1	3.3	3.5	3
0.2295	0.0287	0.7419	2.5	3.4	2.75	3
0.4287	0.5672	0.0042	2.1	3.4	3.4	1
0.6402	0.357	0.0028	2.5	3.25	2.8	2
0.9945	0.0006	0.0048	2.1	3.25	3.6	1
0.9357	0.0129	0.0514	1.29	5.5	10	1
0.031	0.5336	0.4354	2	3.4	3.75	3
0.6588	0.0038	0.3374	1.53	3.75	7	3
0.3342	0.0001	0.6657	3.6	3.2	2.1	3
0.0716	0.0443	0.8841	2.15	3.4	3.3	3
0.7215	0.2776	0.0008	1.33	4.75	9.5	1
0.072	0.4579	0.4701	7	4.33	1.44	3
0.1181	0.7159	0.166	2	3.4	3.7	2
0.0035	0.0021	0.9944	6	3.8	1.57	3
0.3103	0.0071	0.6826	2.25	3.25	3.2	1
0.9964	0.0033	0.0003	1.67	3.6	5.25	1
0.3361	0.0718	0.5921	2.15	3.25	3.4	1
0.317	0.1844	0.4986	2.1	3.4	3.4	1
0.3878	0.3548	0.2574	2.3	3.4	3	2
0.004	0.0038	0.9922	2.62	3.4	2.6	3
0.9812	0.0155	0.0033	1.25	5.5	12	1
0.5531	0.0027	0.4443	1.36	4.75	8	1
0.0203	0.0449	0.9349	2.9	3.25	2.4	3
0.6089	0.0675	0.3236	2	3.3	3.75	1
0.2711	0.0001	0.7288	2.15	3.3	3.3	3
0.969	0.0107	0.0203	2.05	3.3	3.6	1
0.1111	0.0406	0.8483	2.87	3.3	2.4	1
0.4054	0	0.5946	2.65	3.3	2.6	3
0.9889	0.0011	0.01	1.65	3.6	5.5	1
0.8786	0.0003	0.1211	1.66	3.6	5.5	1
0.0139	0.5527	0.4334	2.1	3.3	3.5	2
0.3698	0.5291	0.1011	4	3.4	1.9	2
0.5875	0.0052	0.4073	2.1	3.25	3.6	1
0.9998	0	0.0002	1.4	4.5	8	1
0.3689	0.6023	0.0288	2.2	3.25	3.3	1
0.0561	0.1238	0.8202	2.5	3.25	2.8	3
0.024	0.0901	0.8859	2.37	3.25	3	3
0.4203	0	0.5797	2.62	3.3	2.6	3
0.0003	0.9995	0.0001	2.1	3.3	3.5	2
0.5368	0.0005	0.4627	3.1	3.4	2.25	1
0.6255	0.2219	0.1526	2.5	3.4	2.75	3
0.4242	0.005	0.5708	2.37	3.4	2.87	3
0.1589	0.2344	0.6067	2.87	3.4	2.37	3
0.4679	0.0021	0.5299	2.87	3.4	2.37	1
0.8322	0.0184	0.1493	1.75	3.5	4.75	1
0.9778	0.0197	0.0025	2.1	3.3	3.5	1
0.0131	0.0011	0.9858	1.75	3.5	4.75	3
0.5362	0.0005	0.4634	2.25	3.1	3.2	3
0.0016	0.4548	0.5436	2.62	3.3	2.62	2
0.9012	0.0093	0.0895	3	3.2	2.4	1
0.4533	0.0308	0.516	1.53	3.8	6.5	1
0.3989	0.0687	0.5324	2.3	3.4	3	1
0.8374	0	0.1625	2	3.4	3.75	1
0.5131	0.0032	0.4836	1.73	3.6	4.75	1
0.8373	0.1433	0.0194	1.33	4.75	9	2
0.6156	0.0064	0.378	2.1	3.25	3.6	1
0.4485	0.4309	0.1207	2.1	3.3	3.5	1
0.4052	0.0006	0.5942	2.5	3.25	2.8	3
0.0022	0.982	0.0158	1.8	3.6	4.33	2
0.6264	0.2819	0.0917	1.85	3.5	4.2	2
0.3227	0.4532	0.2241	2.88	3.3	2.4	2
0.2725	0.0038	0.7237	2.25	3.5	3	1
0.2906	0.0002	0.7092	2.2	3.5	3.1	1
0.5319	0.0202	0.4479	1.6	4	5.25	1
0.9399	0.0075	0.0526	1.62	3.8	5.5	1
0.6404	0.0005	0.3591	5.25	3.75	1.6	1
0.9527	0.0007	0.0467	2.38	3.25	3	1
0.9973	0	0.0026	1.8	3.6	4.5	1
0.286	0.001	0.7129	2.4	3.3	2.88	1
0.5373	0.0036	0.4591	2.8	3.3	2.5	3
0.1594	0.0001	0.8404	4	3.75	1.83	3
0.5946	0.1905	0.2149	2	3.5	3.6	3
0.5613	0.0024	0.4363	1.67	3.75	5	1
0.0817	0.9001	0.0182	2.5	3.3	2.75	2
0.0305	0.0007	0.9688	2.1	3.4	3.4	3
0.5305	0.0007	0.4688	1.67	3.75	5	1
0.0045	0.0042	0.9913	2.38	3.25	3	3
0.6988	0.0004	0.3007	2.25	3.5	3	1
0.5479	0.0008	0.4513	1.5	4.33	6	3
0.9949	0.0018	0.0032	1.25	5.25	13	1
0.1517	0.7086	0.1397	2	3.6	3.4	2
0.0662	0.022	0.9118	3.4	3.3	2.15	3
0.5192	0.147	0.3338	1.36	4.75	8.5	1
0.2058	0.7904	0.0038	1.83	3.6	4.2	2
0.9897	0	0.0103	1.91	3.6	3.8	1
0.0071	0.0035	0.9895	4.2	3.6	1.83	3
0.0422	0.0025	0.9553	1.7	4	4.33	1
0.5893	0.1981	0.2126	3.3	3.3	2.15	2
0.6972	0.001	0.3018	1.33	5	8.5	1
0.4806	0.0002	0.5193	1.25	5.5	13	1
0.999	0.0008	0.0002	1.91	3.4	4.2	1
0.6749	0.2117	0.1134	2.1	3.3	3.5	2
0.3512	0.0056	0.6433	2.1	3.3	3.5	1
0.2935	0.0611	0.6454	3.4	3.4	2.1	1
0.9997	0.0001	0.0002	1.91	3.4	4.33	1
0.0342	0.9511	0.0147	2.88	3.2	2.5	2
0.4262	0.1824	0.3914	2.15	3.3	3.4	3
0.7375	0.0278	0.2347	2.25	3.3	3.2	1
0.9958	0.0011	0.0031	1.17	8	13	1
0.9231	0.074	0.0029	1.44	4.33	7	2
0.5673	0.0001	0.4326	6	3.8	1.57	3
0.0953	0.0095	0.8952	6.5	4.2	1.5	3
0.6946	0.0076	0.2978	1.57	3.8	6	1
0.9188	0.0736	0.0075	1.83	3.5	4.33	1
0.624	0.0006	0.3754	2.38	3.25	3	1
0.9975	0.0002	0.0024	2.38	3.25	3	1
0.0263	0.0041	0.9696	3.4	3.4	2.1	3
0.3798	0.5221	0.0981	1.57	3.8	6	2
0.0013	0.0001	0.9986	2.75	3.2	2.63	3
0.3124	0.0063	0.6813	1.33	5	8.5	1
0.377	0.0029	0.6201	1.95	3.4	3.8	3
0.0611	0.597	0.3419	2.05	3.3	3.6	3
0.9971	0	0.0029	2	3.4	3.6	1
0.0411	0.5247	0.4342	3.25	3.25	2.25	3
0.4404	0.2873	0.2723	2.5	3.25	2.8	1
0.1888	0.0044	0.8068	2.63	3.25	2.63	1
0.9994	0	0.0006	1.13	8	21	1
0.3349	0.4697	0.1954	1.29	5.25	10	2
0.0286	0.0725	0.8989	2.1	3.3	3.5	3
0.0087	0.0801	0.9111	10	5	1.3	3
0.5728	0.0202	0.407	1.44	4.2	7.5	1
0.282	0.7113	0.0067	1.44	4.33	7	2
0.9952	0	0.0048	2	3.4	3.75	1
0.4159	0.0003	0.5839	3	3.3	2.35	1
0.9958	0.0002	0.004	2.6	3.25	2.7	1
0.0039	0.731	0.265	2.15	3.3	3.4	3
0.4458	0.0637	0.4905	5.5	3.8	1.6	3
0.0016	0.0001	0.9983	2.88	3.25	2.45	3
0.0004	0.9989	0.0007	2.25	3.4	3.1	2
0.0285	0.0002	0.9714	2.9	3.3	2.4	3
0.0046	0.0363	0.9591	11	5	1.29	3
0.937	0	0.063	1.11	8.5	21	1
0.3034	0.4653	0.2312	1.91	3.4	4	2
0.029	0.7951	0.1758	2.25	3.25	3.2	2
0.0546	0.9451	0.0004	1.53	4	6	2
0.3469	0.348	0.3052	2.4	3.3	2.9	1
0.982	0.0061	0.012	1.85	3.4	4.2	1
0.2837	0.0587	0.6576	1.91	3.4	4	1
0.3155	0.4559	0.2285	2.2	3.25	3.3	1
0.763	0.1506	0.0864	1.57	3.8	6	1
0.9667	0.0329	0.0004	1.08	10	26	1
0.0044	0.0001	0.9955	2.5	3.3	2.75	3
0.8134	0	0.1866	2.05	3.3	3.6	1
0.8139	0.0013	0.1848	3.4	3.4	2.1	3
0.8886	0	0.1113	3.75	3.5	1.95	1
0.792	0.008	0.2	2.45	3.3	2.8	1
0.0548	0.1673	0.7779	2.4	3.3	2.88	2
0.2682	0.5148	0.2169	1.73	3.6	4.75	2
0.003	0.9927	0.0044	2.4	3.3	2.88	2
0.4934	0.0015	0.5051	3.6	3.3	2.1	1
0.9728	0.0102	0.0171	1.17	7	15	1
0.028	0.9657	0.0063	4.75	3.75	1.7	2
0.2945	0.0037	0.7018	1.83	3.5	4.33	3
0.9975	0.0017	0.0007	1.83	3.4	4.5	1
0.1122	0.0053	0.8825	2.1	3.2	3.3	3
0.763	0.0132	0.2237	2.15	3.25	3.4	1
0.8167	0.0386	0.1447	2.75	3.3	2.5	1
0.976	0.0133	0.0108	3.8	3.3	2	1
0.0021	0.9973	0.0007	2	3.4	3.75	2
0.0024	0.9813	0.0164	1.8	3.5	4.5	2
0.2143	0.5569	0.2288	1.44	4.33	7	2
0.1777	0.672	0.1503	7	4.33	1.44	2
0.0427	0.0113	0.946	3.5	3.3	2.1	3
0.9966	0.0006	0.0028	1.1	9	21	1
0.6927	0.0146	0.2928	2	3.5	3.75	1
0.8222	0.1646	0.0132	2.3	3.3	3.1	2
0.9986	0.0003	0.001	1.91	3.3	4.2	1
0.2592	0.0039	0.7369	2.6	3.2	2.75	1
0.4897	0.4822	0.028	1.62	3.75	5.5	1
0.6191	0.0023	0.3786	2.6	3.25	2.7	1
0.1365	0.7764	0.0871	7.5	4.5	1.4	2
0.9797	0.0009	0.0194	1.44	4.2	7.5	1
0.0023	0.0011	0.9965	5.5	3.75	1.62	3
0.0943	0.8049	0.1008	1.91	3.5	4	2
0.0235	0.3452	0.6313	1.8	3.5	4.5	2
0.0019	0.0003	0.9978	3.8	3.6	1.91	3
0.9727	0.0192	0.0082	1.83	3.5	4.33	1
0.9896	0.0015	0.0089	1.73	3.5	5	1
0.8817	0.1157	0.0025	2	3.4	3.75	1
0.0019	0.4062	0.5918	3.75	3.5	1.95	3
0.9849	0.0007	0.0144	1.17	7	15	1
0.0167	0.0004	0.9829	2.1	3.3	3.5	3
0.0803	0.9196	0.0002	2	3.4	3.75	2
0.58	0.0272	0.3928	2.5	3.25	2.8	1
0.1051	0.3097	0.5851	2.25	3.3	3.2	3
0.9618	0.0296	0.0086	1.67	3.7	5	1
0.7335	0.2021	0.0644	2.25	3.3	3.2	1
0.6848	0.3139	0.0013	1.5	4	6.5	1
0.0009	0.995	0.0041	1.65	3.7	5.25	2
0.0728	0.3846	0.5425	6.5	4	1.53	2
0.9779	0.0078	0.0143	2.5	3.3	2.75	1
0.9944	0.0024	0.0032	1.22	6	12	1
0.0018	0.0026	0.9956	5	3.5	1.73	3
0.7721	0.0502	0.1777	2.1	3.3	3.5	3
0.0004	0.849	0.1506	2.3	3.4	3	2
0.9585	0.0176	0.024	1.73	3.6	4.75	1
0.0367	0.0047	0.9586	3.25	3.3	2.2	3
0.621	0.1081	0.2709	1.62	3.75	5.5	1
0.0001	0.9997	0.0003	2.8	3.25	2.5	2
0.2972	0.7014	0.0014	1.25	5.5	12	2
0.93	0.0028	0.0672	2.75	3.3	2.5	1
0.1238	0.8187	0.0575	1.53	4	6	2
0.5788	0.2716	0.1496	2.2	3.3	3.25	3
0.2021	0.4158	0.3822	1.75	3.5	4.75	1
0.694	0.0147	0.2913	1.85	3.6	4	1
0.9965	0.0009	0.0026	1.5	4	6.5	1
0.0048	0.0068	0.9884	2.63	3.25	2.63	3
0.0025	0.997	0.0004	2	3.4	3.7	2
0.1805	0.0838	0.7357	2	3.4	3.7	3
0.0042	0.2961	0.6997	12	5.5	1.25	3
0.1256	0.647	0.2274	5.5	3.8	1.62	3
0.9862	0.0002	0.0136	1.17	6.5	17	1
0.3368	0.6622	0.0011	1.33	4.75	9.5	2
0.0138	0.0282	0.9581	4.6	3.6	1.75	3
0.2987	0.0045	0.6968	3.2	3.4	2.2	3
0.0315	0.5011	0.4674	2	3.3	3.8	3
0.1328	0.7732	0.0941	2.3	3.3	3.1	2
0.9553	0.0008	0.0439	1.85	3.5	4.2	1
0.8722	0.0892	0.0386	2.1	3.3	3.5	1
0.9086	0.0091	0.0824	1.75	3.6	4.6	1
0.9576	0.0302	0.0121	1.17	7	17	1
0.633	0.1928	0.1743	2.5	3.4	2.7	3
0.4545	0.1819	0.3636	2.2	3.3	3.3	3
0.2993	0.1347	0.566	2.7	3.1	2.7	2
0.3548	0.0916	0.5536	2	3.5	3.6	3
0.9994	0.0002	0.0004	1.75	3.6	4.75	1
0.3821	0.113	0.5048	2.2	3.3	3.25	3
0.9048	0.089	0.0062	1.73	3.5	5	1
0.4285	0.0006	0.5709	3.5	3.3	2.1	3
0.0001	0.9989	0.001	2	3.4	3.75	2
0.4418	0.2616	0.2966	2.1	3.3	3.5	1
0.9879	0.011	0.0011	1.2	6.5	13	1
0.3871	0.0115	0.6014	1.6	3.6	6	3
0.5461	0.0059	0.4479	2.1	3.3	3.5	1
0.002	0.5178	0.4802	2.8	3.25	2.5	2
0.1656	0.6619	0.1725	2.5	3.3	2.75	1
0.0013	0.9875	0.0112	3.1	3.4	2.25	2
0.1438	0.2706	0.5856	2.1	3.3	3.5	1
0.9889	0.004	0.007	1.6	3.75	5.75	1
0.3862	0.0021	0.6117	2.63	3.3	2.63	1
0.6878	0.1461	0.1661	1.33	4.75	10	2
0.9435	0.0429	0.0136	1.44	4.33	7	1
0.988	0.0114	0.0006	1.8	3.5	4.5	1
0.9045	0.0055	0.0901	1.8	3.5	4.5	1
0.5889	0.0018	0.4093	2	3.5	3.6	1
0.0309	0.5177	0.4514	7	4.33	1.44	2
0.9934	0.0028	0.0037	2	3.4	3.75	1
0.0165	0.974	0.0095	2	3.4	3.75	2
0.0072	0.9818	0.011	2.6	3.25	2.7	2
0.4877	0.0348	0.4775	1.55	3.75	6	3
0.422	0.2796	0.2984	2.5	3.3	2.75	3
0.8731	0.1077	0.0192	1.44	4.2	7.5	2
0.1495	0.755	0.0954	2	3.3	3.75	1
0.8245	0.1035	0.0721	1.91	3.4	4	1
0.1459	0.7826	0.0715	2.4	3.3	2.88	2
0.9579	0.0012	0.0409	1.29	5.25	10	1
0.4425	0.0014	0.556	2.5	3.3	2.75	1
0.0031	0.1208	0.8761	7.5	4.5	1.4	3
0.001	0.0039	0.9952	6	3.75	1.57	3
0.3442	0.0334	0.6224	6	3.8	1.57	1
0.9485	0.0018	0.0496	1.33	5	8.5	1
0.8368	0.0073	0.1559	2.05	3.25	3.75	1
0.0005	0.9964	0.0031	1.95	3.4	3.8	2
0.9947	0.0021	0.0032	1.57	3.8	6	1
0.7736	0.0054	0.221	2.5	3.25	2.8	1
0.4564	0.1736	0.37	2.15	3.25	3.4	1
0.7651	0.2279	0.007	2	3.3	3.6	2
0.5913	0.0804	0.3283	1.91	3.6	3.75	1
0.0039	0.9927	0.0034	1.67	3.6	5.25	2
0.6323	0.0952	0.2726	2.1	3.2	3.6	1
0.666	0.0804	0.2536	1.44	4.2	7.5	1
0.0024	0.0505	0.947	10	5.25	1.29	3
0.3024	0.3949	0.3026	2.4	3.2	3	2
0.3924	0.0043	0.6032	2.5	3.2	2.88	1
0.9832	0.0151	0.0018	1.17	7	15	1
0.007	0.0012	0.9918	2.35	3.3	3	3
0.0001	0.9844	0.0155	5.25	3.75	1.65	2
0.972	0.0229	0.0051	1.44	4.2	7.5	1
0.0021	0.0033	0.9946	3.25	3.2	2.25	3
0.3186	0.1772	0.5041	2.25	3.25	3.25	1
0.6575	0.0174	0.3251	4	3.4	1.85	3
0.0037	0.0011	0.9952	13	6.5	1.2	3
0.5089	0.0163	0.4747	1.5	4.2	6.5	3
0.3622	0.1054	0.5324	2	3.4	3.75	2
0.4078	0.1429	0.4493	2.25	3.4	3.2	1
0.0041	0.002	0.994	2	3.4	3.75	3
0.062	0.8586	0.0793	2.1	3.3	3.5	2
0.2465	0.3219	0.4317	1.57	3.75	6	3
0.3063	0.0002	0.6936	3.5	3.3	2.1	1
0.9625	0.0329	0.0045	1.14	8	15	1
0.9576	0.0001	0.0424	1.2	6.5	13	1
0.9771	0.0191	0.0038	1.36	5	7.5	1
0.7899	0.0818	0.1283	2.1	3.3	3.5	1
0.9921	0.0078	0.0001	1.5	3.75	7.5	1
0.0014	0.9928	0.0058	2.3	3.25	3.1	2
0.1912	0.0106	0.7982	2.3	3.25	3.1	1
0.9426	0.0178	0.0396	1.8	3.5	4.5	1
0.0484	0.703	0.2486	2.4	3.3	2.88	2
0.467	0.0082	0.5249	3.5	3.3	2.1	1
0.0493	0.9268	0.0239	4.33	3.6	1.8	2
0.9699	0.0245	0.0055	1.8	3.5	4.5	1
0.004	0.0003	0.9957	13	5.5	1.25	3
0.5992	0.0001	0.4007	4.5	3.75	1.73	1
0.7346	0.1883	0.0771	2.3	3.2	3.2	1
0.1411	0.8191	0.0397	1.67	3.5	5.25	2
0.0915	0.7992	0.1093	2	3.3	3.75	3
0.5783	0.0033	0.4184	1.67	3.5	5.5	1
0.8268	0.17	0.0032	2.25	3.3	3.2	2
0.4511	0.0414	0.5076	2.5	3.2	2.88	1
0.918	0.0796	0.0024	1.2	6.5	13	1
0.9947	0.0052	0.0001	1.53	3.75	7	1
0.473	0.0016	0.5255	2.5	3.25	2.8	3
0.1225	0.8296	0.0479	2.7	3.4	2.5	1
0.9683	0.0002	0.0316	1.73	3.5	5	1
0.8846	0.0014	0.114	2.2	3.3	3.25	1
0.0139	0.986	0.0001	1.85	3.4	4.33	2
0.9741	0.0095	0.0164	1.3	5.5	9	1
0.0484	0.486	0.4656	1.91	3.4	4	3
0.8729	0.0011	0.126	1.57	4	5.5	1
0.954	0.0401	0.0058	1.17	7	15	1
0.2112	0.3722	0.4166	1.91	3.4	4	3
0.0025	0.0113	0.9862	11	5.75	1.25	3
0.4163	0.0111	0.5726	2.5	3.3	2.75	1
0.132	0.7746	0.0934	2.1	3.3	3.5	3
0.7634	0.1302	0.1063	1.67	3.75	5	2
0.9292	0.0005	0.0703	2.38	3.25	3	1
0.0665	0.1131	0.8204	2.5	3.25	2.8	3
0.7021	0.172	0.1259	1.91	3.4	4	1
0.003	0.9575	0.0394	3	3.25	2.38	2
0.026	0.7867	0.1873	11	5.75	1.25	2
0.9997	0.0001	0.0002	1.62	3.6	5.75	1
0.9618	0	0.0382	1.4	4.5	8	1
0.9942	0.003	0.0029	1.67	3.6	5.25	1
0.0498	0.8827	0.0675	2.4	3.25	2.9	2
0.0183	0.5953	0.3864	1.62	3.6	5.75	3
0.8275	0	0.1725	1.73	3.6	4.75	1
0.533	0.3507	0.1162	2.2	3.25	3.25	2
0.1009	0.8439	0.0552	2.5	3.3	2.8	2
0.2378	0.5238	0.2384	1.57	3.8	6	2
0.2782	0.3517	0.3701	2.1	3.3	3.5	1
0.5069	0.431	0.0621	1.62	3.6	5.5	2
0.0505	0.921	0.0285	2.38	3.25	3	2
0.9733	0.0011	0.0256	2.1	3.3	3.5	1
0.9675	0.0077	0.0248	1.4	4.5	8	1
0.0004	0.9983	0.0013	2.2	3.3	3.25	2
0.1878	0.0068	0.8053	2.2	3.3	3.25	1
0.0058	0.0162	0.978	10	5.25	1.29	3
0.924	0.0005	0.0755	1.36	4.5	9	1
0.6433	0.0001	0.3566	1.73	3.5	5	1
0.7266	0.2441	0.0293	2.1	3.3	3.5	2
0.1635	0.0205	0.816	3.2	3.3	2.25	1
0.5352	0.0073	0.4575	1.67	3.6	5.25	3
0.9943	0.0006	0.005	1.13	8	19	1
0.7873	0.0089	0.2038	2.4	3.3	2.88	1
0.5767	0.1989	0.2244	2.88	3.2	2.5	1
0.7758	0.0237	0.2005	2.1	3.3	3.5	1
0.0127	0.4183	0.569	2	3.3	3.75	3
0.7515	0.1843	0.0642	1.57	3.75	6	1
0.0653	0.2292	0.7055	11	5.25	1.29	3
0.2544	0.7433	0.0023	1.29	5.25	11	2
0.5238	0.4689	0.0073	2.4	3.3	2.88	1
0.2058	0.6872	0.1069	2.05	3.3	3.6	1
0.9926	0.0004	0.007	1.13	8	19	1
0.1621	0.5622	0.2756	2.35	3.3	3	2
0.0224	0.462	0.5155	2.88	3.3	2.4	2
0.9787	0.0192	0.0021	1.5	4	7	1
0.0187	0.9723	0.0089	2.25	3.3	3.2	2
0.8979	0.0063	0.0958	1.85	3.5	4	1
0.0632	0.0335	0.9033	9	4.75	1.36	3
0.0107	0.9889	0.0004	1.91	3.4	4	2
0.1362	0.0003	0.8635	7.5	4.2	1.44	3
0.2715	0.2169	0.5116	2.9	3.3	2.38	1
0.2657	0.3101	0.4242	1.91	3.4	4	2
0.6886	0.0298	0.2816	2.1	3.3	3.5	3
0.2282	0.1145	0.6573	2.2	3.3	3.3	1
0.9935	0.004	0.0025	1.3	5.25	10	1
0.4688	0.0002	0.531	2.25	3.3	3.2	1
0.8732	0.1193	0.0075	2.5	3.25	2.8	1
0.6944	0.2999	0.0057	1.91	3.4	4	1
0.9796	0.0037	0.0167	1.17	7	15	1
0.966	0.0337	0.0003	1.4	4.5	8	1
0.8729	0.1069	0.0203	1.85	3.4	4.2	1
0.1251	0.8032	0.0717	2.4	3.3	2.88	2
0.9798	0.0004	0.0198	1.83	3.5	4.33	1
0.0355	0.9044	0.0601	1.8	3.5	4.5	2
0.01	0.0031	0.9869	9.5	5.25	1.3	3
0.0006	0.9992	0.0002	1.73	3.5	5	2
0.9826	0.0052	0.0122	1.62	3.75	5.5	1
0.2087	0.3734	0.4179	2.88	3.3	2.4	3
0.1362	0.0292	0.8345	3.25	3.25	2.25	3
0.4101	0.0053	0.5847	2.5	3.4	2.7	3
0.0003	0.9968	0.0029	2	3.4	3.75	2
0.9774	0.0001	0.0225	1.5	4	7	1
0.0222	0.1362	0.8416	2.8	3.25	2.5	3
0.3626	0.1206	0.5168	1.8	3.5	4.5	1
0.1207	0.2558	0.6235	2.5	3.25	2.8	1
0.4929	0.4521	0.055	2	3.4	3.8	2
0.4413	0.0019	0.5567	2.38	3.25	3	1
0.334	0.4679	0.1981	2.25	3.25	3.2	1
0.2597	0.2404	0.4999	2.5	3.3	2.75	1
0.0272	0.0168	0.9561	1.91	3.4	4	3
0.5086	0.0584	0.433	4	3.5	1.91	1
0.3481	0.002	0.6499	1.36	4.5	9	3
0.9892	0.0074	0.0034	1.13	8.5	17	1
0.2909	0.5379	0.1712	1.91	3.4	4	2
0.2567	0.7018	0.0415	2.1	3.3	3.5	1
0.1111	0.7225	0.1664	2.2	3.3	3.2	2
0.0528	0.0306	0.9166	10	5.5	1.29	3
0.719	0.1827	0.0982	1.62	3.75	5.5	1
0.0179	0.9751	0.007	9	5	1.33	2
0.9158	0.0569	0.0273	1.4	4.33	8.5	1
0.9626	0.0015	0.0359	1.83	3.5	4.33	1
0.1621	0.6433	0.1945	1.73	3.5	5	2
0.2016	0.3311	0.4673	1.91	3.4	4	2
0.2913	0.7025	0.0061	1.91	3.4	4	2
0.9778	0.0001	0.022	1.4	4.5	8	1
0.2781	0.3178	0.4042	2.4	3.3	2.88	1
0.0059	0.9395	0.0547	2.4	3.3	2.88	2
0.9838	0.0001	0.0162	1.62	3.6	6	1
0.9947	0.0013	0.0041	1.1	8.5	29	1
0.9878	0.0114	0.0009	1.4	4.5	8	1
0.005	0.0476	0.9474	10	5.5	1.29	3
0.3082	0.2055	0.4863	2.2	3.2	3.4	3
0.9447	0.0435	0.0118	1.8	3.5	4.5	1
0.8345	0.0041	0.1614	2.8	3.25	2.5	1
0.4621	0.4963	0.0416	1.5	4	7	2
0.2347	0.2725	0.4928	3	3.25	2.38	3
0.3565	0.1195	0.524	2.25	3.25	3.25	3
0.1843	0.6227	0.193	2.5	3.25	2.8	2
0.4197	0.0087	0.5716	2.88	3.3	2.4	3
0.0185	0.7335	0.248	2.4	3.3	2.88	3
0.0137	0.9751	0.0112	1.83	3.5	4.33	2
0.5812	0.2388	0.1799	2.1	3.3	3.5	1
0.1356	0.6953	0.1692	2.4	3.3	2.88	2
0.2615	0.0027	0.7358	5.5	3.8	1.57	3
0.9696	0.008	0.0224	2.5	3.3	2.75	1
0.1489	0.6859	0.1652	2	3.4	3.75	3
0.9969	0.0002	0.003	1.13	8	19	1
0.9019	0.0083	0.0898	1.36	5	8	1
0.5957	0.2073	0.1969	3.2	3.25	2.25	1
0.9982	0.0001	0.0017	1.06	11	29	1
0.0356	0.9558	0.0085	1.57	3.8	6	2
0.9969	0.0015	0.0015	1.25	5.75	11	1
0.0227	0.9107	0.0666	1.8	3.5	4.33	2
0.4377	0.0114	0.5509	2	3.5	3.6	1
0.2385	0.002	0.7596	5.75	4.2	1.53	3
0.9725	0.0124	0.0151	1.73	3.6	4.75	1
0.1606	0.024	0.8155	3.2	3.3	2.25	3
0.3411	0.4234	0.2356	1.75	3.75	4.75	1
0.9078	0.0054	0.0868	2.1	3.2	3.6	1
0.5848	0.4023	0.0129	1.8	3.5	4.5	1
0.0577	0.8885	0.0538	3.75	3.4	2	1
0.9981	0.0003	0.0016	1.11	9	19	1
0.0893	0.0326	0.8781	6	4.33	1.5	3
0.0103	0.3484	0.6413	1.67	3.8	5	2
0.0009	0.9991	0.0001	1.67	3.75	5	2
0.3262	0.5974	0.0765	2.1	3.2	3.6	1
0.8574	0.0002	0.1425	1.73	3.8	4.5	1
0.686	0.2837	0.0303	3	3.25	2.38	1
0.0977	0.0015	0.9008	6.5	4.5	1.44	3
0.937	0.0236	0.0395	1.8	3.6	4.33	1
0.3168	0.0032	0.68	4.75	4.2	1.65	3
0.3951	0.287	0.3178	1.29	5.5	9.5	1
0.2724	0.431	0.2966	4	3.6	1.85	2
0.9932	0.0038	0.003	1.04	13	34	1
0.0013	0.7457	0.253	10	5.5	1.29	2
0.0194	0.969	0.0116	2.35	3.4	2.9	2
0.9959	0.0015	0.0026	1.3	5.25	9.5	1
0.9943	0.003	0.0027	2.2	3.6	3	1
0.0017	0.0001	0.9982	2.5	3.25	2.8	3
0.0017	0.0011	0.9972	3.6	3.5	2	3
0.0079	0.0727	0.9194	2.88	3.3	2.4	3
0.3911	0.2275	0.3814	2.1	3.3	3.5	1
0.0126	0.9475	0.0399	2.1	3.3	3.5	2
0.0958	0.758	0.1463	8	4.75	1.36	2
0.0285	0.9608	0.0107	2	3.4	3.75	2
0.0032	0.002	0.9948	15	6	1.2	3
0.5201	0.1174	0.3625	3	3.25	2.38	1
0.9898	0.0094	0.0007	1.53	4	6	1
0.3179	0.068	0.6141	3	3.25	2.38	3
0.0731	0.0003	0.9265	1.06	11	34	3
0.9932	0	0.0068	1.17	6.5	17	1
0.9747	0.0021	0.0232	1.44	4.33	7	1
0.9674	0.0301	0.0025	1.57	3.8	6	1
0.8419	0.1512	0.0069	1.5	4	7	2
0.3112	0.1874	0.5014	2.4	3.3	2.9	1
0.8495	0.0136	0.1369	1.8	3.5	4.5	1
0.0362	0.924	0.0398	1.91	3.4	4	3
0.0016	0.9969	0.0015	2.2	3.25	3.3	2
0.664	0.2784	0.0576	2	3.3	3.75	1
0.9795	0.0033	0.0172	1.91	3.4	4	1
0.0129	0.4048	0.5823	8.5	4.6	1.36	3
0.0521	0.9344	0.0135	2.4	3.25	2.9	2
0.2608	0.0018	0.7374	5	3.75	1.67	3
0.0065	0.0001	0.9934	3.5	3.2	2.15	3
0.0041	0.025	0.9709	3.75	3.3	2	3
0.0453	0.0909	0.8637	3.25	3.25	2.2	3
0.5457	0.3501	0.1042	2.25	3.2	3.25	1
0.0964	0.838	0.0656	2.25	3.2	3.25	2
0.4048	0.2522	0.343	1.91	3.4	4	1
0.594	0.2997	0.1063	2.1	3.25	3.6	1
0.9913	0.0001	0.0086	1.17	7	15	1
0.3576	0.001	0.6414	1.75	3.5	4.75	3
0.9974	0.0015	0.0011	1.14	7	21	1
0.6974	0.2614	0.0412	2.1	3.25	3.5	2
0.0001	0.9997	0.0002	1.95	3.3	4	2
0.4019	0.1329	0.4652	1.8	3.4	4.75	3
0.1557	0.8261	0.0182	1.5	4	7	2
0.9882	0.0012	0.0106	1.67	3.75	5	1
0.0139	0.0096	0.9765	6	3.8	1.57	3
0.0268	0.5913	0.382	12	5.5	1.25	2
0.0348	0.0809	0.8843	3.25	3.3	2.2	3
0.8584	0.003	0.1386	1.53	4	6	1
0.9509	0	0.049	2.2	3.3	3.25	1
0.9878	0	0.0121	3.5	3.3	2.1	1
0.2075	0.4397	0.3528	2.1	3.3	3.5	3
0.4618	0.2426	0.2956	2.05	3.3	3.6	1
0.2975	0.008	0.6945	2.4	3.3	2.9	3
0.2101	0.3641	0.4258	3	3.25	2.38	3
0.2393	0.0233	0.7375	2.2	3.25	3.25	1
0.901	0.0609	0.0381	1.73	3.4	5.25	1
0.0014	0.9864	0.0123	2.05	3.3	3.6	2
0.398	0.4791	0.123	2.2	3.25	3.25	2
0.9156	0.0462	0.0382	1.17	7	15	2
0.9685	0.029	0.0024	2.05	3.3	3.6	1
0.7394	0.1896	0.071	1.73	3.5	5	2
0.9919	0.0013	0.0068	1.17	7	15	1
0.4997	0.2528	0.2475	2.1	3.3	3.5	1
0.9977	0.0008	0.0015	1.73	3.5	5	1
0.7747	0.0031	0.2222	1.8	3.5	4.5	1
0.3799	0.0545	0.5656	1.4	4.5	7.5	1
0.0054	0.1292	0.8654	8	4.5	1.4	3
0.8457	0.0097	0.1446	1.8	3.5	4.5	1
0.0443	0.4011	0.5545	2.3	3.2	3.2	2
0.7696	0.0509	0.1796	2.4	3.2	3	1
0.3475	0.1341	0.5184	1.91	3.4	4	3
0.6973	0.0223	0.2804	2.1	3.3	3.5	1
0.5551	0.0015	0.4434	3.4	3.4	2.1	1
0.0002	0.9934	0.0064	2.8	3.25	2.5	2
0.9971	0.0002	0.0027	1.14	7	21	1
0.5538	0.047	0.3992	1.57	3.75	6	3
0.0022	0.0081	0.9897	11	5.75	1.25	3
0.0001	0.9995	0.0004	2.2	3.25	3.25	2
0.9783	0.0211	0.0006	1.75	3.4	5	1
0.9819	0.0022	0.0159	1.73	3.5	5	1
0.1531	0.7704	0.0765	2.1	3.25	3.5	1
0.8206	0.0921	0.0873	1.7	3.6	5	1
0.9697	0.0145	0.0158	2.3	3.25	3.1	1
0.9568	0.0166	0.0266	2.1	3.25	3.5	1
0.7865	0.0047	0.2088	1.29	5	11	1
0.0075	0.0603	0.9321	10	5	1.3	3
0.3055	0.6931	0.0014	1.4	4.33	7.5	2
0.5151	0.0138	0.4712	2	3.5	3.6	1
0.3056	0.6665	0.0279	1.5	4.33	6	2
0.2985	0.0164	0.685	2.63	3.3	2.63	1
0.2279	0.0002	0.7719	2.1	3.25	3.6	3
0.9954	0.0008	0.0038	2.5	3.3	2.75	1
0.0618	0.7784	0.1598	3.5	3.3	2.1	2
0.9562	0.043	0.0007	1.62	3.8	5.5	1
0.9918	0.0002	0.0079	1.91	3.4	4	1
0.9618	0.007	0.0312	2.1	3.25	3.6	1
0.0646	0.8652	0.0702	2.1	3.3	3.5	2
0.014	0.0005	0.9854	8.5	5	1.33	3
0.0816	0.1106	0.8078	2.3	3.2	3.2	3
0.8931	0.1044	0.0025	2	3.3	3.8	1
0.9863	0.0111	0.0026	1.29	5.5	9.5	1
0.9967	0.0007	0.0026	1.8	3.6	4.33	1
0.2044	0.183	0.6126	2.4	3.2	3	1
0.5006	0.008	0.4914	2.2	3.4	3.2	1
0.9693	0.0064	0.0243	1.67	3.75	5	1
0.7519	0.0186	0.2295	1.62	3.75	5.5	1
0.1649	0.6241	0.211	1.2	6.25	13	1
0.9902	0.0007	0.0091	2.1	3.3	3.5	1
0.9899	0.0003	0.0098	1.95	3.5	3.8	1
0.3636	0.5583	0.0781	1.8	3.5	4.5	2
0.3691	0.2666	0.3643	2.38	3	3.2	2
0.007	0.2869	0.7061	12	5.5	1.25	3
0.6388	0.2144	0.1469	1.62	3.75	5.5	1
0.179	0.0104	0.8106	3	3.25	2.38	3
0.0023	0.1173	0.8803	12	5.5	1.25	3
0.9959	0.0003	0.0038	1.17	7	15	1
0.7166	0.2483	0.0351	2	3.5	3.6	2
0.9992	0.0006	0.0002	1.91	3.3	4.2	1
0.6904	0.2931	0.0165	2.25	3.25	3.2	1
0.6659	0.0999	0.2341	2.38	3.25	3	1
0.8978	0.0483	0.0538	1.83	3.4	4.5	1
0.3686	0.2234	0.408	1.67	3.75	5	3
0.4298	0.003	0.5672	2.75	3.3	2.5	3
0.1427	0.6358	0.2215	1.8	3.5	4.5	2
0.2783	0.0342	0.6875	1.62	3.6	6	3
0.4456	0.0001	0.5543	1.67	3.75	5	3
0.0517	0.2089	0.7394	3.25	3.25	2.2	3
0.6618	0.0024	0.3357	1.73	3.6	4.75	1
0.9892	0.0092	0.0016	1.83	3.5	4.33	1
0.6723	0.2974	0.0303	1.73	3.75	4.5	1
0.2457	0.3294	0.4249	2.2	3.2	3.4	1
0.0044	0.0005	0.9951	2.1	3.25	3.6	3
0.9655	0.0312	0.0033	1.33	5	9	1
0.3714	0.3421	0.2865	2.1	3.3	3.5	1
0.3172	0.001	0.6818	4.2	3.5	1.83	1
0.1016	0.114	0.7844	15	6	1.2	3
0.9874	0.0009	0.0117	1.4	4.5	7.5	1
0.0008	0.9968	0.0024	2.2	3.2	3.4	2
0.9815	0.0034	0.0151	1.62	3.75	5.5	1
0.3309	0.1157	0.5533	2	3.4	3.75	1
0.4744	0.0008	0.5248	2	3.4	3.75	1
0.9353	0.0019	0.0627	2.3	3.3	3.1	1
0.9874	0.002	0.0106	1.83	3.5	4.2	1
0.9925	0.0067	0.0008	2.2	3.2	3.4	1
0.6098	0.0098	0.3804	1.44	4.2	7	1
0.3468	0.2047	0.4485	2.5	3.3	2.75	1
0.5693	0.0002	0.4305	1.4	4.5	7.5	3
0.192	0.0019	0.8061	1.95	3.4	3.9	1
0.997	0	0.003	1.1	8.5	26	1
0.9996	0.0002	0.0002	2.1	3.4	3.4	1
0.6546	0.0088	0.3366	1.73	3.5	5	3
0.0027	0.9943	0.003	1.91	3.5	3.9	2
0.0031	0.0007	0.9962	12	5.5	1.25	3
0.2063	0.6444	0.1492	1.4	4.5	7.5	2
0.2315	0.0168	0.7517	12	5.5	1.25	3
0.1662	0.72	0.1138	2.05	3.25	3.75	2
0.0081	0.0001	0.9918	2.8	3.25	2.5	3
0.113	0.0024	0.8846	3.1	3.25	2.3	3
0.9748	0.0167	0.0085	1.53	3.8	6.5	1
0.3052	0.0728	0.622	2.5	3.2	2.8	3
0.2114	0.0001	0.7884	3.25	3.5	2.1	3
0.1427	0.8273	0.03	2	3.4	3.75	2
0.9909	0	0.0091	1.2	6.5	13	1
0.0028	0.9969	0.0002	1.91	3.4	4	2
0.2502	0.0011	0.7487	1.67	3.5	5.5	3
0.9953	0.0038	0.0009	1.06	11	29	1
0.8854	0.0243	0.0903	1.62	3.75	5.5	1
0.0597	0.2318	0.7085	2.2	3.3	3.25	3
0.5442	0.1671	0.2886	1.62	3.75	5.5	1
0.4359	0.4169	0.1472	1.44	4.33	7	2
0.1576	0.0109	0.8315	10	5.25	1.29	3
0.9889	0.0054	0.0057	1.83	3.4	4.5	1
0.9067	0.084	0.0093	1.44	4.33	7	1
0.911	0	0.089	2.2	3.4	3.2	1
0.0155	0.0199	0.9646	13	6.5	1.2	3
0.2654	0.5048	0.2298	2.25	3.4	3.1	2
0.0191	0.0001	0.9808	2.8	3.25	2.5	3
0.755	0.1019	0.1432	1.73	3.6	4.75	1
0.0966	0.0013	0.9022	4.33	3.4	1.85	3
0.9498	0.0434	0.0069	1.73	3.4	4.5	1
0.1645	0.2626	0.5729	2.25	3.25	3.2	2
0.9799	0.0021	0.018	1.29	5.5	10	1
0.5191	0.4799	0.001	1.91	3.4	4	2
0.9719	0	0.028	2.9	3.25	2.4	1
0.9872	0.0026	0.0102	1.67	3.6	5.25	1
0.5295	0.0051	0.4654	1.8	3.25	5	3
0.2106	0.0005	0.7889	1.73	3.5	5	3
0.9565	0.0067	0.0368	2.2	3.3	3.25	1
0.8303	0.1556	0.014	1.53	3.8	6.5	1
0.8805	0.0259	0.0936	1.91	3.4	4	1
0.0075	0.3423	0.6502	10	6	1.25	2
0.9991	0.0001	0.0008	1.08	10	23	1
0.9355	0.064	0.0005	1.44	4.2	7.5	1
0.4419	0.1704	0.3877	1.83	3.5	4.33	1
0.9983	0.0009	0.0008	1.07	11	23	1
0.9986	0.0002	0.0013	1.4	4.5	7.5	1
0.9933	0.0065	0.0002	1.44	4.33	7	1
0.5033	0.1779	0.3188	2.2	3.2	3.4	1
0.0399	0.0006	0.9595	2.1	3.3	3.5	3
0.9974	0.0002	0.0023	1.17	7	15	1
0.1844	0.0055	0.8101	2.9	3.3	2.38	1
0.9847	0.0002	0.0151	1.5	4.1	6.5	1
0.9216	0.0298	0.0486	2	3.4	3.75	1
0.9994	0.0002	0.0003	1.73	3.6	4.75	1
0.4086	0	0.5914	15	7	1.17	3
0.4672	0.2649	0.268	3.5	3.3	2.1	2
0.5218	0.0097	0.4686	2.8	3.25	2.5	1
0.0543	0.4853	0.4603	1.83	3.5	4.33	3
0.2714	0.0016	0.7269	1.8	3.25	5	3
0.9735	0.0081	0.0183	2	3.4	3.75	1
0.3511	0.0053	0.6437	1.83	3.5	4.33	3
0.2878	0.0156	0.6966	2.5	3.25	2.8	3
0.1665	0.2097	0.6238	9	5	1.33	1
0.0171	0.9545	0.0283	3.5	3.3	2.1	2
0.3523	0.0097	0.638	2.5	3.3	2.75	1
0.8981	0.028	0.0739	1.67	3.5	5.5	1
0.9943	0.0002	0.0055	1.14	7.5	17	1
0.7625	0.0044	0.2331	1.83	3.5	4.33	1
0.285	0.5543	0.1607	2.1	3.3	3.5	2
0.9894	0.0038	0.0068	1.25	5.25	13	3
0.0413	0.9458	0.0129	2	3.3	3.75	2
0.9985	0.001	0.0005	1.17	6.5	19	1
0.6324	0.3274	0.0403	1.53	4	6	2
0.9946	0.0053	0.0001	1.44	4.2	7.5	1
0.1251	0.0311	0.8438	2.1	3.4	3.4	3
0.2636	0.6574	0.079	3	3.4	2.3	1
0.0092	0.3224	0.6685	15	8	1.14	2
0.0328	0.0005	0.9667	7	4.33	1.44	3
0.7793	0.0353	0.1854	2	3.4	3.75	1
0.4727	0.0015	0.5257	3.5	3.3	2.1	1
0.7918	0	0.2082	2.3	3.3	3.1	1
0.3343	0.368	0.2977	2.1	3.4	3.4	2
0.5624	0.0002	0.4373	2.1	3.25	3.6	1
0.3187	0.0013	0.68	2.1	3.4	3.4	1
0.9937	0.0002	0.0062	1.14	7.5	17	1
0.1576	0.8371	0.0053	1.44	4.33	7	2
0.6461	0.0083	0.3457	2.88	3.3	2.4	3
0.3853	0.3678	0.2469	2.05	3.3	3.6	2
0.9843	0.0015	0.0142	1.13	7.5	21	1
0.3593	0.009	0.6317	1.8	3.5	4.5	3
0.6644	0.0075	0.3281	2.2	3.3	3.25	1
0.9103	0.0015	0.0883	1.57	3.8	6	1
0.6173	0.3461	0.0365	1.5	4.1	6.5	2
0.7641	0.003	0.2329	2.05	3.3	3.6	1
0.2836	0.367	0.3494	2.1	3.4	3.4	2
0.7403	0.0002	0.2596	1.95	3.3	4	1
0.1668	0.6748	0.1584	7.5	4.5	1.4	2
0.0222	0.0005	0.9773	8.5	5	1.33	3
0.0129	0.9794	0.0077	1.91	3.4	4	2
0.2678	0.0005	0.7318	2.3	3.3	3.1	3
0.0039	0.5027	0.4934	2.3	3.3	3.1	2
0.6259	0.0002	0.374	2.4	3.2	3	1
0.0694	0.8375	0.093	2.8	3.25	2.5	2
0.6535	0.0541	0.2924	1.85	3.4	4.33	1
0.4268	0.008	0.5652	2.1	3.3	3.5	3
0.5691	0.128	0.3029	1.57	4	5.5	1
0.0276	0.2332	0.7391	2.7	3.25	2.6	2
0.0571	0.8676	0.0752	1.95	3.3	4	2
0.2812	0.0928	0.626	1.91	3.4	4	2
0.1087	0.4972	0.3941	5.5	4	1.57	3
0.9385	0.0595	0.002	1.5	4	7	1
0.6179	0.1222	0.2599	2.6	3.25	2.7	1
0.022	0.8721	0.1059	2.38	3.25	3	2
0.9941	0.0033	0.0026	1.14	7.5	17	1
0.295	0.0771	0.6279	2.1	3.4	3.4	1
0.9946	0.0009	0.0046	1.1	9	21	1
0.1748	0.0003	0.8249	2.7	3.2	2.6	3
0.4617	0.0093	0.529	2.4	3.3	2.9	1
0.0089	0.0838	0.9073	2	3.4	3.75	3
0.6723	0.0144	0.3133	2.38	3.2	3	1
0.1922	0.225	0.5827	2	3.3	3.75	3
0.0256	0.5601	0.4143	8	4.75	1.36	3
0.5393	0.4438	0.0168	2.3	3.25	3.1	1
0.5162	0.0016	0.4823	2.2	3.25	3.25	1
0.0124	0.9808	0.0068	3.25	3.4	2.15	2
0.9988	0	0.0012	1.14	7.5	17	1
0.2485	0.3044	0.4472	2.9	3.25	2.4	1
0.4663	0.0049	0.5288	2	3.3	3.8	1
0.2407	0.4668	0.2925	2.25	3.2	3.25	2
0.0549	0.5224	0.4227	2	3.3	3.8	1
0.0362	0.822	0.1418	7.5	4.5	1.4	2
0.4633	0.13	0.4067	2	3.4	3.75	3
0.2243	0.5395	0.2362	1.6	3.8	5.75	2
0.1216	0.4759	0.4025	2.3	3.25	2.8	2
0.0048	0.13	0.8651	5.25	4	1.62	3
0.9865	0.0078	0.0057	1.13	8.5	17	1
0.5231	0.0021	0.4748	1.95	3.4	3.8	1
0.0585	0.0008	0.9407	2.3	3.4	3	3
0.0019	0.0023	0.9958	2.15	3.25	3.4	3
0.2902	0.1189	0.5908	2.1	3.4	3.4	3
0.5741	0.0013	0.4246	2	3.4	3.75	1
0.8612	0.0673	0.0715	2	3.5	3.6	1
0.9386	0.0134	0.0481	1.91	3.4	4	1
0.3978	0.1209	0.4813	1.95	3.5	3.7	3
0.0111	0.0016	0.9873	2.8	3.25	2.5	3
0.7769	0.0167	0.2064	1.14	7.5	17	3
0.2246	0.4049	0.3705	5.5	3.8	1.62	3
0.0193	0.0078	0.9729	1.91	3.4	4	3
0.2891	0.5546	0.1563	2.3	3.2	3.1	1
0.9096	0.0492	0.0412	2.3	3.25	3.1	1
0.2901	0.399	0.3109	2.5	3.25	2.8	3
0.922	0.0551	0.023	1.53	4	6	1
0.01	0.0022	0.9878	1.83	3.5	4.33	3
0.2329	0.3785	0.3886	2.9	3.3	2.4	3
0.0084	0.0005	0.9912	4.5	3.75	1.73	3
0.999	0.0002	0.0008	1.11	8.5	21	1
0.3268	0.3061	0.367	2.6	3.2	2.75	2
0.9521	0.0106	0.0373	1.53	4	6	1
0.0174	0.5234	0.4592	2.1	3.25	3.6	2
0.0052	0.9593	0.0356	1.75	3.5	4.75	2
0.0312	0.7561	0.2127	1.91	3.4	4	2
0.8484	0.0018	0.1499	2	3.4	3.75	1
0.4904	0.1762	0.3334	1.91	3.4	4	1
0.6396	0.319	0.0414	2.1	3.3	3.5	1
0.0058	0.0049	0.9892	3.8	3.4	2	3
0.3601	0.3628	0.2771	2.88	3.3	2.4	1
0.5281	0.259	0.2129	1.91	3.4	4	1
0.1963	0.4897	0.314	2.75	3.6	2.38	2
0.3488	0.2538	0.3974	2.7	3.25	2.6	2
0.5144	0.2422	0.2435	2.1	3.25	3.5	1
0.9878	0.0004	0.0117	2.1	3.25	3.5	1
0.4051	0.1758	0.4192	2.4	3.25	2.9	3
0.9023	0.0608	0.0369	2.1	3.25	3.5	1
0.7213	0.1658	0.1128	1.57	4	5.5	1
0.9557	0.0016	0.0427	1.62	3.75	5.5	1
0.9965	0.0009	0.0026	1.2	6	15	1
0.0247	0.0106	0.9647	2.38	3.5	2.8	3
0.6475	0.1383	0.2142	1.44	4.5	6.5	1
0.1959	0.4451	0.3589	2	3.4	3.75	1
0.7328	0.0526	0.2146	2	3.4	3.75	1
0.1791	0.1895	0.6314	2.3	3.3	3.1	3
0.9253	0.0393	0.0354	1.95	3.5	3.75	1
0.9441	0.0468	0.0091	2	3.4	3.75	1
0.9903	0.0009	0.0089	1.8	3.5	4.5	1
0.1459	0.009	0.8451	3.3	3.4	2.15	3
0.6159	0.0522	0.3319	1.3	5.5	9	3
0.0538	0.0531	0.893	7.5	4.5	1.4	1
0.1087	0.0144	0.8769	4	3.8	1.8	3
0.0004	0.9991	0.0004	2.1	3.1	3.75	2
0.9365	0.0011	0.0625	1.73	3.75	4.5	1
0.1661	0.0168	0.8171	2.9	3.3	2.4	1
0.5503	0.026	0.4237	2.2	3.25	3.3	1
0.9875	0.0024	0.0101	1.8	3.5	4.75	1
0.5895	0.0181	0.3925	2.75	3.25	2.5	1
0.9616	0.0063	0.0321	1.53	4	6	1
0.4885	0.0002	0.5113	1.57	4	5.5	3
0.7781	0.0193	0.2026	1.44	4.33	7	1
0.0031	0.1588	0.8381	2.1	3.25	3.5	3
0.5211	0.0009	0.478	3	3.5	2.25	3
0.3093	0.6905	0.0002	2.05	3.3	3.6	2
0.9984	0.0001	0.0015	1.44	4.33	7	1
0.9624	0.0304	0.0072	1.17	7	15	1
0.1864	0.3932	0.4203	2.6	3.25	2.7	2
0.2283	0.0014	0.7702	2.1	3.3	3.5	3
0.7074	0.0021	0.2905	2.25	3.4	3.1	1
0.4608	0.3846	0.1546	1.73	3.6	4.75	1
0.9836	0.0057	0.0107	1.2	6.5	13	1
0.2393	0.4719	0.2888	3.2	3.3	2.25	1
0.2168	0.6883	0.0949	5.5	3.75	1.62	2
0.2821	0.1737	0.5442	2.9	3.3	2.4	2
0.0013	0.8866	0.112	2.2	3.3	3.25	2
0.0086	0.976	0.0154	11	5	1.3	2
0.15	0.0169	0.833	2.25	3.4	3.1	1
0.3985	0	0.6015	2.1	3.4	3.4	1
0.1239	0.3406	0.5356	2.75	3.5	2.4	1
0.057	0.5235	0.4195	1.7	3.75	4.75	2
0.7011	0	0.2989	1.29	5.5	9.5	1
0.6342	0.359	0.0068	1.53	4.33	5.5	2
0.6061	0.0057	0.3882	1.8	3.6	4.33	1
0.9971	0.0027	0.0002	1.53	4.33	5.5	1
0.3911	0.003	0.6059	1.33	5	8.5	1
0.386	0.3399	0.2741	1.65	3.4	6	2
0.0214	0.0011	0.9775	4	3.8	1.8	3
0.971	0.0135	0.0155	1.6	3.8	5.5	1
0.237	0.0485	0.7145	3	3.5	2.25	3
0.001	0.9384	0.0606	2.2	3.4	3.2	2
0.0079	0.0086	0.9836	1.44	4.2	6	3
0.5863	0.0684	0.3452	5.5	4.33	1.53	3
0.0741	0.2228	0.7031	3.25	3.5	2.1	3
0.1825	0.5639	0.2536	2.5	2.75	3.3	3
0.7646	0.0192	0.2162	1.8	3	5.75	1
0.9776	0.0213	0.0011	1.13	8.5	17	1
0.1772	0.0128	0.81	3	3.5	2.25	3
0.4917	0.236	0.2723	2.38	3.25	3	2
0.0017	0.0001	0.9982	2.3	3.4	3	3
0.0211	0.0008	0.978	2.05	3.25	3.75	3
0.7676	0.0074	0.225	1.4	4.33	8	1
0.0004	0.9996	0	1.57	3.75	6	2
0.7044	0.0944	0.2012	1.53	3.8	6.5	2
0.1865	0.6895	0.124	1.8	3.5	4.5	2
0.5521	0.3132	0.1348	2	3.4	3.75	1
0.911	0.0185	0.0705	2.1	3.4	3.4	1
0.0153	0.0005	0.9842	8.5	5	1.33	3
0.8626	0.1303	0.0071	1.25	5.75	11	1
0.9326	0.0611	0.0063	1.08	10	26	1
0.0575	0.765	0.1775	15	7	1.17	2
0.5778	0.1214	0.3009	1.91	3.6	3.75	1
0.216	0.0263	0.7578	2.1	3.4	3.4	2
0.6295	0.2518	0.1187	1.91	3.4	4	1
0.4927	0.002	0.5053	2.4	3.3	2.9	1
0.7149	0.0018	0.2833	1.91	3.4	4	1
0.0925	0.6701	0.2374	2.1	3.3	3.5	2
0.0001	0.9997	0.0002	2.2	3.2	3.4	2
0.9997	0.0001	0.0002	1.4	4.33	8.5	1
0.8954	0.0834	0.0212	1.08	10	26	1
0.9955	0.0023	0.0023	3.3	3.3	2.2	1
0.0739	0.1405	0.7856	3.1	3.4	2.25	3
0.9994	0.0001	0.0006	1.53	4	6	1
0.0509	0.1826	0.7665	3.3	3.3	2.2	3
0.5836	0.1628	0.2536	2	3.4	3.75	3
0.8591	0.0774	0.0635	1.44	4.2	7.5	1
0.0083	0.0407	0.951	1.95	3.5	3.8	3
0.7113	0.026	0.2627	13	6.5	1.2	1
0.9881	0.0011	0.0108	2.1	3.2	3.6	1
0.0126	0.9288	0.0586	2.63	3.3	2.63	2
0.9987	0.0012	0.0001	2	3.4	3.75	1
0.8619	0.1192	0.0188	1.62	3.75	5.5	1
0.87	0.1242	0.0058	1.4	4.5	7.5	1
0.9902	0.0038	0.006	1.62	3.75	5.5	1
0.0304	0.2654	0.7041	13	6.5	1.2	2
0.0367	0.9431	0.0202	7.5	4.5	1.4	2
0.0048	0.3004	0.6948	2.1	3.25	3.5	3
0.4864	0.1616	0.352	1.67	3.6	5.25	1
0.8384	0.1405	0.021	2.1	3.25	3.5	1
0.0319	0.4314	0.5367	2.2	3.25	3.3	2
0.8581	0.0009	0.1409	1.2	6.5	13	1
0.991	0.001	0.008	1.1	9	21	1
0.7234	0.0013	0.2753	2.3	3.25	3.1	1
0.0015	0.9968	0.0017	2.25	3.25	3.2	2
0.7458	0.1643	0.0899	2.2	3.25	3.3	1
0.2112	0.005	0.7838	2.1	3.3	3.5	1
0.0206	0.1448	0.8346	2.05	3.3	3.6	2
0.4316	0.4005	0.1679	3.2	3.4	2.2	2
0.3044	0.332	0.3636	2.5	3.25	2.8	1
0.9859	0.0009	0.0133	1.57	4	5.5	1
0.5392	0.4315	0.0292	1.83	3.5	4.33	2
0.0004	0.9994	0.0002	2.2	3.3	3.25	2
0.9974	0.0025	0.0001	1.33	4.5	11	1
0.3177	0.4219	0.2604	1.62	3.8	5.5	2
0.0464	0.8607	0.0929	1.91	3.6	3.75	2
0.0946	0.6033	0.3021	1.73	3.6	4.75	3
0.0064	0.0173	0.9763	10	6	1.25	3
0.1209	0.0357	0.8434	2.4	3.2	3	3
0.0102	0.3652	0.6246	13	7.5	1.17	3
0.9595	0.037	0.0036	1.06	12	26	1
0.2263	0.5306	0.243	2.25	3.5	3	2
0.0002	0.9943	0.0056	3.5	3.3	2.1	2
0.2731	0.2554	0.4715	3	3.4	2.3	2
0.971	0.0152	0.0138	1.14	8	16	1
0.8207	0.0358	0.1435	2.9	3.25	2.4	1
0.9977	0.0002	0.0021	1.36	4.75	8.5	1
0.0159	0.0026	0.9815	2.2	3.2	3.4	3
0.8943	0.0009	0.1048	2	3.3	3.8	1
0.1801	0.732	0.0879	1.83	3.5	4.33	1
0.0212	0.9332	0.0456	1.17	7.5	13	2
0.0066	0.0012	0.9922	7.5	4.5	1.4	3
0.545	0.092	0.363	2.5	3.2	2.88	3
0.9869	0.001	0.0121	2	3.3	3.75	1
0.2525	0.7407	0.0068	1.44	4.2	7.5	2
0.0076	0.0385	0.9539	1.73	3.6	4.75	3
0.209	0.6747	0.1163	1.91	3.4	4	1
0.049	0.8879	0.0631	2.3	3.2	3.2	2
0.6766	0.1071	0.2163	1.67	3.75	5	2
0.2362	0.2059	0.5579	1.91	3.3	4.2	3
0.0051	0.2119	0.783	23	9	1.1	3
0.589	0.4079	0.0031	1.4	4.5	7.5	2
0.0191	0.9693	0.0116	1.95	3.3	4	2
0.9986	0.0002	0.0012	1.73	3.5	5	1
0.3528	0.0107	0.6365	2	3.3	3.8	3
0.9885	0.0073	0.0043	1.13	8	21	1
0.9838	0.0093	0.0068	2.9	3.3	2.4	1
0.1115	0.1449	0.7436	3.3	3.3	2.2	3
0.5005	0.0933	0.4062	2.38	3.4	2.88	1
0.8382	0.0157	0.1461	2.2	3.3	3.3	1
0.852	0.1402	0.0078	1.06	11	34	1
0.0047	0.2265	0.7687	15	7	1.17	3
0.9451	0.0527	0.0021	1.44	4.33	7	1
0.9771	0.0082	0.0148	2	3.4	3.75	1
0.7421	0.2369	0.021	1.4	4.5	8	1
0.4657	0.0001	0.5342	1.73	3.5	5	1
0.1813	0.1466	0.6721	2.3	3.2	3.2	1
0.6543	0.1635	0.1822	2.6	3.2	2.75	1
0.0378	0.833	0.1291	2.6	3.2	2.75	2
0.1455	0.0017	0.8528	1.4	4.5	8	3
0.0093	0.6071	0.3836	2.63	3.25	2.63	2
0.2831	0.0052	0.7117	3	3.25	2.38	3
0.0029	0.9956	0.0015	3	3.2	2.38	2
0.0123	0.8198	0.1679	11	6.5	1.22	2
0.1251	0.8105	0.0643	1.85	3.4	4.33	2
0.0707	0.4076	0.5216	3	3.25	2.38	1
0.0001	0.9998	0.0001	2.1	3.25	3.5	2
0.9757	0.0034	0.0209	1.06	11	29	1
0.9991	0.0004	0.0005	1.91	3.4	4	1
0.0221	0.8843	0.0936	2.1	3.3	3.5	2
0.9787	0.0162	0.0051	1.06	12	26	1
0.0239	0.0402	0.9359	6	4	1.53	3
0.9871	0.0052	0.0077	2	3.3	3.8	1
0.6452	0.0019	0.3529	1.57	4	5.5	1
0.0002	0.9995	0.0003	1.91	3.4	4	2
0.3906	0.1507	0.4587	1.91	3.5	4	3
0.0851	0.2497	0.6652	2.25	3.25	3.2	2
0.6104	0.1499	0.2397	2.2	3.2	3.4	1
0.1488	0.6012	0.25	3.2	3.2	2.25	3
0.0177	0.8984	0.0839	13	6.5	1.2	1
0.9939	0.0016	0.0045	1.17	6.5	17	1
0.0043	0.0001	0.9955	3.4	3.4	2.1	3
0.0237	0.0023	0.974	1.44	4.2	7.5	3
0.1043	0.0752	0.8204	2	3.4	3.75	3
0.4531	0.0265	0.5204	1.83	3.5	4.33	3
0.966	0.0324	0.0016	1.83	3.5	4.33	1
0.1003	0.829	0.0708	1.83	3.4	4.5	1
0.1328	0.6728	0.1944	2.9	3.25	2.4	3
0.9281	0.0247	0.0472	1.73	3.5	5	1
0.9129	0.0839	0.0032	1.06	11	29	1
0.9218	0.0485	0.0297	1.1	8.5	26	1
0.1151	0.4373	0.4477	2.75	3.2	2.6	1
0.0084	0.0036	0.9881	13	6	1.22	3
0.8383	0.0439	0.1178	1.5	4	7	1
0.8173	0.1776	0.0051	1.57	4	5.5	1
0.363	0.5806	0.0564	2.1	3.25	3.5	1
0.0309	0.9349	0.0342	2.75	3.3	2.5	2
0.9896	0.008	0.0023	2.1	3.25	3.6	1
0.4288	0.0582	0.513	3	3.2	2.4	1
0.629	0.0384	0.3326	1.62	3.8	5.5	1
0.0017	0.995	0.0033	2.25	3.1	3.4	2
0.014	0.0041	0.982	3.2	3.25	2.25	1
0.4103	0.0136	0.5761	2.8	3.3	2.5	1
0.4854	0.0188	0.4958	2.4	3.5	2.8	3
0.2607	0.7211	0.0183	1.4	4.5	8	2
0.5018	0.0363	0.462	2.8	3.25	2.5	1
0.9944	0.0015	0.0041	1.73	3.5	5	1
0.106	0.5213	0.3727	1.62	3.75	5.5	2
0.0049	0.0002	0.9949	2	3.2	4	3
0.4292	0.3105	0.2602	1.8	3.5	4.5	2
0.0113	0.3392	0.6495	2.1	3.25	3.6	3
0.9432	0.0545	0.0022	1.4	4.33	8.5	1
0.424	0.1362	0.4397	2.1	3.4	3.4	3
0.0435	0.0016	0.9548	8	4.5	1.4	3
0.3466	0.0712	0.5822	2.2	3.25	3.25	3
0.6468	0.0167	0.3365	1.5	4	6.5	3
0.9698	0.0016	0.0286	2.5	3.25	2.8	1
0.8486	0.1332	0.0182	2.1	3.4	3.4	1
0.3388	0.5137	0.1476	2.1	3.3	3.5	2
0.968	0.0263	0.0057	1.73	3.6	4.75	1
0.0079	0.5577	0.4344	1.91	3.4	4	2
0.4366	0.3427	0.2206	2.2	3.25	3.25	2
0.9901	0.0001	0.0098	1.06	11	29	1
0.7218	0.2774	0.0008	2	3.3	3.8	1
0.0345	0.8837	0.0818	2.2	3.25	3.3	2
0.9345	0.0074	0.0582	1.91	3.5	4	1
0.0978	0.8413	0.0609	13	6	1.22	2
0.0067	0.9891	0.0042	2.5	3.3	2.75	2
0.9912	0.0036	0.0052	3	3.25	2.38	1
0.2491	0.3307	0.4202	3	3.4	2.3	2
0.0064	0.0101	0.9835	2.25	3.2	3.25	3
0.0063	0.0273	0.9663	11	5	1.29	3
0.327	0.2516	0.4214	1.8	3.5	4.5	2
0.9308	0.004	0.0653	1.4	4.5	8	3
0.2146	0.692	0.0934	2.6	3.2	2.75	2
0.9809	0.018	0.0011	1.62	3.75	5.5	1
0.7841	0.0006	0.2153	1.67	3.75	5	1
0.9928	0.0017	0.0055	1.07	11	26	1
0.0346	0.5059	0.4595	1.73	3.5	5	3
0.3835	0.2278	0.3887	3.1	3.25	2.3	1
0.2048	0.5793	0.2158	2.5	3.3	2.75	2
0.9249	0.0015	0.0736	1.73	3.5	5	1
0.4086	0.0937	0.4977	2.5	3.2	2.8	3
0.3121	0.2653	0.4226	2.9	3.3	2.4	3
0.1872	0.7035	0.1093	1.83	3.4	4.5	2
0.016	0.4414	0.5425	9.5	5.5	1.29	3
0.0425	0.8349	0.1225	3.25	3.25	2.25	2
0.9781	0.0118	0.0101	1.2	6.5	15	1
0.0047	0.0003	0.995	2	3.4	3.75	3
0.7121	0.1915	0.0964	1.83	3.5	4.33	1
0.2922	0.3489	0.3589	1.91	3.4	4	1
0.9968	0.0023	0.0009	1.07	11	26	1
0.014	0.0338	0.9522	3	3.2	2.38	3
0.0908	0.8715	0.0376	12	6	1.22	2
0.3306	0.0022	0.6672	1.62	3.75	5.5	3
0.0835	0.4228	0.4938	2.4	3.3	2.88	3
0.3	0.3231	0.3769	2.2	3.3	3.3	1
0.0744	0.8255	0.1001	3.25	3.3	2.2	2
0.9958	0.0023	0.002	2	3.4	3.75	1
0.4136	0.1173	0.469	3.1	3.3	2.3	3
0.1948	0.5868	0.2183	1.73	3.5	5	2
0.9322	0.0183	0.0495	1.07	11	26	1
0.0956	0.001	0.9035	9	5	1.33	3
0.0194	0.9731	0.0075	2.3	3.2	3.2	2
0.7226	0.0251	0.2523	2.2	3.2	3.4	1
0.0599	0.8702	0.0699	2	3.4	3.75	2
0.2587	0.003	0.7383	1.83	3.5	4.33	3
0.3756	0.2729	0.3515	2.25	3.25	3.25	2
0.0018	0.3963	0.6019	2.38	3.2	3	3
0.6688	0.0011	0.33	3	3.2	2.4	1
0.4212	0.184	0.3948	2.8	3.2	2.5	1
0.3536	0.3105	0.3359	9.5	5	1.33	1
0.0403	0.8757	0.084	3.75	3.4	2	2
0.7243	0.0605	0.2152	1.62	3.75	5.5	3
0.3508	0.3339	0.3152	1.73	3.5	5	1
0.987	0.0004	0.0126	1.08	10	26	1
0.9772	0.0016	0.0212	1.36	4.5	9	1
0.9761	0.0001	0.0239	2.5	3.2	2.8	1
0.5464	0.0056	0.448	1.57	3.75	6	1
0.8947	0.0575	0.0478	2.8	3.25	2.5	1
0.0174	0.9486	0.034	2	3.3	3.75	2
0.9954	0.004	0.0007	1.08	9.5	26	1
0.297	0.6698	0.0332	1.62	3.75	5.5	1
0.5763	0.4128	0.0109	1.83	3.6	4.2	1
0.8971	0.1001	0.0028	1.25	5.75	11	1
0.3305	0.0711	0.5985	2.3	3.2	3.2	1
0.3372	0.0025	0.6603	2.3	3.2	3.2	3
0.2878	0.03	0.6822	2.25	3.25	3.2	1
0.0119	0.7697	0.2184	4	3.4	1.91	2
0.1055	0.0138	0.8807	2.6	3.2	2.75	3
0.0641	0.8492	0.0867	2	3.4	3.75	2
0.5894	0.1404	0.2702	1.73	3.5	5	3
0.7433	0.1815	0.0752	1.44	4.2	7.5	1
0.2068	0.7786	0.0146	2.05	3.25	3.75	2
0.3666	0.1492	0.4842	7	4.33	1.44	3
0.8003	0.1373	0.0625	1.91	3.3	4.2	1
0.7283	0.0594	0.2123	2.1	3.25	3.5	1
0.3937	0.002	0.6043	1.75	3.5	4.75	3
0.0073	0	0.9927	8	4.75	1.36	3
0.2033	0.6595	0.1372	2.25	3.25	3.2	2
0.9979	0.0016	0.0004	1.08	11	26	1
0.5919	0.0107	0.3973	2.4	3.2	3	3
0.0767	0.881	0.0423	1.91	3.3	4.2	2
0.0591	0.8506	0.0903	2.38	3.25	3	2
0.9568	0.0321	0.011	1.83	3.4	4.5	1
0.8636	0.113	0.0235	1.62	3.6	6	1
0.0169	0.0022	0.9809	3.5	3.3	2.1	3
0.9778	0.0184	0.0038	1.13	8	21	1
0.2493	0.0064	0.7444	3.1	3.25	2.3	1
0.809	0.0216	0.1694	2.5	3.2	2.88	1
0.0047	0.0217	0.9736	7	4.33	1.44	3
0.9357	0	0.0643	1.53	3.8	6.5	1
0.8996	0.0001	0.1003	1.73	3.6	4.75	1
0.6884	0.0367	0.2749	3.25	3.3	2.2	1
0.8398	0.1363	0.0239	1.33	4.75	10	1
0.9727	0	0.0273	2.1	3.4	3.4	1
0.3399	0.0941	0.566	2.8	3.25	2.5	1
0.0092	0.2686	0.7221	13	6	1.22	3
0.3172	0.2637	0.4192	1.5	4	7	2
0.3693	0.2387	0.392	1.91	3.4	4	3
0.5652	0.2251	0.2096	1.95	3.3	4	1
0.8572	0.0001	0.1427	2	3.3	3.8	1
0.0069	0.2216	0.7716	8.5	4.75	1.36	3
0.9995	0	0.0005	2.2	3.3	3.3	1
0.0012	0.9527	0.0461	2.5	3.2	2.88	2
0.2499	0.2237	0.5265	2.25	3.4	3.1	3
0.4527	0.0032	0.5441	2.4	3.2	3	1
0.2141	0.507	0.2789	3	3.25	2.38	1
0.943	0.0525	0.0045	1.17	7.5	14	2
0.6535	0.0027	0.3438	1.67	3.75	5	1
0.999	0.0002	0.0008	1.05	13	34	1
0.1495	0.555	0.2955	2.2	3.2	3.4	2
0.7122	0.0182	0.2696	1.8	3.5	4.5	1
0.1391	0.0003	0.8606	2	3.4	3.75	3
0.1182	0.0293	0.8525	2.38	3.25	3	3
0.6229	0.0072	0.3698	1.29	5	11	3
0.0057	0.4478	0.5466	8.5	4.75	1.36	2
0.0013	0.9954	0.0033	1.91	3.4	4	2
0.7087	0	0.2913	1.67	3.75	5	1
0.4306	0.113	0.4564	3.2	3.25	2.25	3
0.2471	0.0426	0.7103	2.8	3.25	2.5	1
0.1417	0.0062	0.8521	13	6	1.22	3
0.9757	0.0227	0.0016	1.13	8	21	1
0.0447	0.9537	0.0016	1.36	4.5	9	2
0.036	0.9422	0.0219	1.67	3.75	5	2
0.4486	0.0003	0.5512	2.38	3.25	3	3
0.2171	0.2426	0.5404	2.1	3.3	3.5	3
0.0235	0	0.9765	2.1	3.4	3.4	3
0.4074	0.0996	0.493	4.5	3.5	1.8	1
0.4948	0.0001	0.5051	3	3.25	2.38	3
0.9937	0.0038	0.0026	1.11	9	21	1
0.8923	0.0151	0.0926	1.67	3.8	5	3
0.0902	0.0757	0.8341	8	4.5	1.4	3
0.0042	0.5323	0.4635	2.1	3.3	3.5	3
0.1236	0.4875	0.3889	2.1	3.3	3.5	3
0.3931	0.3366	0.2703	1.62	3.8	5.5	1
0.4673	0	0.5327	2.1	3.3	3.5	1
0.3996	0.4117	0.1887	1.62	3.8	5.5	2
0.0015	0.9982	0.0003	2	3.4	3.75	2
0.4459	0.1892	0.365	1.73	3.6	4.75	1
0.5644	0.0235	0.4121	2.1	3.3	3.5	1
0.3201	0.4126	0.2674	1.91	3.4	4	2
0.8458	0.1372	0.017	1.73	3.5	5	1
0.866	0.0542	0.0798	2.05	3.4	3.6	1
0.0208	0.0013	0.9778	19	7.5	1.14	3
0.4219	0.0039	0.5743	2.25	3.25	3.2	1
0.4922	0.0031	0.5047	3	3.4	2.3	1
0.0159	0.9838	0.0003	1.83	3.5	4.33	2
0.7519	0.2222	0.0259	1.2	6.5	13	2
0.9937	0.0022	0.0041	1.4	4.5	8	1
0.9799	0.0108	0.0094	1.06	13	26	1
0.8	0.1273	0.0727	2.5	3.25	2.8	1
0.3982	0.39	0.2118	2.25	3.4	3.1	2
0.0048	0.0005	0.9946	5.5	4	1.57	3
0.43	0.5591	0.0109	2.63	3.4	2.6	2
0.2539	0.4241	0.322	2.6	3.2	2.75	1
0.9838	0.0018	0.0144	1.5	4.2	6.5	1
0.0373	0.0055	0.9572	2.7	3.2	2.63	3
0.7514	0.0005	0.2482	1.44	4.33	7	1
0.2952	0.4889	0.216	2.5	3.3	2.8	1
0.0118	0.0003	0.9879	15	6	1.2	3
0.8911	0.104	0.0048	1.06	11	29	1
0.3216	0.1347	0.5437	1.67	3.8	5	1
0.3558	0.3251	0.3191	1.91	3.5	4	1
0.3462	0.0552	0.5986	2.88	3.4	2.38	1
0.5996	0.2322	0.1682	1.5	4.2	6.5	2
0.015	0.0002	0.9848	2.8	3.4	2.4	3
0.0474	0.9483	0.0044	1.5	4	7	2
0.8986	0.0235	0.0778	2.1	3.4	3.4	1
0.763	0.0001	0.2368	2.6	3.3	2.63	1
0.585	0.0018	0.4131	1.62	4	5	3
0.7669	0.018	0.2151	1.8	3.6	4.33	1
0.4342	0.3977	0.1682	1.57	3.8	6	2
0.9946	0	0.0054	2.3	3.4	3	1
0.8331	0.0054	0.1614	1.57	3.75	6	1
0.2428	0.0066	0.7506	2.25	3.25	3.2	1
0.0073	0.0027	0.99	3.6	3.5	2	3
0.2228	0.3941	0.3832	2.25	3.25	3.2	2
0.8233	0.0312	0.1455	1.62	3.75	5.5	1
0.1337	0.8032	0.0631	3.1	3.3	2.3	2
0.4017	0.066	0.5323	1.67	3.75	5	3
0.4582	0	0.5417	1.91	3.4	4	3
0.6126	0.0014	0.3861	1.83	3.5	4.33	1
0.4093	0.5882	0.0025	1.5	4	6.5	1
0.0051	0.9901	0.0049	1.8	3.5	4.5	2
0.259	0.5088	0.2322	3.2	3.3	2.25	2
0.2536	0.1244	0.622	2.2	3.4	3.2	1
0.9067	0.0052	0.0881	1.22	6	13	1
0.0035	0.0001	0.9964	9	5	1.33	3
0.7204	0.1774	0.1023	3.2	3.4	2.2	1
0.5674	0.413	0.0196	1.4	4.5	8	2
0.7524	0.1198	0.1278	1.83	3.5	3.75	1
0.0632	0.0021	0.9347	2.4	3.4	2.8	3
0.0059	0.0029	0.9912	6	4	1.53	3
0.486	0.3207	0.1933	1.4	4.5	7.5	2
0.9912	0.0031	0.0057	1.2	6	15	1
0.9989	0.0011	0.0001	1.85	3.5	4.2	1
0.3164	0.1248	0.5588	1.73	3.6	4.75	3
0.6359	0.2094	0.1547	1.44	4	8	1
0.9475	0.0342	0.0183	2.25	3.4	3.1	1
0.0792	0.8801	0.0407	1.8	3.5	4.5	2
0.6299	0.1069	0.2632	2	3.5	3.6	1
0.9885	0.0076	0.0039	1.13	8	19	1
0.0031	0.001	0.9958	7.5	5	1.36	3
0.7853	0.212	0.0027	1.91	3.4	4	1
0.3123	0.6064	0.0813	1.8	3.5	4.5	1
0.9752	0.0011	0.0236	1.7	3.6	5	1
0.1764	0.0003	0.8234	2.3	3.25	3.1	1
0.325	0.2149	0.4601	1.57	4.2	4.5	1
0.9605	0.0381	0.0015	1.33	5	9	1
0.0081	0.9736	0.0183	7.5	5.5	1.33	2
0.1658	0.1123	0.7219	2.7	3.4	2.5	1
0.2528	0.4566	0.2905	2.8	3.5	2.38	2
0.0071	0.108	0.885	5.5	4	1.57	3
0.0952	0.0008	0.9041	1.57	4	5.5	1
0.6509	0.1294	0.2197	1.3	5.5	9	1
0.9833	0.004	0.0127	1.2	7	11	1
0.5997	0.0039	0.3964	6	4	1.53	3
0.9901	0.0005	0.0093	1.83	3.5	4.33	1
0.3373	0.1172	0.5455	2.3	3.4	3	3
0.5337	0.0003	0.4659	2.25	3.25	3.2	3
0.988	0.006	0.006	2	3.3	3.8	1
0.7163	0.0128	0.271	1.62	3.75	5.5	1
0.1598	0.0371	0.8032	1.83	3.5	4.2	3
0.9656	0.005	0.0294	1.1	9	26	1
0.1637	0.2059	0.6304	3.2	3.4	2.2	2
0.6448	0.3448	0.0104	1.25	6	10	2
0.7064	0.0227	0.2709	2	3.4	3.75	1
0.9921	0.0006	0.0072	2.2	3.3	3.3	1
0.0724	0.0012	0.9265	2.15	3.3	3.4	3
0.1395	0.0065	0.8541	1.7	3.6	5	3
0.0292	0.0064	0.9645	1.67	3.6	5.25	3
0.1759	0.4849	0.3392	1.91	3.5	4	2
0.8504	0.0956	0.0541	2	3.4	3.75	1
0.2408	0.001	0.7582	9.5	5.5	1.29	1
0.0811	0.7901	0.1289	3	3.25	2.38	2
0.0387	0.016	0.9452	12	6	1.22	3
0.2789	0.72	0.0011	1.44	4.2	7.5	2
0.8545	0.0096	0.1359	1.6	4	5.5	1
0.9876	0.0115	0.0008	2.05	3.4	3.5	1
0.5176	0.0005	0.4819	2	3.3	3.75	1
0.1126	0.8592	0.0282	2.2	3.2	3.4	2
0.9576	0.0028	0.0396	2.1	3.2	3.6	1
0.5481	0.008	0.444	2.7	3.25	2.6	3
0.7227	0.0027	0.2746	2	3.4	3.75	1
0.9888	0.0038	0.0074	1.22	6	13	1
0.9815	0.0155	0.0029	2.2	3.2	3.4	1
0.9985	0.001	0.0005	1.08	10	23	1
0.3158	0.6411	0.0432	2.8	3.25	2.5	2
0.0211	0.0594	0.9195	11	6	1.25	3
0.9451	0.0261	0.0288	1.7	3.6	5	1
0.3494	0.0015	0.649	5	4	1.62	1
0.9576	0.0003	0.0422	1.44	4.33	7	1
0.9948	0.0016	0.0037	1.33	5	9	1
0.2684	0.5036	0.228	2.2	3.4	3.2	2
0.0002	0.9997	0	2.3	3.2	3.2	2
0.0047	0.8345	0.1608	2.2	3.25	3.25	2
0.3956	0.0005	0.6039	1.8	3.5	4.5	1
0.0203	0.2453	0.7344	2.1	3.3	3.5	3
0.9996	0.0001	0.0003	1.05	12	34	1
0.431	0.5551	0.0138	1.95	3.5	3.75	1
0.9832	0.0055	0.0114	2	3.4	3.75	1
0.5786	0.0023	0.4191	2.25	3.25	3.2	1
0.0935	0.6894	0.2171	2.2	3.4	3.2	2
0.9914	0.0027	0.0059	1.3	5.25	10	1
0.9406	0.0288	0.0306	2.1	3.4	3.4	1
0.9838	0.002	0.0142	2.8	3.25	2.5	1
0.2205	0.4683	0.3112	2.6	3.3	2.63	3
0.0032	0.0012	0.9956	9	5.5	1.3	3
0.0161	0.6295	0.3545	3.1	3.3	2.3	3
0.8483	0.085	0.0667	1.7	3.75	4.75	1
0.0101	0.0069	0.983	6	4.33	1.5	3
0.9403	0.0026	0.0572	2.3	3.4	3	1
0.4829	0.0043	0.5128	1.36	4.75	8.5	1
0.0305	0.1117	0.8578	3.6	3.5	2	3
0.9677	0.0013	0.031	2.3	3.25	3.1	1
0.6654	0.0062	0.3284	1.95	3.3	4	1
0.6998	0.2948	0.0054	1.13	8	21	1
0.989	0.0006	0.0105	1.83	3.5	4.33	1
0.3066	0.1009	0.5924	2.1	3.25	3.6	1
0.4838	0.0075	0.5087	2.63	3.3	2.63	1
0.5582	0.1869	0.2549	1.95	3.3	4	1
0.7335	0.2627	0.0037	1.91	3.5	4	2
0.8359	0.1634	0.0007	2.3	3.3	3.1	1
0.7388	0.0296	0.2317	2.3	3.3	3.1	3
0.7044	0.0203	0.2753	1.83	3.5	4.33	1
0.8893	0.0028	0.1079	1.73	3.75	4.5	1
0.6864	0.1419	0.1717	1.83	4	3.75	2
0.1031	0.171	0.7259	3.5	3.3	2.1	1
0.3347	0.044	0.6212	1.83	3.5	4.33	3
0.005	0.0352	0.9598	10	5	1.3	3
0.9614	0.0367	0.0019	1.53	3.8	6.5	1
0.8849	0.0011	0.114	1.1	9	23	1
0.9764	0.0132	0.0104	1.62	3.8	5.5	1
0.9433	0.0042	0.0525	1.91	3.4	4	1
0.2549	0.0012	0.7439	1.83	3.5	4.2	3
0.2987	0.001	0.7003	1.91	3.4	4	3
0.2614	0.1542	0.5845	2	3.4	3.75	2
0.0577	0.0007	0.9415	3.4	3.4	2.1	3
0.9524	0.0088	0.0388	1.62	3.8	5.5	1
0.8073	0.001	0.1917	2.9	3.3	2.4	1
0.8288	0.1617	0.0095	1.91	3.5	4	2
0.2312	0.3285	0.4404	2.8	3.3	2.5	2
0.0027	0.0009	0.9965	11	6	1.25	3
0.1202	0.3842	0.4956	1.85	3.5	4.2	3
0.9961	0.0004	0.0035	1.3	5	11	1
0.9901	0.0005	0.0095	2	3.4	3.75	1
0.0665	0.0054	0.9281	8	4.5	1.4	3
0.3949	0.0032	0.6019	3	3.25	2.38	1
0.019	0.9775	0.0035	2.1	3.3	3.5	2
0.9976	0.0019	0.0005	1.08	10	26	1
0.5846	0.001	0.4144	1.4	4.5	8	3
0.9696	0.0038	0.0265	1.08	10	26	1
0.2054	0.5281	0.2665	2.4	3.4	2.8	1
0.2404	0.475	0.2846	2.38	3.4	2.88	3
0.1401	0.7006	0.1592	1.95	3.3	4	1
0.1099	0.5399	0.3503	2.05	3.2	3.8	3
0.7026	0.0928	0.2046	1.5	4	7	2
0.1994	0.0126	0.788	1.83	3.5	4.33	3
0.3794	0.0442	0.5763	1.91	3.4	4	3
0.4458	0	0.5541	1.7	3.8	4.75	3
0.464	0.0056	0.5304	1.8	3.5	4.5	3
0.4612	0.0022	0.5366	1.53	4	6	3
0.995	0.0008	0.0042	2.38	3.4	2.9	1
0.9807	0.0154	0.0039	2.05	3.25	3.75	1
0.513	0.0624	0.4246	2.38	3.5	2.8	1
0.917	0.0041	0.0789	1.36	4.75	8.5	1
0.4098	0.0023	0.588	9	5.5	1.3	3
0.008	0.0001	0.9919	13	6	1.22	3
0.2191	0.2895	0.4913	2.8	3.4	2.4	2
0.9969	0.0014	0.0017	1.08	10	26	1
0.0097	0.9864	0.0038	3	3.2	2.4	2
0.9893	0.0006	0.0101	1.17	8	12	1
0.9814	0.0013	0.0173	1.5	4	7	1
0.2112	0.7439	0.0449	1.91	3.4	4	2
0.5838	0.0008	0.4154	2	3.3	3.8	1
0.0022	0.0063	0.9915	4.5	3.75	1.73	3
0.1575	0.0208	0.8217	2.05	3.4	3.5	3
0.3699	0.1697	0.4604	1.67	3.5	5.5	1
0.7833	0	0.2167	1.75	3.5	4.75	1
0.2975	0.2064	0.4961	1.85	3.5	4.2	2
0.2289	0.0048	0.7663	10	5.5	1.29	1
0.3676	0.0068	0.6256	2.1	3.4	3.4	1
0.9747	0.0014	0.0239	1.85	3.4	4.33	1
0.4232	0.0003	0.5764	2.1	3.4	3.4	1
0.0222	0.9046	0.0732	1.67	3.8	5	2
0.9821	0.0009	0.017	1.62	3.8	5.5	1
0.7099	0.0621	0.228	2.1	3.4	3.4	3
0.0055	0.0002	0.9942	13	6.5	1.2	3
0.4533	0.0002	0.5465	2.1	3.3	3.5	3
0.5212	0.1897	0.2891	1.91	3.5	4	1
0.9732	0.0252	0.0016	1.09	10	21	1
0.5202	0.0161	0.4637	2.6	3.25	2.7	1
0.7854	0.0001	0.2145	1.44	4.5	6.5	1
0.6506	0.001	0.3483	1.6	3.8	5.75	3
0.0003	0.9832	0.0165	2	3.5	3.6	2
0.2708	0.4045	0.3248	2.05	3.4	3.5	2
0.4846	0.0112	0.5043	2.1	3.4	3.4	3
0.8017	0.1742	0.024	2	3.5	3.6	2
0.1188	0.0121	0.8691	1.7	3.75	4.75	3
0.0536	0.8773	0.0692	2.8	3.3	2.5	2
0.6191	0	0.3808	1.44	4.33	7	1
0.2363	0.2693	0.4945	2.63	3.3	2.63	3
0.2423	0.3909	0.3668	1.91	3.3	4.2	2
0.1322	0.5246	0.3432	10	6	1.25	3
0.9026	0.0637	0.0337	1.83	3.75	4	1
0.9978	0.0007	0.0015	1.29	5.5	10	1
0.0234	0.0028	0.9738	9	5.5	1.3	3
0.9663	0.0058	0.0279	2	3.2	4	1
0.56	0.0079	0.432	2.25	3.3	3.2	3
0.2675	0.5453	0.1873	1.95	3.3	4	2
0.2857	0.4695	0.2448	2.4	3.3	2.88	2
0.1322	0.0079	0.8599	2.4	3.4	2.8	3
0.3477	0.3867	0.2656	2.1	3.3	3.5	3
0.835	0.0011	0.1639	1.25	6	10	1
0.4968	0.5021	0.0011	1.1	10	17	2
0.6099	0	0.3901	1.44	4.33	7	3
0.6654	0.0335	0.3011	2	3.4	3.75	3
0.2505	0.0233	0.7262	2.05	3.4	3.5	3
0.1197	0.1012	0.779	2.2	3.3	3.25	2
0.4243	0.4356	0.1401	1.8	3.6	4.33	1
0.611	0.2122	0.1768	2.38	3.4	2.88	1
0.4392	0.0017	0.5591	2.25	3.25	3.25	1
0.9811	0	0.0189	1.29	5.5	10	1
0.9297	0.0008	0.0695	1.67	3.75	5	1
0.2659	0.0632	0.671	1.83	3.5	4.2	3
0.7568	0.0028	0.2405	1.7	3.6	5	3
0.1698	0.0004	0.8297	5.5	4.1	1.57	1
0.5512	0.0656	0.3832	1.95	3.3	4	3
0.0025	0.0066	0.9909	13	6	1.22	3
0.1055	0.0005	0.8941	2.2	3.4	3.2	3
0.0033	0.01	0.9867	3.25	3.2	2.25	3
0.6173	0.368	0.0148	3	3.4	2.3	1
0.4577	0.0001	0.5422	2.25	3.3	3.2	1
0.5316	0.4196	0.0489	1.53	4.1	6	1
0.9108	0.0868	0.0024	1.1	10	21	1
0.9675	0.0095	0.0229	1.95	3.3	4	1
0.2793	0.3372	0.3835	3.4	3.4	2.1	2
0.5769	0.4025	0.0205	1.18	7	13	1
0.9966	0.0002	0.0032	2.2	3.3	3.3	1
0.2848	0.0249	0.6903	1.91	3.5	4	3
0.9757	0.0005	0.0238	2.25	3.2	3.3	1
0.2649	0.4313	0.3038	7	4.33	1.44	2
0.7771	0.0011	0.2218	2.1	3.4	3.4	1
0.574	0.0551	0.3708	2	3.4	3.75	1
0.9879	0.0015	0.0106	1.29	5.5	10	1
0.3966	0.0018	0.6016	1.91	3.5	4	1
0.0035	0.0002	0.9963	7	4.75	1.4	3
0.406	0.5553	0.0386	1.75	3.5	4.75	2
0.3867	0.3627	0.2505	1.83	3.5	4.33	2
0.8656	0.0062	0.1282	2	3.4	3.75	1
0.2697	0.6875	0.0429	2.7	3.25	2.6	2
0.2704	0.0025	0.7271	2.15	3.3	3.4	1
0.4649	0.1364	0.3987	1.62	3.75	5.5	2
0.3658	0.0228	0.6114	10	5.5	1.29	1
0.9893	0.0018	0.009	1.3	5.5	9	1
0.2421	0.6235	0.1344	2	3.4	3.75	1
0.0621	0.0033	0.9346	4.5	3.75	1.75	3
0.9934	0.0037	0.003	2	3.4	3.75	1
0.6145	0.1261	0.2593	1.91	3.5	4	2
0.0394	0.9313	0.0293	2.2	3.4	3.2	2
0.0034	0.0857	0.9109	2.88	3.2	2.5	3
0.4038	0.0003	0.5958	2	3.4	3.75	1
0.249	0.5842	0.1668	2.05	3.4	3.5	2
0.2789	0.0094	0.7117	3	3.25	2.38	1
0.983	0.0088	0.0082	1.07	11	29	1
0.012	0.2608	0.7272	3	3.2	2.4	3
0.9662	0.0119	0.0219	1.14	7.5	17	1
0.9831	0	0.0169	2.25	3.3	3.2	1
0.8051	0.0125	0.1824	1.4	4.4	8	1
0.1436	0.3106	0.5458	2.5	3.25	2.8	2
0.8823	0.0164	0.1013	2.1	3.2	3.6	1
0.0723	0.9249	0.0028	2.05	3.25	3.75	1
0.4995	0.1287	0.3718	9	5	1.33	1
0.695	0.0134	0.2916	2	3.3	3.75	1
0.7914	0.001	0.2076	1.44	4.33	7	1
0.3267	0.4899	0.1834	1.53	4	6	2
0.3569	0.0009	0.6422	1.5	4.33	6	1
0.9897	0.0049	0.0054	1.7	3.75	4.75	1
0.0118	0.2534	0.7348	7	4.33	1.44	2
0.0187	0.0019	0.9794	2.63	3.3	2.63	3
0.0021	0.2243	0.7736	2	3.3	3.8	3
0.3325	0.0001	0.6675	2.5	3.25	2.8	3
0.0099	0.9878	0.0023	2.1	3.3	3.5	2
0.951	0.0372	0.0118	1.36	5	7.5	1
0.2659	0.0294	0.7047	1.73	3.6	4.75	3
0.9888	0.0028	0.0084	1.09	10	21	1
0.4051	0.0003	0.5946	3.5	3.3	2.1	1
0.3684	0.0522	0.5794	2.4	3.3	2.88	3
0.0987	0.8916	0.0097	1.83	3.5	4.33	2
0.9788	0.005	0.0163	1.36	4.75	8	1
0.7958	0.1521	0.0521	2.1	3.3	3.5	1
0.0042	0.0066	0.9892	10	6	1.25	3
0.0899	0.8467	0.0634	1.8	3.75	4.2	1
0.8852	0.0748	0.04	1.91	3.3	4.2	1
0.984	0.0059	0.0101	2	3.3	3.8	1
0.9951	0.0003	0.0046	1.18	7.5	12	1
0.4147	0.3091	0.2761	1.67	3.8	5	2
0.9603	0.0186	0.0211	1.4	4.75	7.5	1
0.1737	0.0398	0.7865	3.75	3.4	2	3
0.4983	0.0076	0.494	2.25	3.4	3.1	3
0.9939	0.0021	0.004	1.18	7	13	1
0.0401	0.0225	0.9374	8.5	5	1.33	3
0.1411	0.0104	0.8484	2.2	3.2	3.4	3
0.0648	0.1807	0.7545	3.2	3.2	2.3	2
0.8328	0.0055	0.1616	1.36	4.75	8	1
0.2455	0.0643	0.6902	2.5	3.25	2.8	1
0.2293	0.0062	0.7645	1.83	3.4	4.5	1
0.0632	0.0025	0.9343	1.75	3.5	4.75	3
0.2129	0.0037	0.7834	1.91	3.4	4	3
0.5469	0.4129	0.0402	1.91	3.4	4	1
0.0077	0.1948	0.7975	2.3	3.3	3.1	2
0.3881	0.1563	0.4556	2.3	3.25	3.1	3
0.3541	0.0061	0.6399	2.88	3.6	2.3	1
0.4259	0.5613	0.0128	1.5	4.2	6.5	2
0.2393	0.7445	0.0162	1.83	3.4	4.5	2
0.5711	0.0077	0.4212	2.05	3.25	3.75	3
0.1843	0.6555	0.1601	2.8	3.3	2.5	2
0.1882	0.7168	0.095	1.75	3.6	4.75	2
0.9734	0.0003	0.0263	1.44	4.2	7.5	1
0.4239	0.2626	0.3136	1.91	3.4	4	1
0.994	0.0034	0.0026	1.11	9	19	1
0.0761	0.6742	0.2497	3.1	3.3	2.3	1
0.0049	0.3795	0.6157	2.38	3.25	3	2
0.2382	0.0003	0.7615	1.91	3.4	4	1
0.1193	0.0006	0.8801	2.5	3.4	2.7	1
0.5207	0.003	0.4764	1.5	4.33	6	3
0.0984	0.011	0.8906	6.5	4.5	1.45	3
0.2235	0.3407	0.4358	2.1	3.4	3.5	2
0.1265	0.8048	0.0687	2.1	3.25	3.6	2
0.2129	0.1538	0.6334	2.25	3.4	3.1	1
0.4594	0.5301	0.0104	2.3	3.4	3	1
0.9982	0.0001	0.0017	1.13	9	17	1
0.4052	0.5849	0.01	1.62	3.8	5.5	1
0.8308	0.0616	0.1076	1.62	3.8	5.5	1
0.9912	0.0005	0.0083	1.11	9	21	1
0.2372	0.4777	0.2851	1.91	3.3	4.2	2
0.2442	0.1629	0.5929	1.91	3.3	4.2	3
0.3217	0.0018	0.6764	3.4	3.3	2.15	3
0.9831	0.0002	0.0167	1.4	4.5	8	1
0.0035	0.3086	0.6879	8	5	1.36	2
0.3463	0.1404	0.5133	3.4	3.2	2.2	1
0.2909	0.0002	0.709	1.85	3.4	4.33	3
0.004	0.8434	0.1526	7.5	4.75	1.4	2
0.2657	0.4207	0.3136	1.73	3.6	4.75	2
0.1059	0.8775	0.0166	2.7	3.3	2.6	2
0.0898	0.3012	0.609	1.91	3.5	4	3
0.0577	0.6096	0.3327	2.1	3.2	3.6	3
0.7102	0.0048	0.285	1.73	3.6	4.75	1
0.0049	0.9894	0.0057	1.83	3.6	4.2	2
