0.0928	0.2692	0.638	4	3.25	1.9	3
0.625	0.0095	0.3655	2.5	3.2	2.75	3
0	0.9995	0.0005	2.8	3.25	2.4	2
0.9712	0.0199	0.0089	1.66	3.4	5.5	1
0.0044	0.0006	0.995	2.37	3.25	2.87	3
0.4441	0.0071	0.5488	3.4	3.25	2.1	1
0.442	0.0002	0.5579	2	3.2	3.75	3
0.9925	0.0005	0.0069	1.33	4.5	10	1
0.5412	0.4577	0.0011	1.2	6	13	1
0.0056	0.9866	0.0077	1.22	5.5	13	2
0.2976	0.4248	0.2776	1.8	3.4	4.33	3
0.0999	0.8942	0.0059	2.3	3.25	3	2
0.308	0.2093	0.4827	2.2	3.25	3.2	1
0.9989	0.0008	0.0003	1.61	3.6	5.5	1
0.2307	0.6684	0.1009	5.5	3.6	1.61	2
0.0092	0.011	0.9799	6.5	3.75	1.53	3
0.4439	0.3666	0.1896	2.3	3.25	3	1
0.0048	0.0022	0.993	2.37	3.25	2.87	3
0.4193	0.0239	0.5568	2.1	3.25	3.4	3
0.2749	0.5749	0.1502	1.83	3.3	4.33	2
0.8326	0.147	0.0204	1.83	3.3	4.33	1
0.5275	0.0164	0.4561	2.5	3.25	2.7	1
0.9981	0.0005	0.0014	1.44	4	7.5	1
0.9507	0.0438	0.0055	2.2	3.25	3.2	1
0.1418	0.7844	0.0738	3.1	3.2	2.25	2
0.046	0.8943	0.0596	2.62	3.1	3.1	2
0.4512	0.2168	0.332	4.5	3.25	1.83	1
0.9799	0.0056	0.0146	1.53	3.8	6	1
0.2498	0.7493	0.0008	1.8	3.4	4.5	1
0.0042	0.2878	0.708	2.25	3.2	3	1
0.9006	0.0955	0.0038	1.28	5	10	1
0.0022	0.0084	0.9894	2.37	3.25	2.87	3
0.1346	0.7945	0.0709	2.1	3.2	3.5	2
0.0068	0.0002	0.993	6	3.6	1.57	3
0.4473	0.2295	0.3233	1.9	3.25	4	2
0.8554	0.1168	0.0278	1.5	4	6	1
0.1404	0.8037	0.0559	2.6	3.2	2.62	2
0.1366	0.4226	0.4408	2.4	3.2	2.87	3
0.2597	0.4243	0.316	3.1	3.2	2.25	2
0.9969	0.0004	0.0027	1.16	6	19	1
0.7543	0.2429	0.0028	1.16	6	19	1
0.9925	0.004	0.0035	2	3.2	3.75	1
0.3734	0.2909	0.3357	1.72	3.5	4.75	1
0.5314	0	0.4686	2.2	3.2	3.25	3
0.8097	0.1852	0.0052	1.5	3.75	7	1
0.3166	0.3876	0.2958	5.5	3.6	1.61	1
0.5685	0.2823	0.1492	2.2	3.2	3.25	1
0.8182	0.0496	0.1322	2.37	3.25	3	1
0.0317	0.9001	0.0681	1.36	4.33	10	2
0.1035	0.2967	0.5998	4.5	3.5	1.8	3
0.2661	0.6577	0.0762	5	3.5	1.72	2
0.9863	0.001	0.0127	2.25	3.25	3.2	1
0.0089	0.8854	0.1057	2.8	3.2	2.5	3
0.7482	0.0539	0.1979	2	3.4	3.75	1
0.2797	0.6029	0.1175	2.1	3.25	3.6	2
0.6621	0.0018	0.3361	2.37	3.25	3	1
0.8672	0.1212	0.0116	4.33	3.25	1.9	1
0.9978	0.0004	0.0018	1.14	7	23	1
0.3189	0.0294	0.6517	2.5	3.25	2.8	2
0.0009	0.9982	0.0009	1.22	5.25	17	2
0.1664	0.6841	0.1495	2.1	3.2	3.6	2
0.5934	0.0004	0.4062	2.1	3.2	3.6	1
0.6505	0.0831	0.2664	2.25	3.2	3.25	1
0.6589	0.1644	0.1766	1.9	3.3	4.2	3
0.254	0.4443	0.3017	2.8	3.25	2.5	2
0.4064	0.3551	0.2384	2.1	3.25	4	1
0.3869	0.0286	0.5844	2	3.4	3.75	1
0.0269	0.7439	0.2292	6.5	4	1.53	3
0.7059	0.2832	0.0109	1.3	5	12	2
0.0125	0.9866	0.001	2.7	3.25	2.62	2
0.7765	0.0204	0.2032	2.25	3.25	3.3	1
0.296	0.7001	0.0039	1.72	3.4	5.5	1
0.0081	0.0048	0.9871	2.75	3.25	2.62	3
0.0275	0.2761	0.6964	4.5	3.5	1.83	3
0.0066	0.0065	0.9869	6.5	3.8	1.57	3
0.7495	0.0089	0.2417	1.8	3.5	4.75	1
0.0196	0.955	0.0254	1.9	3.25	4.33	2
0.6316	0.0003	0.3681	1.83	3.6	4.33	1
0.9913	0.0057	0.0031	1.16	6.5	21	1
0.9965	0.0013	0.0022	1.16	6.5	23	1
0.9301	0.0358	0.0341	1.66	3.75	5.5	1
0.0044	0.0364	0.9592	5	3.6	1.72	3
0.0034	0.25	0.7466	2.62	3.25	2.75	3
0.0814	0.8718	0.0468	1.53	4	6.5	2
0.9891	0.0001	0.0108	1.66	3.6	5.5	1
0.7236	0.0349	0.2416	2.1	3.3	3.6	1
0.9997	0	0.0003	1.72	3.6	5	1
0.9871	0.0036	0.0093	1.25	5.25	15	1
0.0318	0.0036	0.9646	4.5	3.6	1.8	3
0.8234	0.1737	0.0029	1.7	3.5	5.5	1
0.0629	0.0683	0.8689	3.6	3.3	2.1	3
0.0013	0.9834	0.0153	1.72	3.5	5.25	2
0.9997	0.0002	0.0001	1.57	3.6	7	1
0.2791	0.0228	0.6981	6	3.75	1.61	3
0.2883	0.0014	0.7102	3.1	3.25	2.37	3
0.5847	0.163	0.2523	1.9	3.25	4.5	1
0.785	0.1932	0.0218	2.37	3.3	3	1
0.4115	0.5701	0.0185	2.1	3.3	3.6	1
0.7103	0.0838	0.2059	1.5	4	7	1
0.8771	0.1134	0.0095	1.18	6.5	19	1
0.3188	0.6734	0.0078	1.8	3.5	4.75	2
0.4748	0.0003	0.5249	2.75	3.25	2.5	1
0.1446	0.6703	0.1852	2.1	3.3	3.6	2
0.0016	0.9982	0.0002	2.7	3.3	2.62	2
0.0095	0.0015	0.989	3.6	3.3	2.1	3
0.0098	0.9854	0.0047	2.5	3.25	2.8	2
0.0359	0.4481	0.516	2.2	3.4	3.25	3
0.2964	0.4643	0.2393	2.5	3.1	3	2
0.9995	0.0001	0.0004	1.4	4.33	9	1
0.1533	0.605	0.2417	3	3.3	2.37	2
0.8032	0.1738	0.0229	1.66	3.5	5.75	1
0.475	0.0023	0.5227	2.2	3.25	3.4	1
0.0003	0.994	0.0056	3	3.25	2.4	2
0.4473	0.0039	0.5488	2.1	3.3	3.6	3
0.0029	0.0017	0.9954	9	4.33	1.4	3
0.249	0.3955	0.3555	1.9	3.3	4.33	2
0.9993	0.0004	0.0003	1.61	3.75	6	1
0.0045	0.0173	0.9783	3.25	3.4	2.2	3
0.4632	0.5269	0.0098	1.22	5	13	1
0.002	0.0305	0.9675	2.87	3.25	2.5	2
0.0033	0.0004	0.9963	2.7	3.2	2.7	3
0.0032	0.9071	0.0897	2.1	3.4	3.5	2
0.0666	0.9155	0.0179	1.33	5	10	2
0.9015	0.0062	0.0922	1.33	4.5	8.5	1
0.1382	0.8217	0.0401	2	3.4	3.8	2
0.9397	0.0594	0.0008	1.44	4.2	8	1
0.0044	0.0006	0.995	7	4	1.5	3
0.9983	0.0016	0.0001	1.16	7	17	1
0.8139	0.0039	0.1822	3.2	3.3	2.3	3
0.0063	0.0375	0.9562	9	4.33	1.4	1
0.0035	0.0012	0.9953	15	6	1.22	3
0.9854	0.009	0.0056	1.61	3.6	6.5	1
0.9744	0	0.0256	1.57	3.75	6.5	1
0.0161	0.3061	0.6779	2.75	3.25	2.6	3
0.2713	0.0053	0.7235	3.8	3.3	2	3
0.0413	0.8628	0.0958	2.87	3.25	2.5	2
0.0801	0.8455	0.0744	2.75	3.25	2.6	2
0.0553	0.0585	0.8862	2.2	3.25	3.4	3
0.0407	0.077	0.8823	4	3.3	2	3
0.8237	0.0194	0.1569	1.9	3.4	4.2	1
0.9767	0.021	0.0023	1.25	5.5	13	1
0.0988	0.8621	0.0391	2.2	3.25	3.4	2
0.4919	0.3555	0.1526	2	3.3	4	2
0.9863	0.0132	0.0005	1.66	3.6	5.5	1
0.2915	0.6769	0.0316	3	3.25	2.4	2
0.8523	0.1438	0.0038	1.28	5	13	1
0.6262	0.01	0.3638	1.44	4.2	8	3
0.9926	0.0061	0.0013	1.2	6	17	1
0.0919	0.7182	0.1899	6	3.75	1.61	2
0.6932	0.2363	0.0705	2.1	3.3	3.6	3
0.9924	0.0069	0.0007	1.16	6.5	21	1
0.9674	0.004	0.0286	1.57	3.75	6.5	1
0.999	0.0002	0.0008	1.11	8.5	26	1
0.9799	0.0161	0.004	1.8	3.5	4.75	1
0.3063	0.0112	0.6824	5.5	3.6	1.66	1
0.1658	0.0078	0.8264	1.83	3.5	4.5	3
0.9851	0.011	0.0038	2	3.4	3.8	1
0.3964	0.5642	0.0394	7	3.8	1.53	1
0.5276	0.3319	0.1405	2	3.3	3.75	1
0.0049	0.795	0.2002	2.2	3.25	3.4	2
0.0023	0.0098	0.9879	3.1	3.25	2.37	3
0.4689	0.1862	0.3449	2.5	3.25	2.87	3
0.8795	0.0056	0.115	1.83	3.25	5	1
0.0784	0.7142	0.2074	2.2	3.25	3.4	3
0.0005	0.6753	0.3242	3.25	3.25	2.3	2
0.043	0.5935	0.3636	2.5	3.25	2.87	3
0.0417	0.0498	0.9085	3.25	3.25	2.3	1
0.3378	0.2324	0.4298	2.5	3	3.1	1
0.3117	0.0347	0.6536	2.62	3.1	2.87	3
0.3116	0.5752	0.1132	1.5	4	7.5	1
0.155	0.4131	0.4319	2.1	3.3	3.6	2
0.9177	0.0008	0.0815	1.9	3.3	4.33	1
0.064	0.8965	0.0395	2.1	3.3	3.6	2
0.5133	0.0052	0.4815	1.5	4	7	1
0.1199	0.0061	0.874	2.3	3.3	3.2	3
0.9721	0.0006	0.0273	1.9	3.3	4.33	1
0.0514	0.0067	0.9419	4.2	3.4	1.9	3
0.9649	0.0333	0.0018	1.36	4.75	9	1
0.0016	0.8414	0.157	1.33	4.75	11	2
0.2204	0.0375	0.7421	2.25	3.3	3.25	1
0.011	0.9652	0.0238	1.4	4.33	9	2
0.0048	0.001	0.9941	13	5	1.28	3
0.9807	0.0028	0.0164	1.7	3.5	5.5	1
0.0102	0.9869	0.0029	4.5	3.5	1.83	2
0.0036	0.2416	0.7548	8.5	4.5	1.4	3
0.933	0.0529	0.0141	1.44	4.2	8	1
0.1652	0.7563	0.0785	1.9	3.3	4.33	2
0.5006	0.0075	0.4919	2.7	3.3	2.6	1
0.0655	0.4559	0.4786	2.1	3.3	3.6	2
0.5395	0.4535	0.007	1.9	3.4	4.2	2
0.917	0.081	0.002	1.4	4.33	9	1
0.4474	0.0652	0.4874	3.5	3.4	2.1	3
0.1266	0.7153	0.1581	1.66	3.6	5.5	3
0.1039	0.3362	0.5599	2.5	3.25	2.87	1
0.9499	0.0025	0.0476	1.5	4	7	1
0.3423	0.0714	0.5863	7	4	1.5	1
0.3058	0.475	0.2191	3.25	3.3	2.25	3
0.0042	0.0005	0.9953	4	3.5	1.9	3
0.0291	0.7402	0.2307	3.6	3.3	2.1	2
0.9759	0.0068	0.0173	1.33	5	10	1
0.2103	0.6424	0.1472	2.37	3.3	3	1
0.0231	0.0325	0.9444	7	4	1.5	3
0.9987	0.0004	0.0009	1.16	7	19	1
0.0414	0.2139	0.7447	3	3.25	2.4	3
0.0036	0.0052	0.9912	2.87	3.3	2.5	3
0.9979	0	0.0021	1.57	4	6	1
0.859	0.1408	0.0002	1.53	4	6.5	1
0.7015	0.29	0.0085	1.2	5.5	12	2
0.0856	0.4622	0.4522	2.25	3.3	3.25	3
0.9992	0.0006	0.0002	1.2	6	17	2
0.7818	0.0576	0.1606	1.61	3.75	6	1
0.9851	0.0112	0.0037	1.75	3.5	5	1
0.002	0.0002	0.9977	2.87	3.25	2.5	3
0.8837	0.0314	0.0848	2.1	3.3	3.6	1
0.9984	0.0004	0.0013	1.25	5.5	13	1
0.0291	0.397	0.5739	5	3.6	1.72	2
0.8964	0.0968	0.0069	1.72	3.6	5	1
0.3591	0.0165	0.6244	2.4	3.25	3	3
0.4367	0.0009	0.5625	2.75	3.25	2.62	1
0.035	0.0159	0.9492	5.5	3.6	1.66	3
0.8133	0.1656	0.0212	1.72	3.6	5	2
0.0111	0.0733	0.9156	7	3.8	1.53	3
0.1447	0.1912	0.6641	1.72	3.6	5	2
0.5344	0.4638	0.0018	1.44	4.2	8	1
0.0068	0.1341	0.859	8	4.5	1.4	3
0.9787	0.0005	0.0207	1.44	4.2	8	1
0.6466	0.1719	0.1815	2	3.4	3.8	2
0.0456	0.1661	0.7884	3.25	3.25	2.25	3
0.0608	0.8217	0.1175	1.61	3.75	6	2
0.4758	0.1837	0.3404	1.9	3.4	4.2	2
0.9387	0.0568	0.0045	1.28	5	13	1
0.6159	0.3539	0.0303	1.9	3.4	4.2	2
0.3528	0.3249	0.3223	1.9	3.3	4.33	1
0.7534	0.1015	0.1451	2.3	3.25	3.2	1
0.9602	0.0391	0.0007	1.22	6	15	1
0.0032	0.3966	0.6002	5	3.6	1.72	2
0.5748	0.1309	0.2942	2.37	3.25	3.1	2
0.9921	0.0003	0.0076	1.25	5.5	13	1
0.4234	0.1444	0.4322	4	3.5	1.9	1
0.406	0.5894	0.0046	1.61	3.5	6.5	2
0.0083	0.3482	0.6434	2.37	3.2	3.1	2
0.8874	0.0498	0.0628	1.3	5	12	1
0.0479	0.0248	0.9273	4.5	3.6	1.8	3
0.0113	0.0656	0.9232	5.25	3.5	1.72	2
0.318	0.0002	0.6819	2.15	3.25	3.5	3
0.0062	0.4299	0.5639	4.5	3.5	1.83	2
0.5391	0.0036	0.4574	2.62	3.25	2.7	1
0.0249	0.9064	0.0686	3.25	3.25	2.25	1
0.0162	0.96	0.0238	2	3.25	4	2
0.7158	0.1097	0.1745	1.83	3.5	4.5	1
0.5837	0.0045	0.4118	2.5	3.25	2.87	3
0.0017	0.0072	0.9911	6.5	4	1.53	3
0.9495	0.0452	0.0053	1.53	4	6.5	1
0.8121	0.0757	0.1121	1.9	3.4	4.2	1
0.3558	0.002	0.6422	2.1	3.3	3.6	1
0.741	0.2522	0.0069	1.8	3.6	4.5	2
0.1479	0.8066	0.0455	1.9	3.2	4.5	2
0.5063	0.0195	0.4742	1.28	5	13	3
0.7987	0.1833	0.018	1.33	4.75	11	1
0.0047	0.5452	0.4502	7	4	1.5	2
0.0033	0.0676	0.929	2.7	3.25	2.62	3
0.1214	0.8305	0.0481	1.4	4.2	9.5	1
0.0058	0.2143	0.7799	7	4	1.5	3
0.8953	0.0013	0.1034	1.61	3.75	6	1
0.9974	0.0022	0.0003	1.61	3.75	6	1
0.5437	0.3089	0.1474	1.83	3.5	4.5	1
0.019	0.0003	0.9807	3.1	3.25	2.37	3
0.3034	0.0407	0.6559	2.4	3.25	3	3
0.2203	0.6379	0.1417	1.57	3.8	6.5	2
0.2413	0.3847	0.374	3.75	3.5	2	1
0.0016	0.6011	0.3973	3.25	3.3	2.25	2
0.0027	0.0002	0.9971	10	5	1.33	3
0.0151	0.5095	0.4755	1.8	3.5	4.75	2
0.6606	0.018	0.3214	1.83	3.5	4.5	3
0.0439	0.0099	0.9462	2.6	3.3	2.75	3
0.0255	0.0614	0.913	4.5	3.5	1.83	3
0.1666	0.2182	0.6152	4.5	3.6	1.8	3
0.8372	0.007	0.1558	1.83	3.5	4.5	1
0.9659	0.0083	0.0258	1.44	4.33	7.5	1
0.3957	0.5959	0.0084	1.53	4	6.5	2
0.9968	0.001	0.0022	1.36	4.5	10	1
0.7412	0.0001	0.2587	2.5	3.25	2.87	1
0.0079	0.003	0.9891	3.5	3.4	2.1	3
0.9562	0.0281	0.0157	1.8	3.6	4.5	1
0.0109	0.2225	0.7666	6.5	3.8	1.57	2
0.1065	0.8703	0.0232	1.61	3.75	6	2
0.9938	0.0058	0.0004	1.1	9	26	1
0.7872	0.2014	0.0114	1.83	3.5	4.5	1
0.0294	0.9576	0.013	1.25	5.5	13	2
0.0019	0.0153	0.9828	17	7	1.16	3
0.9933	0.0001	0.0066	1.25	5.5	13	1
0.1863	0.7277	0.086	2.37	3.25	3.1	1
0.0064	0.0006	0.9929	8	4.2	1.44	3
0.8321	0.0062	0.1617	2.5	3.3	2.87	1
0.2655	0.0002	0.7343	3.5	3.4	2.1	1
0.1208	0.0278	0.8514	2.6	3.3	2.7	1
0.8271	0.0633	0.1096	2.25	3.3	3.25	1
0.0033	0.9231	0.0736	2.2	3.25	3.4	2
0.9938	0.0003	0.006	1.16	7	17	1
0.0129	0.6592	0.3279	3.6	3.3	2.1	2
0.4733	0.2269	0.2999	1.57	3.8	6.5	3
0.6961	0.1593	0.1446	1.72	3.6	5	1
0.143	0.7788	0.0782	2.37	3.3	3	2
0.7882	0.1859	0.0259	1.72	3.6	5	2
0.9948	0.0051	0.0001	1.44	4.2	8	1
0.1497	0.572	0.2783	1.8	3.5	4.75	1
0.9342	0.0452	0.0206	2	3.5	3.75	1
0.9583	0.0045	0.0372	1.9	3.5	4	1
0.4735	0.3953	0.1312	2.2	3.2	3.5	1
0.8618	0.0099	0.1283	2	3.3	4	1
0.195	0.2309	0.5741	2.4	3.3	3	1
0.2425	0.3664	0.391	5	3.6	1.72	3
0.0001	0.9996	0.0003	3	3.3	2.4	2
0.9971	0.0001	0.0028	1.3	5	12	1
0.9766	0.0089	0.0144	1.8	3.6	4.5	1
0.0256	0.4115	0.5629	2.4	3.3	3	2
0.4353	0.0052	0.5595	2.25	3.3	3.25	1
0.8157	0.1732	0.0112	1.3	5	12	1
0.9172	0.0025	0.0804	1.72	3.6	5	1
0.3269	0.0443	0.6288	1.66	3.6	5.5	3
0.1018	0.7799	0.1183	2.1	3.2	3.75	2
0.4709	0.4013	0.1277	1.66	3.6	5.5	1
0.0328	0.9639	0.0033	2.4	3.4	2.87	2
0.123	0.0096	0.8674	2.3	3.3	3.2	3
0.0021	0.0173	0.9807	5	3.6	1.72	3
0.4781	0.0008	0.5211	1.8	3.6	4.5	1
0.6563	0.0662	0.2775	2.1	3.3	3.6	1
0.9878	0.0119	0.0003	1.25	5.5	13	1
0.1322	0.771	0.0968	8.5	4.5	1.4	2
0.0017	0.0088	0.9894	2.25	3.3	3.25	3
0.0017	0.637	0.3612	3	3.3	2.4	2
0.6457	0.1981	0.1561	2.1	3.4	3.5	1
0.0051	0.0185	0.9764	6	4	1.57	3
0.6757	0.2741	0.0503	2.2	3.3	3.4	2
0.4079	0.1237	0.4684	1.9	3.4	4.33	3
0.0113	0.0002	0.9885	2.2	3.3	3.4	3
0.0784	0.9103	0.0113	1.66	3.6	5.5	2
0.9729	0.0117	0.0154	1.5	4	7	1
0.6053	0.026	0.3687	1.83	3.5	4.5	1
0.7712	0.2102	0.0186	1.22	6	15	2
0.025	0.4649	0.5101	3.8	3.4	2	3
0.992	0.0006	0.0074	1.33	5	10	1
0.0781	0.899	0.0229	6	4	1.57	2
0.2275	0.0013	0.7712	3.4	3.25	2.2	3
0.6387	0.1895	0.1718	2.1	3.3	3.6	3
0.9996	0.0002	0.0002	1.36	5	8.5	1
0.0897	0.844	0.0663	2.62	3.3	2.7	2
0.9932	0.0059	0.0009	1.8	3.3	5	1
0.3408	0.0179	0.6413	2.37	3.3	3	1
0.972	0.01	0.018	1.83	3.5	4.5	1
0.0002	0.9959	0.0039	2.75	3.25	2.6	2
0.2497	0.538	0.2123	2.5	3.1	3	1
0.2969	0.263	0.44	1.83	3.5	4.5	3
0.7679	0.0353	0.1969	2.3	3.1	3.4	1
0.267	0.4585	0.2745	1.9	3.5	4	2
0.0091	0.5676	0.4233	2.5	3.3	2.87	2
0.4972	0.2817	0.221	2.1	3.2	3.75	2
0.2035	0.5559	0.2406	2.25	3.3	3.25	2
0.2415	0.0569	0.7016	2.1	3.3	3.6	3
0.0037	0.027	0.9693	13	5.5	1.25	3
0.1937	0.3642	0.4421	1.53	3.8	7	3
0.9975	0.0021	0.0003	1.25	5.5	13	1
0.6026	0.1226	0.2749	1.57	4	6	1
0.7311	0.0121	0.2568	2.2	3.4	3.25	1
0.9882	0.0003	0.0116	1.16	7	17	1
0.6548	0.0565	0.2887	2	3.5	3.75	1
0.364	0.1198	0.5162	2.2	3.4	3.25	3
0.5755	0.1917	0.2328	1.66	3.6	5.5	1
0.99	0.0086	0.0014	1.66	3.6	5.5	1
0.0429	0.0017	0.9554	6	4.2	1.53	3
0.168	0.0376	0.7944	2	3.6	3.6	1
0.6502	0.3471	0.0027	1.14	8	17	2
0.0023	0.0043	0.9934	5.5	4.2	1.57	3
0.2571	0.4837	0.2592	1.8	3.5	4.75	1
0.6735	0.0736	0.2529	2.1	3.3	3.6	1
0.4027	0.222	0.3753	3.3	3.6	2.1	3
0.0121	0	0.9879	4.33	3.75	1.8	3
0.017	0.4336	0.5494	2.62	3.4	2.62	3
0.2328	0.5335	0.2336	3.2	3.5	2.2	2
0.0184	0.2034	0.7781	12	6.5	1.22	3
0.9021	0.0932	0.0047	1.2	6.5	15	1
0.9993	0.0006	0.0001	1.83	3.5	4.5	1
0.4108	0.3101	0.2792	2	3.3	4	3
0.999	0.0003	0.0007	2.6	3.2	2.8	1
0.2366	0.4573	0.3061	3.2	3.4	2.25	1
0.0086	0.001	0.9904	5.5	3.6	1.67	3
0.4454	0.1648	0.3898	1.91	3.4	4.2	1
0.5548	0.0004	0.4448	1.91	3.4	4.33	1
0.9884	0.0102	0.0014	1.33	5	10	1
0.4187	0.5701	0.0112	1.29	5.5	11	2
0.0001	0.9997	0.0002	1.57	3.75	7	2
0.4769	0	0.5231	6.5	3.75	1.57	1
0.9709	0.0209	0.0082	1.36	4.5	10	1
0.7036	0.0214	0.275	1.8	3.5	4.75	1
0.9956	0.0011	0.0033	5	3.6	1.73	1
0.3186	0.0059	0.6755	1.5	4	7	3
0.197	0.2498	0.5533	2.88	3.25	2.5	3
0.9433	0.0025	0.0543	2.3	3.25	3.2	1
0.0024	0.0143	0.9833	8.5	4.5	1.4	3
0.0827	0.1078	0.8095	4.8	3.4	1.8	3
0.6116	0.3831	0.0053	1.44	4	9	1
0.5549	0.4449	0.0002	1.83	3.5	4.5	2
0.6259	0.0026	0.3716	2.1	3.3	3.75	3
0.0283	0.0003	0.9714	2.5	3.25	2.88	3
0.995	0	0.0049	1.57	3.6	7	1
0.8388	0.0016	0.1596	2.5	3.25	2.88	1
0.023	0.4908	0.4862	3	3.25	2.4	2
0.1843	0.8034	0.0123	1.4	4.33	9	2
0.0136	0	0.9864	2.2	3.3	3.4	3
0.4162	0.1392	0.4446	4.5	3.5	1.83	3
0.8739	0.0353	0.0908	2.25	3.3	3.3	1
0.6531	0.0056	0.3413	3	3	2.6	1
0.0045	0.0001	0.9954	4.33	3.3	1.91	3
0.004	0.0017	0.9943	1.62	3.75	5.75	3
0.2677	0.2633	0.4691	2	3.5	3.75	1
0.2862	0.0011	0.7126	2.4	3.25	3	1
0.6379	0.1544	0.2078	2.05	3.3	4	2
0.0024	0.0003	0.9973	3.4	3.4	2.2	3
0.0307	0.6366	0.3328	2.1	3.3	3.6	3
0.3825	0.414	0.2036	2.1	3.3	3.6	1
0.5418	0.0049	0.4533	6.5	3.75	1.57	3
0.0143	0.9857	0	1.2	6.5	15	2
0.6479	0.0054	0.3467	2.38	3.1	3.2	1
0.2468	0.7185	0.0347	2.1	3.3	3.6	1
0.0793	0.8239	0.0968	2.2	3.1	3.6	2
0.0037	0.9929	0.0035	3.1	3.4	2.3	2
0.8455	0.0032	0.1513	2	3.3	4	1
0.417	0.5639	0.0191	1.73	3.6	5	2
0.0047	0.2254	0.7699	3.25	3.3	2.25	3
0.0061	0.1809	0.813	1.2	6	17	3
0.8877	0.0773	0.035	1.57	3.75	6.5	1
0.0126	0.1086	0.8788	3.75	3.25	2.1	3
0.2278	0.0002	0.772	2.3	3.25	3.2	3
0.8768	0.1153	0.0079	1.22	6	15	1
0.5501	0.0757	0.3742	1.8	3.4	5	3
0.2167	0.0001	0.7832	2.6	3.3	2.75	3
0.0041	0.0001	0.9959	9	4.75	1.36	3
0.2495	0.0065	0.7441	2.5	3.25	3	1
0.9095	0.0539	0.0366	3	3.3	2.38	1
0.3196	0.2714	0.409	6	3.75	1.62	3
0.0104	0.0636	0.926	6	3.75	1.62	2
0.5044	0.0016	0.4941	2.25	3.25	3.25	1
0.3265	0.0469	0.6266	2.1	3.3	3.6	3
0.0515	0.8987	0.0498	1.5	4	7	1
0.2723	0.5928	0.1348	1.73	3.6	5	2
0.0057	0.0025	0.9918	3.2	3.3	2.25	3
0.9983	0.0003	0.0014	1.67	3.4	6	1
0.0008	0.0048	0.9943	1.73	3.75	4.75	3
0.1944	0.0875	0.7181	1.83	3.4	4.75	3
0.6764	0.0143	0.3093	1.36	4.5	10	1
0.1209	0.7039	0.1751	1.83	3.25	5	2
0.1874	0.4419	0.3707	2.4	3.25	3	2
0.3689	0.4855	0.1456	2.25	3.25	3.3	2
0.9797	0.0196	0.0007	1.4	4.33	9	1
0.9311	0.0682	0.0007	1.2	6.5	15	1
0.3543	0	0.6457	6	3.7	1.62	3
0.9944	0.0031	0.0025	2.62	3.25	2.75	1
0.9971	0.0002	0.0027	3.25	3.3	2.25	1
0.0703	0.2118	0.7179	3	3.25	2.4	2
0.9728	0.0074	0.0197	2.1	3.25	3.75	2
0.0168	0.38	0.6032	7.5	4	1.5	2
0.2507	0.3546	0.3947	2.2	3.3	3.4	1
0.002	0.0002	0.9978	2.2	3.3	3.4	3
0.2322	0.418	0.3498	1.91	3.25	4.5	3
0.9971	0.0002	0.0026	1.44	4.33	7.5	1
0.444	0.3036	0.2524	1.83	3.5	4.5	2
0.2276	0.0221	0.7504	2.05	3.3	4	1
0.4566	0.0033	0.54	6	3.75	1.62	3
0.244	0.011	0.745	2.6	3.3	2.75	3
0.9026	0.0731	0.0243	1.83	3.5	4.5	1
0.5748	0.421	0.0042	1.44	4.5	7.5	2
0.8963	0.0793	0.0245	1.67	3.75	5.5	1
0.0292	0.0254	0.9454	2.6	3.3	2.75	3
0.7919	0.1921	0.0161	2.38	3.3	3	1
0.0262	0.0006	0.9733	8	4.33	1.44	3
0.9173	0.0764	0.0064	1.33	5	10	1
0.9906	0.0006	0.0088	1.2	6	19	1
0.5059	0.002	0.4921	2.88	3.3	2.5	1
0.989	0.0024	0.0086	2.6	3.3	2.75	1
0.8821	0.107	0.0109	1.17	6.5	21	1
0.6567	0.0515	0.2919	1.67	3.75	5.5	1
0.9779	0.0005	0.0216	1.17	7	17	1
0.422	0.0641	0.5139	2	3.3	4	2
0.5623	0.0058	0.4319	1.91	3.4	4.2	3
0.9956	0.0004	0.004	8	4.5	1.4	1
0.086	0.0806	0.8334	3.5	3.3	2.1	1
0.3274	0.298	0.3746	2.5	3.3	2.88	2
0.4361	0.292	0.2718	3	3.3	2.38	1
0.3659	0.013	0.621	3	3.3	2.38	1
0.294	0.3469	0.3591	3.25	3.25	2.3	1
0.043	0.0015	0.9555	2.25	3.25	3.4	3
0.9931	0.006	0.0009	1.2	6	19	1
0.0527	0.0049	0.9424	2.38	3.3	3	3
0.2249	0.0044	0.7707	2.6	3.25	2.8	3
0.001	0.9917	0.0072	1.8	3.4	5	2
0.4408	0.2596	0.2996	1.7	3.8	5	3
0.0116	0.0024	0.9861	8	4.33	1.44	3
0.9515	0.0232	0.0252	2.38	3.25	3.1	1
0.1947	0.0028	0.8024	2.25	3.3	3.3	3
0.7913	0.1337	0.0751	1.5	4	7	3
0.8043	0.0119	0.1837	2	3.4	3.8	3
0.0249	0.004	0.9711	6	3.75	1.62	3
0.3178	0.1477	0.5345	3.3	3.3	2.25	1
0.982	0.0138	0.0042	1.14	7.5	23	1
0.2594	0.4188	0.3218	2.1	3.3	3.6	2
0.0043	0.0011	0.9947	12	5	1.3	3
0.0031	0.4095	0.5873	2.5	3.25	2.88	2
0.2723	0.6536	0.0741	1.83	3.5	4.5	2
0.0043	0.9939	0.0017	2.88	3.25	2.5	2
0.1105	0.5452	0.3442	5	3.6	1.73	2
0.665	0.3238	0.0112	1.2	6	19	2
0.5044	0.4679	0.0277	1.25	5.5	15	2
0.2994	0.001	0.6996	3.25	3.4	2.2	1
0.4639	0.0869	0.4491	1.91	3.4	4.33	3
0.003	0.9913	0.0056	1.8	3.6	4.5	2
0.9998	0	0.0002	2.2	3.3	3.4	1
0.1498	0.066	0.7842	2.1	3.4	3.5	3
0.2298	0.6828	0.0873	1.73	3.75	4.75	1
0.2993	0.1546	0.5461	2.5	3.3	2.88	1
0.012	0.9844	0.0036	1.57	3.8	6.5	2
0.0063	0.9912	0.0024	2.2	3.3	3.4	2
0.0027	0.9946	0.0027	2.4	3.4	2.88	2
0.0638	0.0034	0.9328	2.25	3.3	3.3	3
0.9486	0.0011	0.0503	1.73	3.6	5	1
0.3995	0.2436	0.3568	1.8	3.4	5	3
0.4311	0.0082	0.5606	4.33	3.6	1.83	3
0.6457	0.3249	0.0294	2.1	3.3	3.6	1
0.3126	0.0004	0.687	1.91	3.5	4	3
0.8118	0.1828	0.0054	1.3	5	12	2
0.7688	0.1984	0.0328	1.33	4.75	11	1
0.0033	0.0063	0.9904	5.5	3.5	1.73	3
0.0105	0.0132	0.9764	7	3.8	1.53	3
0.095	0.8673	0.0376	2.6	3.2	2.8	2
0.923	0.0679	0.009	2.38	3.25	3.1	1
0.9924	0.0069	0.0007	1.14	7.5	23	1
0.0001	0.9987	0.0013	1.8	3.5	4.75	2
0.1461	0.0247	0.8292	2.62	3.25	2.75	3
0.1579	0.6453	0.1968	2.62	3.25	2.75	2
0.0275	0.1281	0.8445	2.75	3.25	2.62	3
0.1602	0.7148	0.125	1.67	3.6	5.5	1
0.0006	0.9994	0.0001	1.33	5	10	2
0.1485	0.0006	0.851	2	3.4	3.8	3
0.2723	0.6933	0.0344	4.5	3.6	1.8	2
0.0001	0.9997	0.0002	2.5	3.25	2.88	2
0.9978	0.0013	0.0009	2	3.4	3.8	1
0.1125	0.5155	0.3721	4.5	3.5	1.83	2
0.9381	0.0343	0.0277	2.1	3.3	3.6	1
0.6426	0.3486	0.0088	1.25	5.5	15	2
0.1867	0.4873	0.326	2.05	3.2	3.4	3
0.8098	0.0256	0.1646	1.83	3.5	4.5	1
0.6086	0.0127	0.3788	2.2	3.25	3.4	1
0.76	0.1768	0.0632	2.2	3.25	3.5	1
0.0113	0.0008	0.9879	2.1	3.25	3.75	3
0.0572	0.0041	0.9386	3	3.4	2.37	3
0.239	0.4876	0.2733	2.4	3.25	3	2
0.8536	0.0249	0.1215	2.37	3.4	3	1
0.3926	0.5958	0.0115	3.25	3.3	2.25	1
0.0131	0.8696	0.1173	5	3.6	1.73	2
0.3669	0.3245	0.3086	2.5	3.3	2.87	2
0.9856	0.0027	0.0117	1.14	7.5	21	1
0.8336	0.0076	0.1588	1.33	4.5	12	1
0.8203	0.1419	0.0378	1.8	3.6	4.5	1
0.0212	0.0083	0.9705	2.5	3.3	2.87	3
0.565	0.4149	0.02	2.2	3.25	3.4	3
0.0355	0.4122	0.5522	12	5	1.3	3
0.1229	0.3897	0.4874	2.25	3.25	3.3	2
0.014	0.9811	0.0049	1.72	3.6	5	2
0.582	0.3231	0.0949	2.25	3.3	3.25	1
0.0829	0.9104	0.0068	1.4	4.5	10	1
0.5509	0.4429	0.0062	2.62	3.3	2.87	2
0.2412	0.0007	0.7581	2.3	3.25	3.4	3
0.9829	0.0095	0.0076	1.8	3.6	5	1
0.0038	0.9099	0.0863	6.5	3.75	1.61	2
0.098	0.0271	0.8748	5	3.6	1.8	3
0.4982	0.0011	0.5007	3.5	3.4	2.2	1
0.91	0.0856	0.0045	1.72	3.6	5.5	1
0.9807	0.014	0.0053	1.2	6.5	19	1
0.0025	0.0017	0.9958	4.33	3.6	1.91	3
0.9051	0.0023	0.0926	1.36	4.33	11	1
0.7098	0.2812	0.009	1.4	4.33	9	1
0.3473	0.6519	0.0008	1.62	3.75	6	1
0.1032	0.3507	0.5461	2.25	3.2	3.4	2
0.0124	0.9822	0.0055	2.2	3.3	3.4	2
0.0006	0.9977	0.0016	10	4.5	1.36	2
0.771	0.029	0.2	2.2	3.2	3.5	1
0.9785	0.0013	0.0202	2.5	3.25	2.88	1
0.9596	0.0003	0.0401	1.2	6	15	1
0.6701	0.124	0.2059	2	3.4	3.8	1
0.1425	0.003	0.8545	8	3.8	1.5	3
0.7074	0.2904	0.0022	1.2	6.5	15	1
0.3436	0.053	0.6034	5.5	4	1.62	3
0.576	0.0095	0.4145	2	3.4	3.75	1
0.0135	0.0023	0.9842	3.25	3.25	2.25	3
0.8733	0.0963	0.0304	2.38	3.3	3	1
0.0845	0.8878	0.0277	1.73	3.6	5	2
0.6422	0.3264	0.0314	2.1	3.3	3.6	1
0.3693	0.5545	0.0763	1.62	3.75	6	2
0.0112	0.0172	0.9716	3.25	3.4	2.3	3
0.0295	0.8673	0.1031	2.25	3.3	3.5	1
0.6128	0.276	0.1112	1.61	3.8	6.5	1
0.0037	0.0061	0.9902	10	5	1.36	3
0.5764	0.1302	0.2934	2	3.25	4.5	2
0.9915	0.0006	0.008	1.25	6	15	1
0.1521	0.6984	0.1494	3	3.3	2.5	2
0.991	0.003	0.0059	1.75	3.75	5	1
0.9639	0.0022	0.0339	1.83	3.6	4.75	1
0.0326	0.6356	0.3318	5	3.5	1.83	2
0.4329	0.5138	0.0533	1.5	4.2	7	2
0.3737	0.4133	0.213	1.61	3.7	6	2
0.2821	0.0013	0.7166	2.75	3.3	2.62	1
0.7266	0.2617	0.0116	2	3.3	4	1
0.1481	0.8286	0.0234	2.2	3.2	3.5	2
0.7905	0.0149	0.1946	1.36	4.5	10	1
0.0039	0.9487	0.0474	2.5	3.3	2.87	2
0.3225	0.6067	0.0708	3.25	3.3	2.25	1
0.2777	0.6188	0.1035	2.5	3.1	3.1	1
0.1888	0.6992	0.112	2.6	3.2	2.8	2
0.0074	0.0025	0.9901	2.87	3.3	2.5	3
0.51	0.4893	0.0007	1.2	6	19	2
0.9063	0.0492	0.0445	1.72	3.4	5.5	1
0.9785	0.0002	0.0214	1.61	3.75	6	1
0.0417	0.0094	0.949	5	3.3	1.8	3
0.9767	0.0003	0.023	1.83	3.5	4.5	1
0.0065	0.0001	0.9934	2.25	3.3	3.25	3
0.1849	0.7878	0.0273	2	3.4	3.8	2
0.0005	0.999	0.0005	3	3.3	2.4	2
0.3818	0.0003	0.6178	6.5	3.75	1.57	3
0.422	0.0264	0.5516	2.87	3.25	2.5	1
0.9968	0.0012	0.002	1.25	5.5	13	1
0.2807	0.7022	0.0171	1.4	4.33	9	2
0.2043	0.6214	0.1742	3.3	3.3	2.25	3
0.7702	0.0159	0.2139	2.3	3.3	3.1	1
0.9829	0.0032	0.0138	1.25	5.5	13	1
0.0896	0.7958	0.1146	2.4	3.25	3	2
0.0022	0.9851	0.0127	2.5	3.25	2.87	2
0.8259	0.1487	0.0254	1.8	3.5	4.75	1
0.2291	0.7466	0.0243	1.57	3.75	7	2
0.0356	0.8336	0.1308	2.87	3.25	2.5	2
0.381	0.001	0.618	3	3.3	2.37	3
0.1604	0.8362	0.0034	1.4	4.33	9	2
0.872	0.1238	0.0042	1.28	5	13	1
0.9474	0.0478	0.0048	1.5	4	7.5	1
0.053	0.8447	0.1023	5.5	3.5	1.72	1
0.1922	0.779	0.0288	1.4	4	10	2
0.6454	0.0002	0.3544	2	3.3	4	1
0.0013	0.4028	0.5959	2.87	3.25	2.5	3
0.6269	0.0105	0.3626	2.5	3.25	2.87	1
0.1002	0.8804	0.0194	1.4	4.33	9.5	1
0.0145	0.0047	0.9808	6.5	3.75	1.57	3
0.2863	0.0125	0.7012	6.5	3.75	1.57	3
0.0184	0.9534	0.0282	2.5	3.25	2.9	2
0.2641	0.0073	0.7286	1.66	3.6	5.75	3
0.5484	0.0002	0.4514	2.5	3.3	2.87	1
0.0016	0.0176	0.9808	7.5	4	1.5	3
0.535	0.0232	0.4418	2.5	3.25	2.9	1
0.9131	0.0785	0.0084	1.83	3.5	4.5	1
0.2318	0.4083	0.36	2.2	3.3	3.4	3
0.3961	0.3427	0.2612	2.87	3.3	2.5	2
0.0735	0.3302	0.5962	2.25	3.2	3.4	3
0.1308	0.7426	0.1266	1.44	4.33	8	1
0.3584	0.0383	0.6033	2.1	3.25	3.75	3
0.9939	0.0044	0.0017	1.5	4	7.5	1
0.4937	0.5032	0.0031	2.62	3.25	2.75	2
0.5781	0.0062	0.4157	1.91	3.3	4.5	3
0.0032	0.9952	0.0016	2.2	3.2	3.5	2
0.2245	0.2611	0.5144	2.2	3.2	3.5	3
0.2866	0.431	0.2825	2	3.3	4	3
0.9886	0.0084	0.003	1.4	4.5	9	1
0.8283	0.1558	0.0158	1.67	3.6	5.75	2
0.0021	0.91	0.0879	1.9	3.4	4.33	2
0.1386	0.0001	0.8614	8	4.2	1.44	1
0.0104	0.6671	0.3224	5	3.6	1.72	3
0.4041	0.0151	0.5808	2.75	3.2	2.62	1
0.9103	0.0011	0.0887	2.25	3.3	3.3	1
0.558	0.0715	0.3705	4.5	3.5	1.83	1
0.0005	0.8716	0.1279	2.4	3.3	3	2
0.8764	0.0619	0.0616	1.44	4.2	8	1
0.9917	0.007	0.0013	1.66	3.6	5.5	1
0.9927	0.0046	0.0027	1.72	3.6	5	1
0.5327	0.3875	0.0798	1.53	3.75	7.5	1
0.2096	0.7013	0.0892	2.62	3.25	2.75	1
0.9805	0.0036	0.0159	2.1	3.3	3.6	1
0.2606	0.001	0.7385	6	3.75	1.61	3
0.0002	0.9996	0.0002	2.62	3.25	2.75	2
0.0463	0.0218	0.9319	5	3.6	1.72	3
0.0019	0.0026	0.9955	2.2	3.25	3.4	3
0.8231	0.1652	0.0117	2.1	3.2	3.75	1
0.7773	0.2024	0.0203	1.72	3.4	5.5	1
0.9919	0.0005	0.0075	1.4	4.33	9	1
0.9102	0.0851	0.0047	1.25	5.5	15	1
0.98	0.0086	0.0114	1.33	4.75	11	1
0.6171	0.0117	0.3712	2.1	3.3	3.75	1
0.361	0.627	0.012	1.73	3.5	5.5	2
0.0039	0.9961	0	2.5	3.25	2.88	2
0.0076	0.0045	0.9879	7.5	4	1.5	3
0.6183	0.3191	0.0626	1.73	3.5	5.5	1
0.0042	0.1995	0.7963	5.25	3.5	1.73	3
0.051	0.9372	0.0118	2.2	3.25	3.5	2
0.3229	0.0394	0.6376	1.91	3.4	4.33	3
0.1889	0.6331	0.178	1.67	3.6	5.5	2
0.2694	0.5202	0.2104	2.25	3.25	3.3	2
0.4051	0.1005	0.4943	2.1	3.3	3.6	1
0.8158	0.002	0.1822	2.4	3.25	3	1
0.9929	0.0026	0.0045	1.91	3.4	4.2	1
0.9066	0.0094	0.0839	1.57	3.8	6.5	1
0.8548	0.1031	0.0421	1.67	3.6	5.5	1
0.0213	0.9461	0.0325	1.72	3.6	5	2
0.0059	0.9938	0.0003	1.44	4.2	8.5	2
0.9868	0.006	0.0072	1.25	5.5	13	1
0.4913	0.0021	0.5066	3.1	3.3	2.37	2
0.9064	0.0075	0.0861	1.83	3.5	4.5	3
0.7369	0.0355	0.2276	1.75	3.5	5	1
0.0046	0.176	0.8193	10	4.5	1.36	3
0.7448	0.01	0.2452	1.44	4	9	1
0.1683	0.2652	0.5665	2.5	3.3	2.87	1
0.0203	0.0023	0.9774	4.75	3.3	1.85	3
0.8063	0.1893	0.0044	1.5	4.2	7.5	1
0.7773	0.0833	0.1395	1.9	3.4	4.2	1
0.0236	0.9475	0.0289	2	3.5	3.75	2
0.1139	0.8575	0.0286	1.53	3.8	7	1
0.2918	0.0037	0.7045	2	3.3	4	1
0.0408	0.0835	0.8757	6.5	3.8	1.57	3
0.0043	0.3452	0.6505	3.2	3.3	2.3	3
0.0106	0.0952	0.8941	2.37	3.25	3.1	3
0.9896	0.0011	0.0093	1.5	4	7	1
0.0654	0.8509	0.0837	2.1	3.25	3.75	2
0.9381	0.0596	0.0023	1.25	5.5	13	1
0.0048	0.2597	0.7354	2.5	3.25	2.9	3
0.9943	0.0011	0.0046	1.53	3.8	7	1
0.1003	0.8219	0.0779	2	3.25	4	1
0.6557	0.2785	0.0658	2.2	3.25	3.5	2
0.2351	0.3453	0.4196	2.3	3.3	3.2	2
0.933	0.0324	0.0346	2.62	3.25	2.75	1
0.0043	0.2355	0.7602	2.1	3.3	3.6	3
0.6701	0.001	0.329	2.4	3.4	2.9	1
0.1353	0.0024	0.8623	6.5	3.8	1.57	3
0.5241	0.022	0.4539	2.6	3.25	2.8	3
0.9722	0.0001	0.0277	1.36	4.75	9.5	1
0.0912	0.8221	0.0867	2	3.4	3.8	1
0.002	0.0031	0.9948	12	5	1.3	3
0.267	0.7016	0.0313	2.2	3.3	3.4	2
0.448	0.3534	0.1986	1.73	3.6	5	1
0.0265	0.9081	0.0654	1.67	3.5	6	2
0.0251	0.9368	0.0381	2.5	3.4	2.75	2
0.0331	0.0157	0.9511	1.91	3.5	4	3
0.9648	0.0337	0.0016	2.2	3.25	3.4	1
0.992	0.0001	0.0079	1.83	3.5	4.5	1
0.9869	0.0035	0.0095	1.3	5	11	1
0.0034	0.0016	0.995	7	5	1.4	3
0.9871	0.0097	0.0033	2.1	3.2	3.75	1
0.8237	0.0001	0.1763	1.33	5	10	1
0.2649	0.611	0.1241	2.3	3.4	3.1	1
0.0557	0.9171	0.0272	1.83	3.5	4.5	2
0.4721	0.0039	0.524	2.1	3.3	3.6	3
0.0015	0.0049	0.9936	3	3.5	2.3	3
0.8325	0.1454	0.0221	1.53	4	6.5	1
0.8755	0.0074	0.1171	1.73	3.6	5	1
0.0035	0.0001	0.9965	4	3.6	1.91	3
0.9562	0.0042	0.0396	2.25	3.4	3.2	1
0.2887	0.1148	0.5965	2.1	3.4	3.5	1
0.4609	0.133	0.4062	1.67	3.6	5.5	3
0.4538	0.045	0.5011	3.6	3.25	2.1	3
0.4869	0.3098	0.2033	2.25	3.25	3.25	3
0.9285	0.071	0.0005	1.17	6.5	21	1
0.1575	0.4066	0.4358	3.2	3.25	2.3	3
0.2138	0.1373	0.6489	2.63	3.2	2.75	3
0.9991	0.0008	0	1.91	3.3	4.33	1
0.0021	0.0005	0.9974	2.63	3.3	2.7	3
0.9932	0.0057	0.0012	1.2	6	17	1
0.4194	0.0005	0.5802	3.2	3.25	2.3	1
0.0041	0	0.9958	6.5	4	1.53	3
0.003	0.0014	0.9956	1.73	3.6	5.25	3
0.8448	0.0873	0.0679	2	3.3	4	1
0.9069	0	0.0931	9.5	5	1.33	1
0.1005	0.0085	0.891	3.75	3.5	2	3
0.7113	0.2742	0.0146	1.25	5.5	13	1
0.9736	0.0239	0.0025	1.17	7	19	1
0.0077	0.8535	0.1388	2.3	3.2	3.25	2
0.0007	0.5158	0.4835	2.6	3.25	2.8	1
0.9846	0.0001	0.0153	1.33	4.5	12	1
0.4498	0.0002	0.55	2.1	3.25	3.75	1
0.0018	0.003	0.9952	6.5	4	1.53	3
0.994	0.0007	0.0052	3.4	3.3	2.2	1
0.0128	0.0059	0.9813	6.5	3.8	1.57	3
0.0391	0.0036	0.9573	3.1	3.25	2.38	3
0.4748	0.3568	0.1684	1.44	4.2	8	3
0.051	0.4162	0.5328	2.2	3.3	3.5	2
0.0059	0.0062	0.9878	7	4	1.53	3
0.9835	0.0006	0.0159	1.14	8	21	1
0.086	0.8018	0.1121	2.2	3.3	3.5	1
0.8983	0.0003	0.1014	2.38	3.25	3.2	1
0.9712	0	0.0288	1.36	4.75	9	1
0.0012	0.989	0.0098	2.1	3.3	3.6	2
0.4076	0.2801	0.3123	1.73	3.6	5.25	1
0.8885	0.0629	0.0485	1.73	3.6	5.25	1
0.1261	0.0002	0.8737	6.5	3.8	1.57	3
0.9786	0.0005	0.0209	1.83	3.5	4.5	1
0.9853	0.0007	0.014	1.2	6.5	15	1
0.5981	0.0005	0.4015	2.88	3.25	2.5	1
0.2637	0.0004	0.736	2.6	3.2	2.8	3
0.0095	0	0.9904	9	4.5	1.4	3
0.9944	0.0013	0.0043	1.75	3.5	5	1
0.0422	0.0016	0.9562	3.1	3.4	2.3	3
0.3501	0.0017	0.6483	2.3	3.25	3.25	1
0.0024	0.0383	0.9593	3.4	3.25	2.25	3
0.3803	0.004	0.6157	2.6	3.2	2.8	1
0.9989	0.0001	0.0011	1.25	5.5	13	1
0.9843	0.0102	0.0055	1.4	4.2	10	1
0.1909	0.5086	0.3005	2.1	3.25	3.75	2
0.9974	0.0001	0.0025	2.88	3.25	2.5	1
0.0055	0.0001	0.9945	2.4	3.25	3	3
0.0999	0.0001	0.9001	6.5	4	1.53	3
0.9239	0.0121	0.064	1.5	4	7	1
0.9089	0.0744	0.0167	1.8	3.3	5	1
0.7291	0.005	0.2658	1.57	4	6	1
0.9818	0.0004	0.0178	2.5	3.25	2.88	1
0.597	0.0102	0.3928	2.2	3.25	3.4	3
0.1127	0.0249	0.8624	3.1	3.25	2.38	1
0.2515	0.0011	0.7474	6.5	4	1.53	3
0.9532	0.0459	0.0009	1.14	7.5	23	1
0.2761	0.0001	0.7238	4.2	3.4	1.91	3
0.0261	0	0.9738	8.5	4.5	1.4	3
0.9932	0	0.0068	1.33	5	10	1
0.0512	0.0001	0.9487	10	5	1.33	1
0.99	0	0.01	1.73	3.6	5	1
0.9934	0.0037	0.0029	1.44	4.33	7.5	1
0.2804	0.4199	0.2996	3.8	3.6	1.95	2
0.9972	0	0.0028	2.3	3.25	3.2	1
0.013	0	0.987	2.88	3.3	2.5	1
0.953	0.0432	0.0038	1.2	6.5	15	2
0.0291	0.002	0.9689	2	3.4	3.8	3
0.9803	0.0003	0.0194	1.2	6.5	15	1
0.6936	0.0005	0.3059	2.1	3.3	3.6	1
0.1781	0.8016	0.0203	1.57	4	6	2
0.604	0.0527	0.3432	2.2	3.25	3.4	2
0.363	0.2059	0.4312	2.75	3.25	2.63	2
0.9889	0.0091	0.002	1.17	7	19	1
0.6391	0.1322	0.2287	4.5	3.6	1.8	1
0.0583	0.9089	0.0328	1.44	4.2	6.5	2
0.9897	0.0015	0.0089	1.2	5.5	13	1
0.0077	0.0003	0.992	4.5	3.5	1.83	3
0.6037	0.0004	0.396	2.1	3.3	3.6	1
0.4807	0	0.5193	4.2	3.4	1.91	1
0.9958	0.0003	0.0039	1.73	3.6	5	1
0.4601	0.314	0.2259	5	3.6	1.73	2
0.3347	0.0003	0.665	1.67	3.6	5.5	1
0.3809	0.1394	0.4796	2.9	3.25	2.5	1
0.0145	0	0.9854	2.5	3.3	2.88	3
0.9857	0.0001	0.0142	1.2	6.5	15	1
0.2118	0.6597	0.1285	2.6	3.2	2.8	2
0.4672	0.0126	0.5202	1.44	4.33	7.5	3
0.0011	0.9925	0.0064	3.5	3.2	2.2	2
0.3873	0.0049	0.6079	2.63	3.25	2.75	1
0.3476	0.0001	0.6522	3	3.25	2.4	1
0.6147	0.3606	0.0248	1.44	4.2	8	2
0.0058	0.1682	0.826	7	4.2	1.5	2
0.5117	0.2648	0.2235	1.57	4	6	1
0.0081	0.0274	0.9645	9	4.33	1.4	3
0.9993	0.0001	0.0006	1.91	3.4	4.2	1
0.0126	0.9284	0.059	2.5	3.25	2.88	2
0.6215	0.0003	0.3782	4.2	3.4	1.91	1
0.9845	0.0024	0.013	1.17	7	19	1
0.3897	0.0001	0.6102	2.38	3.3	3	1
0.0119	0.9809	0.0072	1.91	3.4	4.2	2
0.4474	0.3161	0.2364	2	3.3	4	2
0.1251	0.6237	0.2512	4.33	3.6	1.83	2
0.1422	0.5804	0.2775	2.75	3.3	2.63	1
0.6411	0.2169	0.142	1.8	3.5	4.75	1
0.9493	0.0219	0.0288	2.1	3.4	3.6	1
0.0475	0.9483	0.0042	1.33	4.75	11	2
0.7038	0.0064	0.2897	1.57	3.75	6.5	1
0.0038	0.0209	0.9753	9	4.75	1.36	3
0.4141	0.0057	0.5802	2	3.25	4	1
0.2066	0.5427	0.2507	2.75	3.3	2.6	1
0.1495	0.0289	0.8216	2.4	3.3	3	3
0.0147	0.9757	0.0095	2.25	3.2	3.4	2
0.0411	0.9519	0.007	1.36	4.5	10	2
0.0202	0.9668	0.013	2.5	3.2	2.9	1
0.0151	0.7183	0.2666	3.4	3.3	2.2	2
0.9891	0.0025	0.0083	1.17	7	19	1
0.235	0.5912	0.1738	2.88	3.25	2.5	2
0.0115	0.9882	0.0003	1.91	3.4	4.2	2
0.9901	0.0085	0.0014	1.4	4.5	9	1
0.1945	0.2584	0.5471	6	3.75	1.62	1
0.3757	0.0166	0.6077	2.25	3.2	3.4	3
0.7519	0.1014	0.1467	2.1	3.4	3.5	1
0.9064	0.0073	0.0864	1.44	4.33	8	1
0.5068	0.001	0.4922	2.1	3.3	3.6	1
0.0421	0.2388	0.7191	3.5	3.3	2.15	1
0.3892	0.4365	0.1743	2.5	3.25	2.88	2
0.0635	0.8282	0.1083	1.91	3.4	4.2	2
0.7306	0.1898	0.0796	1.91	3.5	4.2	2
0.0574	0.9176	0.025	1.29	5.5	11	2
0.0326	0.0001	0.9673	10	4.5	1.36	3
0.9572	0.0357	0.0072	1.8	3.6	4.5	1
0.7172	0.096	0.1867	2.4	3.4	2.9	1
0.5401	0.0001	0.4598	2.7	3.2	2.7	3
0.187	0.0486	0.7643	3.5	3.4	2.1	3
0.0024	0.006	0.9916	2.4	3.2	3.1	3
0.8945	0.0277	0.0778	1.29	5	13	1
0.9834	0.0147	0.0019	1.44	4.33	7.5	1
0.0543	0.3903	0.5553	5.25	3.8	1.67	2
0.7421	0.054	0.2039	4.2	3.4	1.91	1
0.9876	0.0002	0.0122	1.91	3.4	4.2	1
0.3101	0.0017	0.6883	8	4.2	1.44	3
0.1163	0.0959	0.7878	2.1	3.3	3.6	3
0.9831	0.0091	0.0078	2.38	3.25	3.1	1
0.0098	0.9847	0.0055	2.88	3.25	2.5	2
0.8198	0.1139	0.0664	2.1	3.3	3.6	1
0.0741	0.3242	0.6017	2.1	3.3	3.6	1
0.017	0.4466	0.5364	4.5	3.6	1.8	2
0.0002	0.9996	0.0002	2.63	3.25	2.75	2
0.6208	0.3773	0.0019	1.25	5.5	15	2
0.0108	0.3497	0.6395	2.8	3.25	2.6	2
0.4375	0.1827	0.3799	1.5	4.2	7	3
0.3199	0.6778	0.0023	2.1	3.3	3.6	2
0.1306	0.4773	0.3921	1.8	3.5	4.75	2
0.1903	0.0039	0.8058	1.25	5.75	13	3
0.1024	0.7619	0.1357	2.2	3.3	3.4	3
0.7958	0.0036	0.2006	2.2	3.25	3.4	1
0.762	0.1815	0.0565	2.25	3.3	3.25	1
0.9968	0.0019	0.0013	1.17	7	19	1
0.0426	0.387	0.5704	2.88	3.3	2.5	3
0.0006	0.9989	0.0005	7	4.2	1.5	2
0.8979	0.0985	0.0036	1.14	8	19	1
0.8355	0.1592	0.0053	1.33	4.75	11	1
0.7282	0.0116	0.2603	2.25	3.3	3.25	1
0.9572	0.0004	0.0424	1.22	6	15	1
0.1787	0.6305	0.1908	1.4	4.33	9	1
0.0511	0.9427	0.0062	3.3	3.4	2.2	3
0.5643	0.0139	0.4218	6.5	4	1.57	1
0.9651	0.0219	0.0131	1.53	4	7	1
0.3609	0.0022	0.6369	5.5	4	1.62	1
0.0038	0.9947	0.0015	1.83	3.5	4.5	2
0.0212	0.152	0.8268	8.5	4.5	1.4	2
0.9956	0.0037	0.0007	2.1	3.3	3.6	1
0.2818	0.2312	0.487	6.5	3.8	1.57	2
0.0002	0.9992	0.0006	2.38	3.3	3	2
0.1033	0.8722	0.0244	2.8	3.4	2.5	2
0.7829	0.1898	0.0273	1.29	5.5	11	1
0.7401	0.2539	0.006	1.44	4.33	7.5	1
0.006	0.6329	0.3612	2.38	3.3	3	2
0.2508	0.34	0.4091	2.1	3.3	3.6	1
0.1782	0.5213	0.3005	2.3	3.25	3.2	2
0.5669	0.0137	0.4194	1.73	3.5	5	1
0.0181	0.0024	0.9795	8	4.2	1.4	3
0.7299	0.0846	0.1854	2.1	3.3	3.6	2
0.3916	0.6042	0.0042	1.36	4.5	10	1
0.4775	0.16	0.3625	1.57	3.8	6.5	1
0.0005	0.6015	0.398	2.4	3.25	3	3
0.9596	0.0206	0.0198	1.44	4.2	8	1
0.0122	0.0051	0.9827	4.5	3.6	1.8	3
0.3152	0.1506	0.5343	2.8	3.25	2.6	3
0.0168	0.9314	0.0518	1.8	3.6	4.75	2
0.9985	0.0002	0.0014	1.2	6.5	15	1
0.012	0.009	0.979	6.5	4	1.53	3
0.1592	0.6194	0.2214	2.63	3.25	2.75	1
0.6863	0.2902	0.0236	1.4	4.5	8.5	2
0.3987	0.2776	0.3237	6.5	3.6	1.62	2
0.5749	0.3228	0.1024	1.44	4.33	8	1
0.9892	0.0094	0.0014	1.22	6	15	1
0.2793	0.3643	0.3563	2.88	3.25	2.5	1
0.9644	0	0.0355	1.17	7	17	1
0.0061	0.9472	0.0467	3.5	3.2	2.2	2
0.5493	0.4404	0.0103	1.25	6	11	2
0.6962	0.0002	0.3036	2.3	3.25	3.2	3
0.2635	0.6881	0.0484	1.53	3.8	7	2
0.1493	0.69	0.1607	2.4	3.25	3	1
0.0154	0.0346	0.95	6.5	4	1.53	3
0.8976	0.0899	0.0125	1.22	5.5	17	1
0.4103	0.2865	0.3032	2.4	3.25	3	1
0.996	0.0033	0.0007	1.14	6.5	15	1
0.7455	0.2511	0.0034	1.8	3.6	4.5	1
0.2277	0.6451	0.1273	2.5	3.25	2.88	2
0.8294	0.0999	0.0706	1.57	3.75	6.5	1
0.0189	0.2978	0.6833	5.5	3.6	1.67	2
0.1544	0.7144	0.1311	3.2	3.25	2.3	2
0.6	0.2113	0.1887	1.95	3.4	4	1
0.4481	0.3947	0.1571	1.22	6	15	1
0.8611	0.1365	0.0025	1.67	3.6	5.5	1
0.1251	0.8308	0.0441	3.1	3.25	2.38	2
0.0139	0.3213	0.6648	13	5	1.29	3
0.1511	0.4289	0.42	2.7	3.2	2.7	3
0.0018	0.9954	0.0028	2.25	3.25	3.25	2
0.965	0.032	0.003	1.44	4.33	7.5	1
0.3459	0.5668	0.0872	2.1	3.3	3.6	2
0.0703	0.7412	0.1885	3	3.3	2.38	3
0.6079	0.0926	0.2995	2.6	3.25	2.8	3
0.982	0.0023	0.0157	1.29	5	13	1
0.0097	0.7625	0.2278	2	3.4	3.8	2
0.0038	0.9638	0.0324	13	5	1.29	2
0.8857	0.0263	0.0881	1.67	3.5	6	1
0.0241	0.4546	0.5213	2.25	3.3	3.25	2
0.3489	0.3001	0.351	2.6	3.25	2.8	1
0.139	0.6967	0.1643	5.5	3.4	1.73	1
0.6656	0.0152	0.3192	1.83	3.5	4.33	1
0.9887	0.0001	0.0112	1.13	8.5	23	1
0.3755	0.5348	0.0896	2.3	3.1	3.4	1
0.0673	0.6979	0.2348	2	3.4	3.8	2
0.5418	0.1398	0.3184	2.1	3.3	3.6	2
0.7904	0.163	0.0466	1.8	3.4	5	1
0.6385	0.0201	0.3414	1.8	3.6	4.5	1
0.8655	0.1249	0.0096	1.73	3.5	5.25	1
0.984	0.0056	0.0105	1.44	4.2	8	1
0.1275	0.8395	0.033	2.4	3.25	3	2
0.0082	0.9835	0.0083	2.2	3.3	3.4	2
0.1788	0.6339	0.1874	2.1	3.3	3.6	1
0.3397	0.4615	0.1988	4.2	3.5	1.91	2
0.4421	0.5563	0.0016	1.83	3.5	4.5	1
0.1518	0.8241	0.0242	5	3.6	1.73	1
0.5616	0.1833	0.2551	2.25	3.3	3.25	1
0.3243	0.4165	0.2592	4.2	3.4	1.91	1
0.1329	0.4437	0.4234	3.1	3.2	2.38	2
0.0457	0.8908	0.0635	2.3	3.25	3.2	2
0.5566	0.442	0.0015	1.22	6	15	1
0.4773	0.0144	0.5083	4.5	3.6	1.8	1
0.1044	0.4552	0.4405	2.38	3.25	3.1	3
0.6705	0.3123	0.0173	1.75	3.6	4.75	1
0.0408	0.0621	0.8971	12	5	1.3	3
0.6414	0.3564	0.0022	1.36	4.5	10	1
0.8587	0.1215	0.0197	1.95	3.25	4.33	1
0.2488	0.1404	0.6108	2.1	3.25	3.75	1
0.0733	0.864	0.0626	2.4	3.3	3	2
0.2295	0.5778	0.1927	3.75	3.5	2	3
0.9614	0.0043	0.0343	1.2	6.5	15	1
0.8606	0.0909	0.0485	1.91	3.3	4.33	1
0.5484	0.024	0.4276	2	3.3	4	1
0.0052	0.0047	0.9902	2	3.4	3.8	3
0.4116	0.0027	0.5857	1.44	4.33	7.5	3
0.3133	0.3051	0.3817	5	3.6	1.73	3
0.9619	0.0057	0.0324	1.36	4.75	9	1
0.0033	0.9918	0.0048	2.2	3.2	3.5	2
0.2119	0.5055	0.2826	2	3.4	4	1
0.9052	0.0933	0.0015	1.14	7.5	21	1
0.1431	0.0333	0.8236	1.8	3.5	4.5	3
0.0057	0.0129	0.9814	10	5	1.33	3
0.9859	0.002	0.0121	1.36	4.5	10	1
0.099	0.4739	0.4271	6.5	3.8	1.57	1
0.1429	0.0071	0.85	2.38	3.25	3.1	3
0.2795	0.5373	0.1832	2.1	3.25	3.75	1
0.0007	0.7527	0.2466	2.5	3.3	2.88	2
0.0026	0.9928	0.0045	3	3.25	2.4	2
0.298	0.4026	0.2994	2.1	3.3	3.6	1
0.0026	0.009	0.9884	2.25	3.3	3.3	3
0.992	0.0071	0.0009	1.22	6	15	1
0.0982	0.0286	0.8732	7.5	4.5	1.4	3
0.0927	0.8402	0.0671	3.3	3.25	2.25	2
0.6523	0.312	0.0357	1.44	4.33	7.5	1
0.9751	0.0147	0.0102	1.22	6	15	1
0.0016	0.8309	0.1674	3.6	3.4	2.1	2
0.9939	0.0003	0.0058	1.25	5.5	13	1
0.2698	0.4117	0.3185	3.6	3.3	2.1	3
0.9974	0.0013	0.0013	1.25	5.75	13	1
0.0147	0.9744	0.0109	1.4	4.33	9	2
0.99	0.0006	0.0094	1.53	3.8	7	1
0.0618	0.9348	0.0034	2.2	3.2	3.5	1
0.5775	0.0648	0.3577	3.6	3.3	2.1	3
0.3615	0.0145	0.6241	2.2	3.2	3.5	1
0.9889	0.0022	0.0089	1.73	3.6	5	1
0.1223	0.4312	0.4465	7.5	4.33	1.44	2
0.1777	0.095	0.7273	3.1	3.25	2.38	3
0.9544	0.014	0.0316	1.67	3.75	5.5	1
0.1913	0.0061	0.8026	1.8	3.6	4.5	3
0.0309	0.9426	0.0265	1.53	3.8	7	2
0.9397	0.0007	0.0596	2	3.25	4	1
0.3159	0.0481	0.636	1.83	3.5	4.33	3
0.0046	0.0654	0.93	12	5	1.3	3
0.0087	0.7755	0.2159	7	4.2	1.5	2
0.1107	0.1999	0.6895	8.5	4.5	1.4	3
0.6754	0.0482	0.2764	1.4	4.75	8	1
0.2892	0.2311	0.4797	2.4	3.25	3	1
0.9897	0.0083	0.002	1.2	6	17	1
0.3622	0.0107	0.6271	2.1	3.3	3.6	3
0.0019	0.9961	0.002	3.8	3.4	2	2
0.002	0.0033	0.9947	2.5	3.25	2.88	3
0.9462	0.0013	0.0525	1.3	5.25	11	1
0.9574	0.0385	0.0041	1.33	4.75	11	1
0.9969	0.0009	0.0021	1.22	6	15	1
0.207	0.3559	0.4371	2.88	3.25	2.5	3
0.0071	0.3803	0.6126	5	3.8	1.7	3
0.4647	0.0188	0.5165	2.63	3.2	2.75	3
0.2248	0.0525	0.7227	3.3	3.3	2.25	2
0.962	0.028	0.0101	1.8	3.5	4.5	1
0.3664	0.3687	0.2649	3.6	3.3	2.1	1
0.0002	0.9984	0.0014	4.5	3.5	1.83	2
0.9413	0.0554	0.0033	1.44	4.33	7.5	2
0.9846	0.0133	0.0021	2	3.4	3.8	1
0.0183	0.0017	0.98	1.73	3.6	5	3
0.2714	0.0106	0.7179	2	3.4	3.8	1
0.1904	0.3626	0.447	6.5	4	1.53	2
0.6905	0.2822	0.0274	1.29	5	13	2
0.849	0.0793	0.0717	1.4	4.5	8.5	1
0.0003	0.9991	0.0006	2.3	3.25	3.2	2
0.9987	0.0002	0.0012	1.14	8	19	1
0.0027	0.9969	0.0004	2.25	3.3	3.3	2
0.5808	0.0115	0.4077	3.25	3.3	2.25	1
0.3147	0.0411	0.6442	1.57	3.8	6.5	2
0.1485	0.8492	0.0023	1.73	3.6	5	2
0.0405	0.9449	0.0146	2.8	3.25	2.6	3
0.0526	0.2801	0.6673	2.1	3.25	3.75	2
0.4666	0.0332	0.5002	2.88	3.5	2.4	3
0.3822	0.0109	0.6069	2.1	3.25	3.75	3
0.9907	0.0007	0.0086	1.62	3.75	6	1
0.3521	0.2111	0.4369	4	3.6	1.91	1
0.0121	0.014	0.9739	5.5	3.75	1.67	3
0.055	0.0271	0.9179	6.5	4	1.53	1
0.9821	0.0149	0.0031	1.33	5	10	1
0.0028	0	0.9971	3.5	3.4	2.1	3
0.3599	0.1939	0.4462	2	3.5	3.75	2
0.5779	0.1305	0.2916	1.53	4	6.5	2
0.0015	0.0001	0.9984	2.38	3.4	3	3
0.7973	0.0012	0.2015	1.5	4.2	7	1
0.4372	0.0001	0.5627	1.83	3.6	4.33	1
0.0137	0.7714	0.2149	2.2	3.25	3.4	2
0.9959	0.0033	0.0008	1.62	3.75	6	1
0.0045	0.0402	0.9554	5.5	4	1.62	3
0.996	0.0029	0.0011	1.14	8	21	1
0.9227	0.0599	0.0174	1.36	4.5	10	1
0.8043	0.0043	0.1914	1.5	4.2	7	1
0.705	0.0001	0.2948	1.83	3.6	4.33	1
0.9476	0.037	0.0154	2.38	3.25	3.1	1
0.0667	0.8354	0.0979	3.6	3.3	2.1	2
0.9904	0.0012	0.0084	1.29	5.5	10	1
0.3725	0.1282	0.4993	2.38	3.25	3.1	1
0.3573	0.2162	0.4264	4	3.8	1.83	3
0.0118	0.087	0.9012	9.5	4.75	1.36	3
0.4152	0.1591	0.4257	3.5	3.4	2.1	1
0.4778	0.5029	0.0193	1.8	3.6	4.5	2
0.1514	0.2866	0.5621	2.1	3.3	3.6	3
0.1799	0	0.8201	2	3.4	3.8	3
0.9671	0.0222	0.0106	1.2	7	13	1
0.3314	0.3958	0.2727	1.57	4	6	3
0.7718	0.0011	0.2271	2.25	3.3	3.3	1
0.3955	0	0.6045	7	4.2	1.5	1
0.9963	0.0002	0.0035	1.1	10	23	1
0.9057	0.086	0.0082	1.29	5.5	11	1
0.0107	0.5072	0.4821	6.5	3.8	1.57	2
0.9993	0.0002	0.0005	1.13	8	23	1
0.1362	0.4025	0.4613	4	3.6	1.91	2
0.5708	0.0494	0.3798	2.25	3.4	3.25	1
0.5653	0.4262	0.0085	2	3.3	4	1
0.2598	0.6168	0.1234	2.88	3.25	2.5	1
0.0842	0.7979	0.1179	2.2	3.3	3.4	2
0.9959	0.0011	0.003	1.17	7	17	1
0.8312	0.1275	0.0413	2.1	3.3	3.6	2
0.3823	0.5293	0.0885	2.4	3.3	3	2
0.0007	0.0073	0.992	1.83	3.5	4.5	3
0.3087	0.6876	0.0037	2.3	3.25	3.2	1
0.1283	0.7905	0.0812	2.5	3.25	2.88	2
0.9966	0.0029	0.0004	1.25	5.5	15	1
0.9557	0.0004	0.0439	1.17	7	19	1
0.2469	0.3887	0.3644	2.2	3.25	3.4	1
0.001	0.9977	0.0013	1.5	4	7	2
0.4956	0.0005	0.5039	3.4	3.3	2.2	3
0.4342	0.0003	0.5655	2.5	3.25	2.88	1
0.0335	0.0036	0.9629	2.25	3.3	3.25	3
0.0034	0.0097	0.9869	15	6	1.22	3
0.0689	0.3678	0.5633	6	4	1.57	2
0.3809	0.0043	0.6148	3.2	3.25	2.3	1
0.3866	0.057	0.5563	2.38	3.25	3.1	1
0.4713	0.0362	0.4925	6	4	1.57	3
0.0002	0.9997	0.0001	3.2	3.25	2.3	2
0.9976	0.0002	0.0022	1.11	9	23	1
0.9935	0.0002	0.0063	1.14	8	19	1
0.8422	0.1082	0.0496	1.25	5.75	13	3
0.0013	0.9985	0.0002	2.4	3.2	3.1	2
0.5835	0.3209	0.0955	2.5	3.25	2.88	1
0.3269	0.4554	0.2177	2.1	3.3	3.6	2
0.9358	0.0508	0.0134	1.22	6	15	1
0.1005	0.3515	0.5479	4.5	3.5	1.83	1
0.9562	0.0022	0.0415	1.25	5.5	13	1
0.0222	0.9452	0.0326	4.2	3.4	1.91	2
0.0819	0.6744	0.2437	1.83	3.5	4.5	1
0.2214	0.4612	0.3174	1.33	5	10	2
0.0022	0.0026	0.9952	1.57	4	6	3
0.3395	0.131	0.5295	3.75	3.25	2.1	2
0.0023	0.0075	0.9902	10	5	1.33	3
0.4877	0.3768	0.1355	2.5	3.25	2.88	2
0.0003	0.9995	0.0002	3.1	3.2	2.4	2
0.4193	0.0705	0.5101	2.5	3.25	2.88	1
0.4323	0.3565	0.2112	1.8	3.6	4.5	2
0.2683	0.5652	0.1665	2	3.3	4	2
0.3363	0.3601	0.3037	1.62	3.75	6	3
0.3888	0.286	0.3252	1.91	3.4	4.2	2
0.1081	0.743	0.1488	5.5	3.7	1.67	2
0.7096	0.0736	0.2168	1.4	4.5	8.5	1
0.5072	0.341	0.1518	2.25	3.3	3.25	1
0.9944	0.0001	0.0055	1.1	9	26	1
0.9892	0.001	0.0098	1.7	3.5	5.5	1
0.1982	0.6627	0.1391	5	3.6	1.73	3
0.5393	0.018	0.4427	1.22	6	15	3
0.6085	0.334	0.0575	1.83	3.5	4.5	2
0.0041	0.0648	0.9311	3.2	3.25	2.3	3
0.3324	0.3382	0.3294	2.75	3.2	2.63	2
0.4448	0.3591	0.1961	1.44	4.33	7.5	2
0.5484	0.0033	0.4483	3.6	3.3	2.1	1
0.1138	0.0365	0.8497	3.5	3.4	2.1	1
0.0105	0.968	0.0215	7.5	4	1.5	2
0.0359	0.0796	0.8845	1.91	3.4	4.2	3
0.0319	0.4038	0.5643	2.88	3.25	2.5	3
0.0142	0.8578	0.128	2.88	3.1	2.63	3
0.6268	0.0851	0.2881	2.25	3.2	3.4	1
0.0005	0.9935	0.006	5	3.5	1.75	2
0.6325	0.1919	0.1756	1.91	3.5	4	1
0.0036	0.9876	0.0088	2.1	3.25	3.75	2
0.0667	0.9243	0.009	2.25	3.25	3.3	2
0.4154	0.0125	0.5721	2.25	3.25	3.3	1
0.9201	0.0078	0.0721	1.73	3.6	5	1
0.0032	0.0026	0.9942	1.33	5	10	3
0.9075	0.0695	0.023	1.44	4	8.5	1
0.9645	0.0336	0.0019	1.29	5.5	11	1
0.1869	0.7676	0.0455	5	3.6	1.73	2
0.932	0.0203	0.0477	2.2	3.2	3.5	1
0.1582	0.5837	0.258	2.88	3.25	2.5	3
0.8609	0.1339	0.0052	1.25	5.75	12	2
0.2594	0.3234	0.4172	1.83	3.5	4.5	2
0.213	0.7065	0.0804	2.25	3.2	3.4	2
0.0105	0.068	0.9215	5.5	4	1.62	3
0.4105	0.4392	0.1503	2.4	3.25	3	1
0.2048	0.7219	0.0733	2.1	3.3	3.6	2
0.951	0.0014	0.0476	1.83	3.6	4.33	1
0.9962	0.0006	0.0033	1.13	8.5	19	1
0.4026	0.0393	0.5582	2.4	3.25	3	1
0.2284	0.558	0.2136	2.1	3.25	3.75	2
0.1756	0.8052	0.0192	2.2	3.25	3.4	1
0.0294	0.2562	0.7144	2.38	3.25	3.1	3
0.0374	0.8832	0.0794	2.38	3.25	3.1	2
0.5078	0.27	0.2223	1.67	3.6	5.5	1
0.4886	0.1235	0.3879	2.5	3.2	2.9	3
0.0167	0.1209	0.8624	5.5	3.75	1.67	3
0.9754	0.0126	0.012	1.17	7	17	1
0.0213	0.1598	0.8188	7.5	4.33	1.44	3
0.8684	0.0936	0.038	1.57	3.75	6.5	1
0.1794	0.7537	0.0668	1.91	3.4	4.2	1
0.9161	0.0616	0.0222	1.57	4	6	1
0.2815	0.0292	0.6893	5.5	3.4	1.73	1
0.503	0.4932	0.0038	1.8	3.6	4.5	2
0.184	0.059	0.757	3.4	3.25	2.2	3
0.3457	0.453	0.2013	2.2	3.2	3.5	1
0.9458	0.0311	0.0231	2.9	3.25	2.5	1
0.0199	0.9536	0.0265	1.91	3.4	4.2	2
0.445	0.3829	0.1721	1.8	3.6	4.5	1
0.0005	0.9992	0.0004	4.5	3.6	1.8	2
0.3607	0.3531	0.2862	3	3.3	2.4	1
0.2256	0.4819	0.2924	2.2	3.25	3.4	2
0.998	0.0009	0.0011	1.22	6	15	1
0.945	0.0098	0.0453	2.1	3.2	3.75	1
0.663	0.0107	0.3264	1.29	5.5	11	3
0.3432	0.1612	0.4956	3.8	3.4	2	1
0.3672	0.0187	0.6141	3.6	3.3	2.1	3
0.4535	0.416	0.1304	2.1	3.2	3.75	1
0.0357	0.9374	0.0269	1.53	4	6.5	2
0.9754	0.0023	0.0223	1.62	3.75	6	1
0.9783	0.014	0.0078	1.2	6.5	15	1
0.1045	0.8572	0.0382	1.62	3.75	6	2
0.1266	0.7718	0.1016	2.63	3.25	2.75	2
0.1889	0.0047	0.8064	1.91	3.4	4.2	3
0.2399	0.6408	0.1192	2.3	3.25	3.2	2
0.1312	0.6018	0.267	4.75	3.6	1.75	2
0.003	0.0146	0.9824	5.5	3.6	1.67	3
0.002	0.9964	0.0017	4.5	3.6	1.8	2
0.6157	0.3783	0.006	1.4	4.5	8.5	2
0.0895	0.7082	0.2024	1.91	3.4	4.2	2
0.3503	0.4497	0.2001	3.75	3.25	2.1	1
0.7057	0.0269	0.2675	1.57	3.8	6.5	1
0.0012	0.9961	0.0027	1.91	3.6	4	2
0.3683	0.2606	0.3711	2.5	3.25	2.88	1
0.1364	0.3471	0.5165	2.4	3.1	3.2	3
0.8882	0.0109	0.101	1.22	5.75	15	3
0.2563	0.2786	0.4651	3.4	3.3	2.2	3
0.576	0.002	0.422	1.62	4	5.5	3
0.2384	0.3412	0.4204	5	3.6	1.73	1
0.9971	0.0008	0.0021	2.5	3.3	2.88	1
0.6866	0.0015	0.3119	2.1	3.3	3.6	1
0.7899	0.1954	0.0148	1.57	3.8	6.5	1
0.9794	0.0195	0.0011	1.22	6	15	1
0.0095	0.0021	0.9883	2.2	3.2	3.5	3
0.4185	0.1631	0.4184	2.3	3.25	3.25	1
0.1533	0.0168	0.8299	3.2	3.1	2.4	3
0.0028	0.9916	0.0056	2.6	3.2	2.8	2
0.0264	0.2775	0.6961	3.4	3.3	2.2	3
0.0011	0.9914	0.0075	1.57	4.2	5.5	2
0.3542	0.3014	0.3445	1.57	3.8	6.5	3
0.0567	0.8598	0.0834	2	3.3	4	2
0.991	0.003	0.006	1.25	5.5	13	1
0.1767	0.3578	0.4655	3.4	3.25	2.2	2
0.6074	0.188	0.2046	2	3.5	3.75	1
0.3618	0.1213	0.5169	2.6	3.2	2.8	1
0.1365	0.6328	0.2308	5	3.6	1.73	2
0.3923	0.1524	0.4553	2	3.4	3.8	1
0.9899	0.0023	0.0078	1.29	5.25	12	1
0.3567	0.3528	0.2906	3.5	3.4	2.1	2
0.9587	0.0369	0.0044	1.73	3.6	5	1
0.02	0.9751	0.0048	1.36	4.75	9	2
0.1218	0.8024	0.0758	1.53	4	6.5	1
0.0046	0.9655	0.0299	2.75	3.2	2.63	2
0.6714	0.311	0.0176	1.83	3.5	4.5	1
0.1342	0.0027	0.8631	2.25	3.3	3.25	1
0.9875	0.0042	0.0083	1.62	3.75	6	1
0.4359	0.5526	0.0115	2.1	3.3	3.6	1
0.4048	0.5445	0.0507	1.4	4.5	9	2
0.1037	0.798	0.0982	2.2	3.25	3.4	2
0.5351	0.0596	0.4053	3.8	3.4	2	1
0.006	0.0519	0.9421	1.62	4	5.5	3
0.0432	0.1096	0.8472	4.5	3.6	1.8	3
0.755	0.0267	0.2183	2	3.3	4	1
0.1972	0.639	0.1639	2.8	3.25	2.6	2
0.3256	0.0088	0.6656	2.4	3.25	3	1
0.7509	0.0008	0.2483	2	3.4	3.8	1
0.4141	0.4148	0.1712	1.8	3.6	4.5	2
0.5851	0.3161	0.0988	2.2	3.2	3.5	1
0.0859	0.7456	0.1685	1.73	3.6	5	3
0.103	0.2558	0.6411	3.2	3.3	2.3	3
0.1294	0.0556	0.815	2.3	3.2	3.2	3
0.3271	0.4947	0.1781	2.1	3.25	3.75	1
0.0201	0.7711	0.2089	1.91	3.4	4.2	3
0.9684	0.0225	0.0092	1.29	5.5	11	1
0.0778	0.1979	0.7243	3.25	3.25	2.25	3
0.2126	0.0002	0.7872	2.1	3.3	3.6	3
0.5656	0.0067	0.4278	2.63	3.2	2.75	1
0.0009	0.9299	0.0691	6.5	4.33	1.5	2
0.5876	0.3629	0.0496	1.44	4.2	8	1
0.4792	0.0955	0.4253	1.83	3.4	4.75	3
0.0049	0.1167	0.8784	1.62	3.75	6	3
0.6636	0.0022	0.3341	1.53	4	6.5	1
0.1518	0.0026	0.8456	1.83	3.5	4.5	3
0.0236	0.9047	0.0717	3.4	3.2	2.25	2
0.5366	0.287	0.1764	1.29	5.5	11	1
0.9386	0.0003	0.0611	1.33	5	10	3
0.0072	0.8626	0.1302	6.5	4.2	1.5	2
0.0041	0.6345	0.3613	5.5	3.6	1.67	3
0.7012	0.0003	0.2985	1.7	3.75	5	1
0.8624	0.125	0.0127	1.29	5.5	10	1
0.2122	0.4834	0.3043	2.63	3.2	2.75	1
0.4058	0.0189	0.5753	1.83	3.5	4.5	1
0.8337	0.1642	0.0021	1.4	4.5	8.5	1
0.0087	0.0108	0.9806	6	4.2	1.53	3
0.7341	0.0681	0.1978	2	3.4	3.8	1
0.1026	0.8626	0.0348	1.25	5.5	13	2
0.4772	0.016	0.5067	2.5	3.2	2.9	3
0.0204	0.0335	0.9461	2.3	3.25	3.25	3
0.7626	0.0106	0.2268	2.2	3.25	3.4	1
0.9933	0.0034	0.0033	1.25	5.75	12	1
0.403	0.174	0.423	1.91	3.6	4	2
0.3554	0.3128	0.3318	2.2	3.25	3.4	3
0.343	0.0977	0.5594	3.4	3.25	2.2	1
0.1606	0.7461	0.0934	1.73	3.6	5	2
0.3035	0.4357	0.2608	2.63	3.25	2.75	1
0.3102	0.5635	0.1264	1.83	3.6	4.33	1
0.4351	0.0037	0.5612	8	4.2	1.44	1
0.9801	0.0013	0.0186	3.8	3.75	1.91	1
0.7503	0.0324	0.2174	1.29	5.5	11	1
0.981	0.0006	0.0184	1.33	5	10	1
0.5425	0.0046	0.453	2.1	3.25	3.75	1
0.2981	0.0004	0.7016	1.8	3.6	4.5	1
0.0086	0.1814	0.81	6	4	1.57	3
0.0124	0.9668	0.0208	2.5	3.25	2.88	2
0.0061	0.6852	0.3088	2.4	3.2	3.1	2
0.2741	0.5178	0.2081	2.2	3.2	3.5	2
0.2964	0.3969	0.3066	2.2	3.25	3.4	2
0.0256	0.9503	0.0241	2.88	3.3	2.5	2
0.8076	0.188	0.0044	1.2	6.5	15	1
0.1987	0.0129	0.7884	3.5	3.4	2.1	1
0.3841	0.0006	0.6153	2.5	3.25	2.88	3
0.467	0.438	0.095	1.5	4	7.5	2
0.4167	0.087	0.4963	2.2	3.2	3.5	1
0.9564	0.0414	0.0022	1.2	6.5	15	1
0.3081	0.3815	0.3103	3.5	3.4	2.1	2
0.3915	0.0006	0.6079	3.4	3.2	2.25	3
0.8174	0.0335	0.1491	2.25	3.3	3.25	1
0.007	0.0892	0.9038	6	3.75	1.62	3
0.012	0.0051	0.9828	8	5	1.36	3
0.1354	0.6613	0.2034	3.2	3.25	2.3	3
0.5551	0.1155	0.3294	1.53	3.8	7	1
0.7652	0.2312	0.0036	1.4	4.5	8.5	1
0.9379	0.0568	0.0053	1.33	5	9.5	1
0.186	0.0136	0.8004	5.5	3.6	1.67	3
0.259	0.2183	0.5227	1.73	3.6	5	2
0.0079	0.9577	0.0344	4.5	3.5	1.83	2
0.1774	0.1927	0.6299	3.25	3.4	2.2	3
0.0153	0.0849	0.8998	2.38	3.3	3	3
0.6615	0.0005	0.338	1.83	3.5	4.5	1
0.7277	0.118	0.1543	2.1	3.3	3.6	1
0.4182	0.3862	0.1955	1.62	3.75	6	1
0.4547	0.0313	0.514	1.91	3.4	4.2	2
0.7924	0.1583	0.0494	1.44	4.5	7	1
0.9956	0.0003	0.0041	1.4	4.5	8.5	1
0.0815	0.7997	0.1188	5	4	1.67	2
0.5182	0.0054	0.4764	2.1	3.2	3.75	1
0.9659	0.0282	0.0059	1.57	4	6	1
0.5939	0.008	0.3981	2.5	3.25	2.9	1
0.1613	0.0019	0.8369	8.5	4.5	1.4	1
0.2557	0.0234	0.7208	1.62	4	5.5	3
0.5527	0.0988	0.3485	2	3.5	3.75	3
0.9983	0.0005	0.0012	1.22	6	15	1
0.7241	0.0233	0.2526	2.5	3.2	2.9	1
0.4075	0.1899	0.4026	2.1	3.4	3.5	2
0.0087	0.4462	0.5451	3.25	3.4	2.2	2
0.1608	0.7646	0.0746	1.36	4.75	9	2
0.7123	0.0281	0.2596	1.73	3.6	5	1
0.2919	0.1568	0.5513	2.75	3.25	2.6	3
0.0087	0.8911	0.1003	1.91	3.6	4	2
0.082	0.186	0.7321	2.75	3.25	2.6	1
0.1518	0.3481	0.5001	5	3.6	1.73	2
0.0071	0.3415	0.6513	2.6	3.2	2.8	3
0.0009	0.9938	0.0053	1.85	3.4	4.5	2
0.9586	0.0085	0.0329	4	3.6	1.91	1
0.9924	0.001	0.0066	1.3	5.25	10	1
0.5104	0.0094	0.4801	1.73	3.6	5	1
0.7165	0.2372	0.0463	1.73	3.6	5	1
0.5037	0.2391	0.2572	2.1	3.25	3.75	2
0.0063	0.0128	0.9809	6.5	4	1.53	3
0.727	0	0.273	1.83	3.6	4.33	1
0.3257	0.5459	0.1284	1.5	4	7.5	2
0.2926	0.0045	0.7028	3.4	3.3	2.2	1
0.8997	0.0738	0.0266	1.91	3.4	4.2	2
0.3769	0.1748	0.4483	2.2	3.2	3.6	1
0.9614	0.0346	0.004	1.44	4.33	7.5	2
0.3392	0.4472	0.2137	2.38	3.2	3.1	3
0.1847	0.5486	0.2667	2.25	3.4	3.2	1
0.8524	0.0541	0.0935	1.73	3.6	5	1
0.7204	0.2734	0.0062	1.36	4.75	9	1
0.3259	0.3995	0.2746	2.6	3.2	2.8	3
0.9423	0.0008	0.0569	2.25	3.3	3.25	1
0.5162	0.0039	0.48	2.8	3.2	2.6	1
0.4135	0.3657	0.2208	3	3.3	2.38	2
0.0031	0.0073	0.9896	10	5.5	1.3	3
0.3747	0.5927	0.0326	1.53	4	6.5	2
0.2285	0.6674	0.1041	1.83	3.5	4.5	3
0.8036	0.1767	0.0197	1.8	3.6	4.5	2
0.3157	0.4806	0.2037	2	3.25	4	1
0.9883	0.0011	0.0106	1.36	4.75	9	1
0.5136	0.4477	0.0387	2.2	3.25	3.4	1
0.1481	0.7545	0.0974	1.57	4	6	2
0.0237	0.9657	0.0106	5	3.6	1.73	2
0.2116	0.0972	0.6912	2.1	3.3	3.6	1
0.4596	0.174	0.3664	1.62	3.75	6	1
0.0248	0.0027	0.9724	2.63	3.2	2.75	3
0.9794	0.0179	0.0027	1.25	6	11	2
0.5157	0.085	0.3993	2.5	3.25	2.88	1
0.0131	0.8827	0.1042	1.83	3.6	4.33	2
0.4907	0.5053	0.004	1.95	3.4	4	1
0.0141	0.7516	0.2343	5.5	3.6	1.67	2
0.2098	0.006	0.7842	3	3.3	2.38	1
0.4239	0	0.576	4.5	3.6	1.8	3
0.1503	0.4524	0.3973	3	3.25	2.4	2
0.8421	0.1561	0.0017	1.53	4.2	6	1
0.9827	0.0157	0.0016	1.5	4	7	1
0.2465	0.29	0.4636	2	3.3	4	2
0.5523	0.3483	0.0995	2.2	3.25	3.4	1
0.9904	0.0051	0.0045	1.2	6	17	1
0.9598	0.0044	0.0358	1.44	4.33	7.5	1
0.1894	0.0475	0.7631	2.2	3.2	3.5	3
0.9692	0.0237	0.0071	1.73	3.6	5	1
0.0086	0.4349	0.5565	2.6	3.25	2.8	3
0.6356	0.1254	0.239	1.83	3.6	4.33	1
0.004	0.0415	0.9545	8.5	5	1.36	3
0.7643	0.2177	0.0179	2.6	3.2	2.8	1
0.9677	0.0064	0.0259	2.25	3.2	3.4	1
0.2716	0.1292	0.5992	2.3	3.5	3	3
0.716	0.2794	0.0046	1.67	3.75	5.5	1
0.0165	0.418	0.5656	5.5	3.6	1.7	3
0.1225	0.0263	0.8511	2.25	3.3	3.25	3
0.1502	0.7951	0.0547	1.73	3.6	5	2
0.0221	0.4421	0.5358	5.5	3.6	1.67	2
0.9431	0.03	0.0268	1.2	6.5	15	1
0.0264	0.9563	0.0173	2.88	3.4	2.4	2
0.4226	0.5566	0.0209	1.8	3.6	4.5	2
0.5934	0.3963	0.0103	2.88	3.5	2.38	2
0.8734	0.0124	0.1142	1.2	6.5	15	1
0.103	0.8967	0.0003	1.44	4.33	7.5	1
0.7531	0.0006	0.2463	1.44	4.33	7.5	1
0.0523	0.004	0.9437	2.1	3.25	3.75	1
0.0727	0.8593	0.068	1.57	4	6	2
0.1285	0.7593	0.1122	2.5	3.25	2.88	2
0.2249	0.0113	0.7637	4.5	3.8	1.75	1
0.1978	0.4028	0.3993	3.6	3.3	2.1	3
0.2093	0.4788	0.3119	1.8	3.4	5	1
0.4621	0.2942	0.2437	1.8	3.5	4.75	1
0.1548	0.5408	0.3044	1.91	3.5	4	1
0.0786	0.9088	0.0126	2.63	3.4	2.63	2
0.97	0.0106	0.0194	1.44	4.33	7.5	1
0.17	0.0228	0.8071	2.6	3.2	2.8	3
0.2205	0.4114	0.3681	2.38	3.3	3	1
0.0518	0.2209	0.7273	2.8	3.25	2.6	2
0.4235	0.4197	0.1568	2.5	3.25	2.88	1
0.5096	0.3552	0.1352	2.1	3.3	3.6	2
0.9849	0.0079	0.0071	1.44	4.33	7.5	1
0.835	0.1564	0.0086	1.4	4.5	9	1
0.3564	0.3605	0.2831	1.8	3.6	4.5	2
0.7228	0.0034	0.2738	1.83	3.5	4.5	3
0.9631	0.0064	0.0305	2.7	3.2	2.7	1
0.7745	0.2236	0.0019	1.91	3.4	4.2	1
0.0004	0.9818	0.0178	1.3	5.5	10	2
0.377	0.6088	0.0142	1.95	3.6	3.8	2
0.5327	0.0256	0.4417	2.38	3.25	3.1	1
0.2477	0.3072	0.4451	5.5	3.75	1.67	1
0.2866	0.6952	0.0181	2.1	3.4	3.5	1
0.2745	0.1566	0.5689	2.88	3.25	2.5	3
0.7072	0.1129	0.1799	1.91	3.4	4.2	1
0.0312	0.7484	0.2204	5	3.6	1.73	2
0.4257	0.5046	0.0697	2.2	3.4	3.25	1
0.0323	0.0001	0.9676	2.5	3.25	2.88	3
0.5166	0.0967	0.3867	2.63	3.25	2.75	1
0.2689	0.5238	0.2073	1.36	5	8.5	3
0.2147	0.262	0.5234	2.2	3.25	3.4	3
0.7889	0.2069	0.0042	1.25	6	11	2
0.6353	0.0083	0.3564	1.73	3.8	4.75	3
0.5917	0.1888	0.2196	2.1	3.4	3.5	1
0.9427	0.0107	0.0466	1.36	4.75	9	1
0.2791	0.3673	0.3536	3.2	3.4	2.25	1
0.0834	0.0009	0.9158	5	3.75	1.7	3
0.3793	0.4495	0.1713	3.1	3.25	2.38	1
0.3396	0.2777	0.3828	3.75	3.6	1.95	2
0.9985	0.001	0.0004	1.6	4	5.5	1
0.3423	0.4325	0.2253	2	3.5	3.75	2
0.1814	0.5948	0.2239	2.75	3.6	2.4	3
0.793	0.198	0.009	1.53	4	6.5	1
0.4369	0.0393	0.5238	2	3.5	3.75	3
0.0091	0.4055	0.5854	2.2	3	3.75	3
0.1617	0.5748	0.2635	1.53	3.8	7	1
0.5567	0.1202	0.3231	2.2	3.2	3.5	3
0.0704	0.7837	0.1459	2.2	3.2	3.5	2
0.8698	0.067	0.0632	1.57	3.6	7	2
0.0082	0.9879	0.004	3.75	3.25	2.1	2
0.0028	0.0001	0.9971	2.4	3.25	3	3
0.0005	0.9995	0	2.2	3.2	3.5	2
0.1029	0.6262	0.2709	5.5	3.5	1.7	2
0.0293	0.01	0.9607	6.5	4	1.53	3
0.9989	0.0001	0.001	1.29	5	13	1
0.1967	0.5908	0.2126	2.5	3.25	2.9	3
0.7793	0.1892	0.0315	1.73	3.4	5.5	1
0.926	0.0702	0.0038	1.3	5.5	10	1
0.0105	0.0005	0.989	1.53	3.8	7	3
0.0425	0.0147	0.9428	2.2	3.25	3.4	3
0	0.9995	0.0005	2.1	3.3	3.6	2
0.0131	0.0004	0.9865	4.75	3.5	1.8	3
0.0001	0.9998	0.0001	2.6	3.3	2.75	2
0.4685	0.2691	0.2624	2.38	3.25	3.1	1
0.99	0.005	0.005	1.67	3.75	5.5	1
0.0168	0.9676	0.0156	2.1	3.25	3.75	2
0.2106	0.1993	0.59	3.3	3.25	2.25	3
0.958	0.0416	0.0004	1.2	6.5	15	1
0.9954	0.0024	0.0023	1.4	4.5	8.5	1
0.0001	0.9997	0.0002	2.38	3.3	3	2
0.9913	0.0022	0.0065	2.25	3.3	3.25	1
0.9782	0.0063	0.0155	1.5	4.33	6.5	1
0.5278	0.1418	0.3304	2.1	3.25	3.75	1
0.4351	0.0032	0.5617	2.88	3.3	2.5	3
0.022	0.0257	0.9523	2.1	3.25	3.75	3
0.9981	0.0015	0.0004	1.36	4.75	9	1
0.0106	0.0018	0.9876	9	4.5	1.4	3
0.0134	0.7688	0.2179	2	3.4	3.8	2
0.9652	0.0176	0.0172	1.17	7	17	1
0.3969	0.3196	0.2835	3.25	3.3	2.25	1
0.0523	0.0003	0.9474	5	3.75	1.7	3
0.7558	0.0116	0.2327	3	3.25	2.4	3
0.0168	0.9524	0.0308	1.67	3.6	5.5	2
0.0052	0.128	0.8668	2.5	3.25	2.88	3
0.0002	0.9992	0.0006	2.4	3.25	3	2
0.0909	0.8457	0.0634	1.91	3.4	4.2	2
0.4143	0.2286	0.3571	4.2	3.4	1.91	1
0.0021	0.0003	0.9976	1.8	3.6	4.6	3
0.6697	0.2086	0.1217	1.5	4	7	1
0.9086	0.0317	0.0597	2.63	3.2	2.75	1
0.0218	0	0.9781	1.91	3.4	4.2	3
0.0224	0.9601	0.0174	6.5	3.8	1.57	2
0.8306	0.0065	0.1628	1.83	3.5	4.5	1
0.3964	0.0111	0.5925	2.4	3.2	3.1	1
0.4075	0.0029	0.5896	2.63	3.4	2.63	1
0.9971	0	0.0028	1.44	4.5	7	1
0.9987	0.0004	0.0009	1.2	6.5	15	1
0.48	0.355	0.1651	1.36	4.5	10	1
0.9394	0.0007	0.0599	1.44	4.33	7.5	1
0.3147	0.4077	0.2777	1.83	3.5	4.5	1
0.019	0.5476	0.4334	6.5	4	1.53	2
0.2893	0.1976	0.5131	2.3	3.25	3.25	2
0.4409	0.1919	0.3671	4	3.5	1.91	3
0	0.9995	0.0005	2.3	3.25	3.2	2
0.8928	0.1009	0.0064	2.5	3.4	2.8	1
0.7881	0.1627	0.0492	1.62	3.75	6	1
0.0346	0.1611	0.8042	6.5	3.75	1.57	3
0.1129	0.0208	0.8663	3.1	3.2	2.4	3
0.9989	0.0007	0.0004	1.17	7	17	1
0.2534	0.399	0.3477	2.25	3.4	3.2	2
0.0091	0.0147	0.9761	2.5	3.25	2.88	3
0.0046	0.0008	0.9946	6.5	4	1.53	3
0.9162	0.0016	0.0822	2	3.3	4	1
0.9906	0.0064	0.0029	2.63	3.25	2.75	1
0.8906	0.0102	0.0992	2.1	3.4	3.5	1
0.7544	0.2143	0.0312	1.36	4.5	10	1
0.2601	0.6516	0.0883	3	3.3	2.4	2
0.8308	0.1605	0.0086	1.33	5	10	1
0.9964	0.0007	0.0029	2.2	3.3	3.4	1
0.0003	0.9997	0.0001	1.83	3.5	4.5	2
0.428	0.2047	0.3673	2.2	3.2	3.5	1
0.386	0.1007	0.5132	2.3	3.3	3.2	3
0.8062	0.0781	0.1157	1.44	4.33	7.5	1
0.4069	0.5092	0.0839	3	3.3	2.4	2
0.3787	0.2282	0.3931	2	3.3	4	1
0.722	0.0966	0.1815	2	3.3	4	3
0.2518	0.0042	0.744	2.2	3.2	3.5	3
0.0002	0.9996	0.0002	1.29	5.5	11	2
0.9356	0.0612	0.0032	1.57	3.8	6.5	1
0.0027	0.9849	0.0123	2	3.4	3.8	2
0.8889	0.0003	0.1108	1.53	4	6.5	1
0.047	0.0021	0.9509	4	3.5	1.91	3
0.2905	0.0034	0.7061	2.25	3.25	3.3	3
0.7072	0.0041	0.2888	2	3.4	3.8	3
0.7594	0.1425	0.0981	9.5	5	1.33	1
0.599	0.0023	0.3987	1.62	4	5.5	3
0.0115	0.175	0.8135	4.5	3.6	1.8	3
0.996	0.0012	0.0029	1.17	7	19	1
0.0006	0.9994	0.0001	1.91	3.6	4	2
0.0347	0.8966	0.0687	2.1	3.3	3.6	2
0.9972	0.001	0.0018	2.1	3.3	3.6	1
0.1289	0.0012	0.87	4	3.3	2	3
0.0101	0.366	0.6239	2.88	3.25	2.5	3
0.9912	0	0.0088	1.36	4.75	9	1
0.0976	0.8153	0.087	2.1	3.2	3.8	3
0.917	0.0041	0.0789	1.4	4.5	8.5	1
0.9404	0.0424	0.0173	1.83	3.5	4.5	1
0.0062	0.0002	0.9936	7.5	4.33	1.44	3
0.001	0.9989	0.0001	1.29	5.5	10	2
0.9942	0.0049	0.0009	1.25	5.5	13	1
0.9825	0.0135	0.004	2.25	3.25	3.3	1
0.0013	0.0679	0.9308	10	5	1.33	3
0.5283	0.0002	0.4715	2.4	3.3	3	1
0.0064	0.3252	0.6684	3.25	3.3	2.25	3
0.5929	0.0005	0.4065	1.91	3.3	4.33	1
0.5591	0.4369	0.004	1.57	3.75	6.5	1
0.9325	0.0464	0.0211	1.3	5.5	10	1
0.0143	0.0013	0.9844	5.5	3.6	1.67	3
0.0067	0.0013	0.992	1.83	3.5	4.5	3
0.0736	0.855	0.0714	2.3	3.25	3.2	2
0.004	0.0547	0.9413	6.5	4.2	1.5	3
0.4198	0.3314	0.2488	2	3.4	3.8	1
0.0758	0.6678	0.2565	2.5	3.25	2.88	2
0.3186	0.0002	0.6812	1.83	3.5	4.5	3
0.9609	0.0287	0.0104	1.57	4	6	1
0.5129	0.4817	0.0054	1.44	4.2	8	2
0.0852	0.0007	0.9141	3.1	3.25	2.38	3
0.9966	0	0.0033	1.22	6	15	1
0.2961	0.6292	0.0746	1.4	4.5	8.5	2
0.989	0.001	0.01	2.1	3.4	3.5	1
0.5686	0.3602	0.0712	1.83	3.5	4.5	1
0.5495	0.0617	0.3888	1.67	3.6	5.5	3
0.2019	0.1918	0.6063	4	3.6	1.91	3
0.0222	0.9761	0.0018	2.75	3.2	2.63	2
0.0015	0.9977	0.0007	2.2	3.25	3.4	2
0.012	0.3241	0.6639	5	3.6	1.73	3
0.9644	0.003	0.0327	2.1	3.4	3.5	1
0.995	0.0006	0.0044	1.17	7	17	1
0.3419	0.2084	0.4497	3.5	3.4	2.1	3
0.0008	0.9986	0.0007	2.25	3.3	3.25	2
0.995	0.0021	0.0029	1.3	5	12	1
0.0045	0.0026	0.9929	6	4	1.57	3
0.4342	0.0009	0.5648	1.67	3.6	5.5	3
0.6928	0.0013	0.3059	2.4	3.3	3	1
0.5252	0.0045	0.4703	3.5	3.4	2.1	1
0.9923	0.0064	0.0013	1.53	4	6.5	1
0.1111	0.0807	0.8081	2.5	3.3	2.88	3
0.9905	0.0058	0.0037	1.33	5	10	1
0.9966	0.001	0.0023	1.22	6	15	1
0.9779	0.0087	0.0134	2.4	3.4	2.88	1
0.8393	0.1309	0.0297	2.63	3.25	2.75	1
0.4671	0.0002	0.5327	1.67	3.8	5.25	3
0.4437	0.0003	0.5561	3.75	3.5	2	1
0.0184	0.9629	0.0187	1.83	3.5	4.5	1
0.5879	0.0004	0.4117	2.4	3.3	3	1
0.459	0.0379	0.5032	2.38	3.3	3	3
0.0011	0.9892	0.0098	1.62	3.75	6	2
0.9325	0.008	0.0596	1.62	3.75	6	1
0.0004	0.9994	0.0003	1.8	3.6	4.5	2
0.0268	0.1517	0.8215	9	4.75	1.36	2
0.1274	0.0274	0.8452	2.5	3.25	2.88	3
0.1196	0.0005	0.88	4.2	3.4	1.91	3
0.5566	0.0013	0.4421	1.73	3.75	4.5	1
0.0017	0.0084	0.9899	7.5	4.33	1.44	3
0.9849	0.0045	0.0106	1.36	4.75	9	1
0.7603	0.0007	0.239	2.1	3.4	3.5	3
0.0001	0.9994	0.0006	2	3.5	3.75	2
0.0238	0.0004	0.9758	5	3.6	1.73	3
0.8034	0.1737	0.023	1.57	3.75	6.5	1
0.0495	0.0001	0.9504	5	3.6	1.73	3
0.9919	0.0018	0.0064	1.22	6	15	1
0.5364	0.0493	0.4144	2	3.5	3.75	3
0.0041	0.0027	0.9931	2.5	3.3	2.88	3
0.0657	0.4869	0.4474	7	4	1.5	2
0.048	0.8584	0.0936	2.6	3.4	2.7	2
0.2821	0.0024	0.7154	2.5	3.4	2.8	3
0.1753	0.7864	0.0383	1.3	5	12	2
0.0275	0.9719	0.0006	1.25	5.5	13	2
0.9994	0.0003	0.0003	1.14	7.5	21	1
0.1499	0.8089	0.0412	1.91	3.4	4.2	2
0.0554	0.4721	0.4725	2.4	3.25	3	2
0.2355	0.3233	0.4412	7	4.5	1.44	2
0.9071	0.0919	0.0009	1.22	6	15	2
0.0085	0.0009	0.9906	4.5	3.6	1.8	3
0.0114	0.9838	0.0048	2	3.4	3.8	2
0.8807	0.0563	0.063	1.53	4	6.5	1
0.9916	0.0083	0	1.25	5.5	13	1
0.3556	0.4293	0.2151	2.2	3.25	3.4	2
0.2407	0.4444	0.3149	1.29	5	13	3
0.7763	0.2166	0.0071	1.13	8	26	3
0.0002	0.9991	0.0007	2.6	3.25	2.75	2
0.1016	0.8754	0.023	1.67	3.6	5.5	2
0.0011	0.9966	0.0023	5.5	3.6	1.67	2
0.2054	0.4284	0.3662	6.5	4	1.53	1
0.4042	0.0591	0.5367	2.6	3.25	2.75	3
0.0063	0.1382	0.8555	1.83	3.4	4.75	3
0.0113	0.0003	0.9884	2.5	3.25	2.88	3
0.2964	0.0017	0.7019	4	3.5	1.91	1
0.0021	0.0204	0.9775	2.1	3.4	3.5	3
0.0813	0.1267	0.7921	6	4	1.57	3
0.5127	0.0347	0.4526	1.91	3.4	4.2	1
0.8856	0.0926	0.0219	1.33	5	10	1
0.4594	0.1314	0.4092	2.63	3.25	2.75	3
0.648	0.0034	0.3486	1.5	4	7	3
0.0413	0.0803	0.8784	5	3.6	1.73	1
0.3468	0.6427	0.0105	2.4	3.25	3	2
0.4961	0.0892	0.4147	3	3.3	2.38	1
0.8359	0.0014	0.1628	1.4	4.5	8.5	1
0.049	0.8198	0.1312	1.4	4.33	9	2
0.9839	0.0029	0.0132	1.14	8	17	1
0.4252	0.5729	0.002	1.25	5.5	13	2
0.2848	0.0679	0.6473	2	3.4	3.8	3
0.6298	0.3669	0.0033	1.73	3.6	5	1
0.6637	0.0063	0.33	4.75	3.5	1.8	1
0.0298	0.4888	0.4813	9	4.33	1.4	3
0.1211	0.0088	0.87	6	3.75	1.62	1
0.2073	0.6532	0.1395	1.53	4	6.5	2
0.9096	0.0027	0.0876	2	3.4	3.8	1
0.0062	0.9478	0.046	5.5	4	1.62	2
0.2331	0.0073	0.7597	2	3.4	3.8	1
0.9081	0.0527	0.0392	1.91	3.4	4.2	3
0.6763	0.288	0.0357	1.91	3.4	4.2	1
0.026	0.42	0.554	2.5	3.25	2.88	3
0.1489	0.018	0.8331	2.8	3.4	2.5	3
0.6326	0.002	0.3654	1.91	3.6	4	1
0.6986	0.0661	0.2353	4.33	3.5	1.85	1
0.9952	0.0025	0.0023	1.33	5	10	1
0.0015	0.9957	0.0028	4	3.25	2	2
0.8222	0.17	0.0078	1.22	6	15	1
0.1016	0.0872	0.8112	5	3.8	1.7	3
0.0047	0.993	0.0023	1.8	3.5	4.75	2
0.6169	0.0001	0.3829	2.63	3.3	2.7	3
0.1385	0.129	0.7325	5	3.75	1.7	2
0.4787	0.2576	0.2637	1.83	3.5	4.5	2
0.594	0.1072	0.2988	1.91	3.5	4.2	1
0.602	0.3053	0.0927	1.29	5.5	11	1
0.9535	0.0278	0.0187	1.3	5.5	10	1
0.9703	0.0015	0.0282	2	3.5	3.75	1
0.3742	0.0139	0.6119	1.91	3.6	4	3
0.4161	0.0042	0.5797	2.25	3.25	3.3	3
0.0023	0.0065	0.9911	2.1	3.3	3.6	3
0.0122	0.8269	0.161	3.5	3.4	2.1	2
0.3938	0.2836	0.3226	2.5	3.3	2.88	2
0.505	0.12	0.375	2	3.4	3.8	1
0.3072	0.5871	0.1057	2	3.4	3.8	2
0.8461	0.144	0.0099	2.38	3.3	3	1
0.2996	0.4338	0.2666	2	3.5	3.75	3
0.3028	0.5369	0.1603	3.25	3.3	2.25	1
0.9092	0.0262	0.0646	1.91	3.5	4	1
0.7578	0.0025	0.2397	1.85	3.6	4.33	1
0.2751	0.324	0.401	3.5	3.4	2.1	3
0.0099	0.0135	0.9766	1.83	3.5	4.5	3
0.5449	0.01	0.445	1.44	4.33	7.5	1
0.1505	0.2299	0.6197	5.5	3.6	1.67	3
0.0722	0.0985	0.8293	2.5	3.25	2.88	3
0.9345	0.0026	0.0629	1.29	5.5	11	1
0.9716	0.0222	0.0062	1.17	7	17	1
0.1113	0.8884	0.0003	1.57	4	6	2
0.0039	0.0012	0.9949	2.63	3.25	2.75	3
0.3432	0.0094	0.6474	2.4	3.25	3	1
0.0739	0.6058	0.3203	2.75	3.25	2.63	2
0.3393	0.3271	0.3336	2.5	3.4	2.75	1
0.007	0.0142	0.9788	6.5	4	1.53	3
0.4976	0.0018	0.5006	2.1	3.4	3.5	1
0.383	0.02	0.5969	2.38	3.4	3	2
0.0914	0.8067	0.102	2	3.5	3.75	3
0.9968	0.0003	0.003	1.13	8.5	21	1
0.1694	0.8214	0.0092	3.1	3.25	2.38	2
0.8702	0.0849	0.0449	1.83	3.5	4.5	1
0.3113	0.0047	0.684	4.2	3.4	1.91	1
0.0046	0.1703	0.8251	2.5	3.25	2.88	3
0.4919	0.5032	0.0049	1.57	3.75	6.5	1
0.3478	0.5432	0.109	2.1	3.4	3.5	2
0.0116	0.1247	0.8637	2.88	3.4	2.4	3
0.1617	0.6673	0.171	2.5	3.25	2.88	1
0.9762	0.0224	0.0014	2.5	3.25	2.88	1
0.8885	0.0987	0.0128	1.4	4.5	8.5	1
0.484	0.4184	0.0976	2.88	3.25	2.5	1
0.8227	0.0009	0.1764	3.8	3.4	2	1
0.0113	0.0015	0.9872	2.38	3.3	3	3
0.9746	0.0016	0.0238	1.29	5.5	11	1
0.0014	0.9985	0.0001	1.83	3.6	4.33	2
0.7175	0.0061	0.2763	6	3.75	1.62	1
0.953	0.019	0.028	1.44	4.33	7.5	1
0.2899	0.5547	0.1555	1.73	3.4	5.5	1
0.0185	0.0017	0.9798	1.83	3.5	4.5	3
0.2712	0.5605	0.1683	2.75	3.3	2.6	2
0.6934	0.001	0.3056	1.8	3.6	4.5	1
0.0037	0.0001	0.9962	9	5	1.33	3
0.2695	0.1715	0.559	2.4	3.4	2.88	1
0.0137	0.1365	0.8498	3	3.4	2.3	3
0.9207	0.0031	0.0762	1.91	3.6	4	1
0.3944	0.0022	0.6034	5	3.6	1.73	1
0.4286	0.3011	0.2702	1.4	4.5	8.5	2
0.8423	0.0337	0.124	1.33	5	10	1
0.2717	0.1576	0.5707	2.4	3.4	2.9	1
0.2391	0.7458	0.015	1.83	3.6	4.33	2
0.3295	0.4311	0.2393	1.29	5.5	11	3
0.386	0.6129	0.0011	1.73	3.75	4.75	1
0.1641	0.3063	0.5295	6	3.75	1.62	2
0.9988	0.0004	0.0008	2	3.4	3.8	1
0.0439	0.1987	0.7574	2.2	3.25	3.4	3
0.2126	0.0004	0.787	2.3	3.4	3.1	3
0.9954	0.0003	0.0044	1.22	6	15	1
0.1911	0.6173	0.1916	4.5	3.5	1.83	3
0.715	0.0048	0.2802	1.83	3.5	4.5	1
0.8063	0.139	0.0547	1.7	3.75	5	1
0.6794	0.2527	0.068	1.22	6.5	12	2
0.2478	0.0169	0.7353	5.5	4.2	1.57	1
0.0588	0.9271	0.014	2.63	3.25	2.75	1
0.0077	0.0001	0.9922	2.3	3.4	3.1	3
0.8282	0.005	0.1668	2.88	3.4	2.4	1
0.8186	0.1003	0.0811	1.4	4.5	8.5	1
0.0216	0.1324	0.846	9	4.75	1.36	3
0.3666	0.0241	0.6093	2.4	3.4	2.88	3
0.0072	0.0375	0.9553	2.6	3.3	2.75	3
0.6239	0.2313	0.1448	1.25	6	12	1
0.0729	0.8584	0.0687	1.44	4.33	7.5	2
0.001	0.9981	0.0009	3	3.3	2.4	2
0.8537	0.1366	0.0097	1.57	4	6	1
0.3206	0.4875	0.1919	3.3	3.4	2.2	2
0.6281	0.0021	0.3698	1.91	3.6	4	1
0.8206	0.0027	0.1767	2.4	3.4	2.88	1
0.9987	0.0002	0.0011	1.17	7.5	15	1
0.0309	0.8061	0.1629	2.2	3.3	3.4	2
0.9776	0.0152	0.0073	1.83	3.5	4.5	1
0.1407	0.3661	0.4932	3.5	3.4	2.1	2
0.9744	0.0112	0.0144	1.53	4.2	6	1
0.4189	0.0013	0.5798	1.29	5.5	11	3
0.306	0.0683	0.6257	3.5	3.4	2.1	3
0.8538	0.1203	0.0259	1.25	5.5	13	1
0.819	0.1535	0.0275	2.1	3.4	3.5	1
0.0859	0.0027	0.9113	9	4.75	1.36	1
0.0019	0.0001	0.998	7	4.5	1.44	3
0.0998	0.0602	0.84	6	4.2	1.53	3
0.2596	0.6558	0.0845	1.5	4.2	6.5	2
0.4711	0.0001	0.5288	1.91	3.5	4	1
0.9717	0.007	0.0213	2.1	3.4	3.5	1
0.9689	0.0235	0.0076	1.22	6.5	13	1
0.6458	0.0112	0.343	1.25	6	12	3
0.5712	0.0093	0.4195	2	3.6	3.6	2
0.0538	0.8659	0.0804	2.3	3.3	3.2	2
0.8189	0.1387	0.0423	2.1	3.4	3.5	1
0.0573	0.1767	0.7659	2.2	3.3	3.4	2
0.4715	0.484	0.0445	1.91	3.6	4	1
0.7614	0.1899	0.0487	1.67	3.75	5.5	1
0.7798	0.0769	0.1433	4	3.6	1.91	1
0.2354	0.0142	0.7504	1.44	4.33	7.5	3
0.1546	0.8297	0.0157	1.3	5	11	2
0.0082	0.0002	0.9916	12	6.5	1.22	3
0.4645	0.2552	0.2804	1.91	3.5	4	3
0.7891	0.0002	0.2107	1.83	3.5	4.5	1
0.0551	0.0318	0.9131	3.8	3.4	2	3
0.4214	0.0066	0.572	4.33	3.6	1.83	2
0.6697	0.1292	0.2011	2	3.5	3.75	2
0.0208	0.9774	0.0019	1.53	4	6.5	2
0.4983	0.4166	0.0851	2.1	3.4	3.5	2
0.422	0.0096	0.5684	2.8	3.4	2.5	1
0.5151	0.0375	0.4473	1.4	4.5	8.5	1
0.6827	0.0027	0.3146	1.36	5	8	1
0.4069	0.0055	0.5876	2.1	3.5	3.4	1
0.292	0.0066	0.7014	1.62	4	5.5	3
0.0153	0.9747	0.01	2.75	3.25	2.6	2
0.2776	0.3173	0.4051	4	3.6	1.91	3
0.4138	0.0791	0.5071	1.5	4.33	6.5	3
0.4576	0.5054	0.0371	1.22	6.5	12	2
0.0352	0.92	0.0448	4.2	3.75	1.83	2
0.1011	0.853	0.0459	2	3.5	3.75	2
0.5353	0.439	0.0256	1.83	3.6	4.33	1
0.9929	0.0058	0.0012	1.17	7	17	1
0.1889	0.0073	0.8037	5	4	1.67	3
0.9978	0.0015	0.0007	1.83	3.75	4.2	1
0.0003	0.9195	0.0802	5	3.75	1.7	2
0.2743	0.0004	0.7253	2.4	3.5	2.88	3
0.4157	0.2947	0.2896	2.1	3.5	3.4	1
0.9918	0.0074	0.0007	1.3	5.5	10	1
0.542	0.0063	0.4517	2.2	3.5	3.2	1
0.9944	0.0022	0.0034	1.13	9	19	1
0.6107	0.0926	0.2966	2.2	3.4	3.25	1
0.0344	0.9354	0.0301	2.38	3.5	2.88	2
0.0088	0.0266	0.9646	7	4.5	1.44	3
0.7446	0.1636	0.0918	3.4	3.5	2.1	1
0.6962	0.0222	0.2816	1.4	4.5	8.5	1
0.2586	0.071	0.6704	5	4	1.67	3
0.9656	0.0308	0.0036	1.57	4	6	1
0.0174	0.98	0.0026	1.4	4.5	8.5	2
0.9098	0.0871	0.0031	1.8	3.6	4.5	1
0.6158	0.0063	0.3779	2.5	3.4	2.75	1
0.5474	0.0108	0.4417	2	3.4	3.8	3
0.0037	0.9953	0.001	2.38	3.25	3.1	2
0.6811	0.0039	0.315	4.2	3.5	1.91	1
0.1078	0.459	0.4332	2.2	3.3	3.4	1
0.9964	0.0034	0.0002	1.17	7	17	1
0.3666	0.0237	0.6097	6	3.75	1.62	3
0.572	0.0063	0.4218	4.33	3.6	1.83	1
0.9965	0.0032	0.0003	1.25	5.5	13	1
0.0004	0.9993	0.0003	2.9	3.4	2.4	3
0.75	0.0222	0.2278	1.5	4.33	6.5	1
0.6015	0.002	0.3966	1.29	5.5	11	1
0.3707	0.5624	0.067	2.25	3.4	3.2	2
0.0018	0.0002	0.998	2.1	3.4	3.5	3
0.9992	0.0005	0.0003	2.1	3.3	3.6	1
0.3348	0.3813	0.2839	1.5	4.33	6.5	2
0.1853	0.6443	0.1704	3.1	3.4	2.3	2
0.0735	0.8805	0.046	3.5	3.4	2.1	2
0.9989	0.0005	0.0006	1.18	7	15	1
0.0035	0.9953	0.0012	2.2	3.3	3.4	2
0.2681	0.5789	0.153	1.36	5	8.5	2
0.3921	0.2499	0.3579	3	3.3	2.38	1
0.4635	0.0337	0.5028	2.5	3.25	2.88	1
0.206	0.7917	0.0023	2.25	3.25	3.3	2
0.0355	0.3718	0.5927	2	3.5	3.75	3
0.749	0.2379	0.013	1.62	3.75	6	2
0.0023	0.0002	0.9976	6	4.2	1.53	3
0.9938	0.0053	0.0008	1.36	5	8.5	1
0.2554	0.518	0.2266	2.38	3.25	3.1	1
0.3725	0.3967	0.2308	2.1	3.4	3.5	1
0.7724	0.0006	0.227	1.25	6	12	1
0.0016	0.9758	0.0226	2.38	3.4	3	2
0.175	0.5191	0.3059	4.5	3.5	1.83	2
0.0018	0.9915	0.0067	5	3.6	1.73	2
0.4166	0.4793	0.104	3.4	3.3	2.2	2
0.0565	0.0474	0.8961	3.75	3.5	2	3
0.76	0.1751	0.0649	1.73	3.6	5	2
0.9713	0.0268	0.0019	1.36	4.75	9	1
0.9696	0.006	0.0244	2.4	3.3	3	1
0.0087	0.2598	0.7314	3	3.3	2.4	3
0.9954	0.0045	0	1.73	3.75	4.75	1
0.1096	0.7891	0.1013	2.1	3.3	3.6	2
0.0755	0.1272	0.7972	2.4	3.3	3	3
0.1634	0.0045	0.8321	2.7	3.3	2.63	3
0.1783	0.6648	0.1569	1.75	3.6	4.75	2
0.9479	0.0418	0.0104	1.8	3.6	4.5	1
0.9579	0.0318	0.0103	1.44	4.33	7.5	1
0.1912	0.602	0.2068	2.1	3.4	3.5	3
0.9964	0.0027	0.0009	1.4	4.75	8	1
0.2945	0.1356	0.5699	4.33	3.6	1.83	3
0.4831	0.2439	0.273	1.57	4	6	3
0.0174	0.3315	0.6511	4.75	3.75	1.73	3
0.2922	0.4239	0.2839	2.88	3.3	2.5	2
0.8038	0.0791	0.1171	1.91	3.4	4.2	1
0.7207	0.052	0.2273	2	3.4	3.8	1
0.1815	0.7278	0.0907	2.4	3.3	3	2
0.0024	0.0046	0.993	2.05	3.4	3.75	3
0.9699	0.0289	0.0012	1.22	6.5	12	1
0.7379	0.2595	0.0026	1.29	5.5	11	1
0.0014	0.9966	0.0021	1.91	3.6	4	2
0.9878	0.0118	0.0004	1.83	3.75	4.2	1
0.0301	0.2169	0.753	4	3.6	1.91	3
0.1002	0.5848	0.315	4.2	3.4	1.91	2
0.015	0.9494	0.0357	1.44	4.33	7.5	2
0.056	0.0711	0.8729	4.2	3.75	1.83	3
0.0054	0.9912	0.0034	2.75	3.3	2.6	2
0.7783	0.2161	0.0056	1.44	4.33	7.5	1
0.9313	0.0312	0.0376	1.8	3.6	4.5	1
0.8121	0.0356	0.1523	1.33	5	10	1
0.9901	0.0088	0.0011	1.29	5.5	11	1
0.2973	0.5276	0.175	6	4.2	1.53	1
0.9365	0.0419	0.0215	2.1	3.4	3.5	1
0.0435	0.8035	0.1531	2.5	3.4	2.75	3
0.3468	0.0187	0.6345	5	3.75	1.7	3
0.9984	0.0009	0.0007	1.83	3.75	4.2	1
0.1119	0.8495	0.0387	3.25	3.4	2.2	2
0.0057	0.9877	0.0067	2.5	3.3	2.88	2
0.7778	0.0995	0.1227	1.36	5	8.5	1
0.0499	0.9188	0.0313	2	3.5	3.75	2
0.9841	0.0013	0.0146	1.22	6	15	1
0.1954	0.6277	0.1769	2.75	3.4	2.5	2
0.0031	0.9954	0.0015	1.95	3.3	4.2	2
0.3174	0.1319	0.5507	2.25	3.4	3.2	1
0.5292	0.0009	0.4699	2.4	3.4	2.9	3
0.2554	0.5788	0.1658	2.6	3.3	2.75	2
0.396	0.3125	0.2916	2	3.5	3.75	1
0.0023	0.0061	0.9916	4.2	3.75	1.83	3
0.3239	0.0109	0.6652	2.75	3.4	2.5	2
0.8505	0.0013	0.1482	1.7	3.8	5	1
0.2734	0.4718	0.2548	2.6	3.3	2.75	1
0.3817	0.3194	0.2989	2.1	3.3	3.6	3
0.0006	0.9765	0.0229	4.5	3.6	1.8	2
0.4366	0.0154	0.548	1.5	4.33	6.5	3
0.0256	0.8989	0.0755	5	3.8	1.7	2
0.1315	0.6977	0.1708	1.57	4	6	2
0.0007	0.9948	0.0046	1.8	3.6	4.5	2
0.9995	0.0001	0.0004	1.73	3.75	4.75	1
0.2648	0.4735	0.2618	1.53	4.2	6	2
0.003	0.0221	0.975	7	4.5	1.44	3
0.6446	0.3531	0.0022	1.44	4.2	8	1
0.0001	0.9989	0.001	2.25	3.4	3.2	2
0.0007	0.9951	0.0042	2.38	3.5	2.88	2
0.8785	0.0036	0.1179	1.91	3.4	4.2	1
0.2497	0.4343	0.316	2.3	3.4	3.1	3
0.3285	0.3607	0.3107	1.95	3.5	4	2
0.7668	0.0066	0.2266	1.57	4	6	1
0.3967	0.2152	0.3881	1.95	3.6	3.8	3
0.4383	0.0876	0.4742	1.91	3.75	3.8	1
0.5999	0.2825	0.1176	1.44	4.33	7.5	1
0.9817	0.012	0.0063	1.2	6.5	15	1
0.4305	0.0423	0.5272	1.91	3.6	4	3
0.3597	0.0011	0.6392	7	4.5	1.44	1
0.0078	0.0061	0.9861	1.91	3.6	4	3
0.1437	0.7452	0.1111	4.33	3.6	1.83	1
0.4315	0.0037	0.5647	3.75	3.5	2	1
0.2686	0.4638	0.2675	1.67	3.75	5.25	3
0.1593	0.7208	0.1199	2	3.4	3.8	2
0.1407	0.3468	0.5125	4.75	3.75	1.73	2
0.0003	0.9996	0.0001	1.44	4.33	7.5	2
0.9998	0	0.0002	1.17	7.5	15	1
0.3119	0.5965	0.0916	2.2	3.3	3.4	1
0.2011	0.1763	0.6226	2.5	3.3	2.88	3
0.3282	0.3246	0.3472	1.83	3.6	4.33	1
0.1972	0.5924	0.2104	2.5	3.5	2.7	2
0.4193	0.5702	0.0105	2.3	3.5	3	1
0.0017	0.9982	0.0001	3.4	3.5	2.1	2
0.7122	0.0048	0.283	1.67	3.75	5.5	1
0.4744	0.3492	0.1764	1.95	3.4	4	1
0.3813	0.4758	0.1429	2.25	3.25	3.3	2
0.0025	0.9972	0.0002	1.44	4.5	7	2
0.0791	0.7165	0.2045	2.5	3.4	2.75	2
0.9563	0	0.0437	1.22	6.5	12	1
0.0003	0.9996	0.0001	2	3.4	3.8	2
0.5937	0.3875	0.0188	1.91	3.4	4.2	1
0.7789	0.0295	0.1916	2.3	3.4	3.1	1
0.5237	0.0109	0.4654	2.4	3.4	2.88	1
0.0295	0.1435	0.827	6	4.2	1.53	3
0.4107	0.0324	0.5569	1.44	4.5	7	3
0.0088	0.0074	0.9839	2.88	3.3	2.5	3
0.9963	0.0022	0.0014	1.4	4.5	8.5	1
0.6175	0.2251	0.1573	1.5	4	7	2
0.0013	0.991	0.0076	1.95	3.5	4	2
0.0031	0.0448	0.952	7.5	4.75	1.4	3
0.2686	0.0097	0.7217	2.1	3.25	3.75	3
0.1556	0.2725	0.5719	4	3.5	1.91	1
0.992	0.0007	0.0072	2.1	3.3	3.6	1
0.4371	0.0009	0.562	2	3.4	3.75	1
0.3824	0.0469	0.5707	1.5	4.33	6.5	1
0.0039	0.981	0.0152	2.4	3.2	3.1	2
0.9731	0.0242	0.0026	1.91	3.6	4	1
0.0343	0.0107	0.9549	4.75	3.5	1.8	3
0.0104	0.5277	0.4619	1.8	3.6	4.5	3
0.2353	0.5718	0.1929	2.3	3.4	3.1	2
0.6024	0.2521	0.1455	2	3.5	3.75	1
0.2448	0.0035	0.7517	2.2	3.5	3.2	3
0.2101	0.4954	0.2945	3	3.3	2.38	3
0.5198	0.2225	0.2577	1.91	3.6	4	1
0.6766	0.0173	0.3061	2	3.5	3.75	1
0.3681	0.1861	0.4458	1.36	4.75	9	3
0.9988	0.001	0.0002	1.2	6.5	15	1
0.0073	0.0013	0.9915	5.5	3.75	1.67	3
0.9673	0.0317	0.001	2.2	3.4	3.25	1
0.1402	0.6348	0.2249	2.4	3.4	2.88	1
0.0114	0.9866	0.0021	3.1	3.2	2.4	2
0.893	0.0389	0.0681	1.62	4	5.5	1
0.1897	0.45	0.3603	2	3.5	3.75	2
0.0069	0.1967	0.7964	5.5	4	1.62	3
0.6235	0.3261	0.0503	1.53	4	6.5	1
0.9912	0.0008	0.008	1.14	8	19	1
0.9142	0.0724	0.0134	2.1	3.4	3.5	1
0.0272	0.0027	0.9701	2	3.5	3.75	3
0.1705	0.5795	0.2501	1.62	3.75	6	2
0.3389	0.2615	0.3996	1.91	3.6	4	1
0.0276	0.7804	0.192	2.88	3.25	2.5	3
0.15	0.2302	0.6198	4.75	3.75	1.73	3
0.2777	0.3848	0.3374	1.33	5.5	8.5	1
0.0057	0.5139	0.4805	5	4	1.67	2
0.2039	0.1424	0.6537	3.75	3.5	2	3
0.9425	0.054	0.0035	1.44	4.5	7	1
0.0006	0.9969	0.0025	1.85	3.6	4.2	2
0.9962	0.0019	0.0019	1.22	6.5	13	1
0.1426	0.001	0.8565	6	3.75	1.62	3
0.0028	0.0069	0.9903	2.2	3.4	3.25	3
0.0016	0.9973	0.0011	2.9	3.4	2.38	2
0.4778	0.4673	0.055	3.4	3.2	2.25	1
0.3357	0.2021	0.4622	6.5	4	1.53	1
0.867	0.1232	0.0098	1.44	4.5	7	1
0.849	0.0525	0.0985	2.4	3.25	3	3
0.0015	0.0055	0.993	2.1	3.4	3.5	3
0.9984	0.0001	0.0015	1.3	5.5	10	1
0.031	0.0002	0.9688	6	4	1.57	3
0.6718	0.0983	0.2298	2.88	3.25	2.5	1
0.0014	0.9979	0.0007	1.8	3.5	4.75	2
0.2387	0.0351	0.7262	3.5	3.4	2.1	3
0.5099	0.1895	0.3007	2.88	3.3	2.5	3
0.2607	0.0106	0.7287	4	3.5	1.91	3
0.1458	0.7353	0.1189	1.29	5.5	11	1
0.0163	0.953	0.0307	5	3.75	1.7	2
0.0472	0.9116	0.0412	1.57	4	6	2
0.9961	0.0005	0.0035	1.33	5	10	1
0.3444	0.2108	0.4448	2	3.5	3.75	3
0.5311	0.4273	0.0416	2.1	3.4	3.5	1
0.0053	0.0075	0.9872	6	4.2	1.53	3
0.1668	0.6079	0.2253	1.2	6.5	15	3
0.7944	0.0032	0.2024	1.4	4.5	8.5	1
0.3642	0.0105	0.6253	3	3.4	2.38	3
0.0053	0.1348	0.86	2.55	3.5	2.9	3
0.7619	0.1864	0.0517	1.57	4.2	6.5	2
0.6299	0.3373	0.0328	2.05	3.5	4	2
0.443	0.2469	0.3101	2.2	3.6	3.4	2
0.2157	0.3137	0.4706	4.5	3.8	1.85	2
0.5203	0.0006	0.4791	3	3.4	2.5	1
0.0239	0.0152	0.9609	4.33	3.5	1.95	3
0.8765	0.0149	0.1086	2.38	3.3	3.3	1
0.3943	0.001	0.6047	2.63	3.5	2.8	3
0.9651	0.0003	0.0346	1.91	3.8	4.2	1
0.0004	0.9994	0.0002	1.25	6.5	15	2
0.9455	0.0377	0.0168	1.33	5.5	10.5	1
0.8332	0.16	0.0067	1.25	6.5	14	1
0.2196	0.0005	0.7799	1.75	4	5	3
0.4707	0.1675	0.3618	2.2	3.4	3.6	1
0.0542	0.8249	0.1209	1.75	4	5	2
0.2973	0.7015	0.0012	2.1	3.5	3.75	2
0.1447	0.0181	0.8372	2.15	3.4	3.8	3
0.3608	0.3659	0.2733	1.91	3.6	4	1
0.0183	0.9208	0.0609	2.9	3.6	2.5	2
0.0017	0.9715	0.0268	3.6	3.5	2.05	2
0.9925	0.0065	0.001	1.44	4.75	8	1
0.3254	0.2698	0.4048	2.9	3.4	2.6	3
0.0155	0.1924	0.792	7.5	4.5	1.5	2
0.0018	0.9948	0.0034	2.2	3.3	3.75	2
0.1061	0.8775	0.0165	2.5	3.4	3	2
0.4136	0.379	0.2074	2.4	3.5	3.1	2
0.9831	0.0042	0.0127	1.6	4.1	6.5	1
0.3158	0.248	0.4362	2.2	3.5	3.5	1
0.9978	0.0018	0.0004	1.25	6.5	14	1
0.1659	0.6801	0.154	4.75	3.75	1.83	2
0.0022	0.3741	0.6236	7.5	4.5	1.5	2
0.7873	0.2077	0.005	1.44	4.5	9	1
0.0071	0.9919	0.001	1.4	5	9	2
0.0845	0.2638	0.6518	5.5	4.2	1.65	3
0.1665	0.0076	0.8259	4	3.6	2	1
0.0057	0.6852	0.309	1.95	3.6	4.33	2
0.5806	0.0015	0.4179	2.5	3.4	3	1
0.3117	0.2965	0.3918	2.4	3.4	3.2	1
0.1266	0.8566	0.0168	2.2	3.5	3.5	2
0.3222	0.5559	0.1219	1.83	3.9	4.5	2
0.0998	0.474	0.4262	3.6	3.4	2.2	3
0.8925	0.1041	0.0033	1.36	5.5	9.5	1
0.0031	0.6708	0.3261	2.3	3.4	3.4	2
0.4221	0.0596	0.5183	5.75	4	1.67	1
0.8727	0.1054	0.0219	1.91	3.5	4.6	1
0.1072	0.4192	0.4737	4.5	3.6	1.91	3
0.4092	0.3865	0.2043	1.83	3.75	4.75	1
0.8333	0.1466	0.0202	1.67	4	5.75	1
0.9154	0.0018	0.0828	2.63	3.4	2.88	1
0.7742	0.0219	0.204	1.75	3.9	5	1
0.5196	0.0001	0.4803	1.4	5	9	3
0.4583	0.1904	0.3513	1.57	4.4	6	1
0.4975	0.5013	0.0012	1.33	5.5	11	1
0.8418	0.0407	0.1175	2.2	3.3	3.75	1
0.1301	0.8592	0.0106	3.8	3.5	2.1	1
0.0022	0.1012	0.8966	7	4.33	1.53	3
0.4286	0.2313	0.3401	2.63	3.4	2.88	3
0.6813	0.0055	0.3133	2.05	3.5	4	1
0.6439	0.0624	0.2937	1.95	3.6	4.33	1
0.4404	0.0032	0.5565	2.2	3.5	3.2	1
0.0189	0.1002	0.8809	3.6	3.5	2.15	3
0.967	0.0006	0.0325	1.4	5	9	1
0.5048	0.0091	0.4861	1.38	5	10	1
0.9949	0.0004	0.0047	1.33	5.5	11	1
0.3741	0.0149	0.6111	1.85	3.8	4.5	3
0.3303	0.0285	0.6413	2.15	3.25	4	3
0.1104	0.7184	0.1712	2.4	3.3	3.3	2
0.8577	0.1216	0.0208	2.1	3.6	3.75	1
0.1038	0.3396	0.5566	4.5	3.75	1.85	3
0.4802	0.3261	0.1938	2.3	3.6	3.25	1
0.0592	0.0005	0.9403	7.5	4.5	1.44	3
0.0001	0.9997	0.0001	2.5	3.4	3	2
0.6137	0.0368	0.3495	2.25	3.4	3.5	1
0.1299	0.2812	0.5889	2.45	3.4	3.1	3
0.1487	0.098	0.7533	2.45	3.3	3.2	1
0.4739	0.0081	0.518	1.95	3.8	4	1
0.9612	0.0011	0.0377	1.83	3.7	4.8	1
0.7076	0.2795	0.0128	2.3	3.4	3.4	1
0.5493	0.1649	0.2859	3.9	3.6	2.05	1
0.9959	0.0023	0.0018	1.17	9	19	1
0.3322	0.2922	0.3756	4.2	3.8	1.91	1
